# stan_version_major = 2
# stan_version_minor = 38
# stan_version_patch = 0
# model = survival_model
# start_datetime = 2026-03-12 11:43:35 UTC
# method = sample (Default)
#   sample
#     num_samples = 2000
#     num_warmup = 1000 (Default)
#     save_warmup = false (Default)
#     thin = 1 (Default)
#     adapt
#       engaged = true (Default)
#       gamma = 0.05 (Default)
#       delta = 0.8 (Default)
#       kappa = 0.75 (Default)
#       t0 = 10 (Default)
#       init_buffer = 75 (Default)
#       term_buffer = 50 (Default)
#       window = 25 (Default)
#       save_metric = false (Default)
#     algorithm = hmc (Default)
#       hmc
#         engine = nuts (Default)
#           nuts
#             max_depth = 10 (Default)
#         metric = dense_e
#         metric_file =  (Default)
#         stepsize = 1 (Default)
#         stepsize_jitter = 0 (Default)
#     num_chains = 1 (Default)
# id = 1 (Default)
# data
#   file = /Users/dansprague/Documents/PhaseSkate/benchmarks/scaling/data/data_H50.json
# init = 2 (Default)
# random
#   seed = 43
# output
#   file = /Users/dansprague/Documents/PhaseSkate/benchmarks/scaling/stan_output/output_H50_chain2.csv
#   diagnostic_file =  (Default)
#   refresh = 100 (Default)
#   sig_figs = 8 (Default)
#   profile_file = profile.csv (Default)
#   save_cmdstan_config = false (Default)
# num_threads = 1 (Default)
# stanc_version = stanc3 v2.38.0
# stancflags = 
lp__,accept_stat__,stepsize__,treedepth__,n_leapfrog__,divergent__,energy__,log_alpha,beta_0,beta.1,beta.2,beta.3,beta.4,beta.5,beta.6,beta.7,beta.8,log_sigma_int,log_sigma_slope,rho,z_int.1,z_int.2,z_int.3,z_int.4,z_int.5,z_int.6,z_int.7,z_int.8,z_int.9,z_int.10,z_int.11,z_int.12,z_int.13,z_int.14,z_int.15,z_int.16,z_int.17,z_int.18,z_int.19,z_int.20,z_int.21,z_int.22,z_int.23,z_int.24,z_int.25,z_int.26,z_int.27,z_int.28,z_int.29,z_int.30,z_int.31,z_int.32,z_int.33,z_int.34,z_int.35,z_int.36,z_int.37,z_int.38,z_int.39,z_int.40,z_int.41,z_int.42,z_int.43,z_int.44,z_int.45,z_int.46,z_int.47,z_int.48,z_int.49,z_int.50,z_slope.1,z_slope.2,z_slope.3,z_slope.4,z_slope.5,z_slope.6,z_slope.7,z_slope.8,z_slope.9,z_slope.10,z_slope.11,z_slope.12,z_slope.13,z_slope.14,z_slope.15,z_slope.16,z_slope.17,z_slope.18,z_slope.19,z_slope.20,z_slope.21,z_slope.22,z_slope.23,z_slope.24,z_slope.25,z_slope.26,z_slope.27,z_slope.28,z_slope.29,z_slope.30,z_slope.31,z_slope.32,z_slope.33,z_slope.34,z_slope.35,z_slope.36,z_slope.37,z_slope.38,z_slope.39,z_slope.40,z_slope.41,z_slope.42,z_slope.43,z_slope.44,z_slope.45,z_slope.46,z_slope.47,z_slope.48,z_slope.49,z_slope.50
# Adaptation terminated
# Step size = 0.274709
# Elements of inverse mass matrix:
# 0.000574601, -0.000171085, -3.17202e-05, 4.16757e-05, -3.72237e-05, -3.55058e-05, -2.90336e-05, 4.64004e-05, -4.87192e-05, 1.88396e-05, -0.000143437, 7.70606e-05, 0.000231265, -0.000426843, -4.57169e-05, 0.000125743, 0.000759482, 0.000550044, -0.000406929, 9.67785e-05, 0.000394108, -0.000403363, 0.000294499, -0.000415889, 0.000255795, 0.000275393, 0.000817887, -0.000517921, 0.000792947, 0.000214395, 0.000337055, 0.00057193, 5.52235e-05, -0.000124299, 0.000274023, 0.000333645, -0.000154531, -0.000559822, -5.95622e-05, 0.000228582, 0.000668828, 0.000517897, 0.000519506, 5.96954e-05, 8.52372e-05, 1.4206e-05, -0.000288741, 0.000828336, -7.59557e-05, 0.000280515, 0.000136789, -0.000309629, -2.02324e-05, 0.00105199, 0.000467473, -0.000698694, -0.000158266, 0.000782041, 0.000268942, 0.00035855, -0.000107323, 0.000344062, -0.000398427, 0.00103062, -0.000423248, 0.000894704, -9.46435e-05, -0.00103775, 0.000701779, 0.00126969, -0.000802306, 0.000294808, 0.00034419, 0.00186878, -0.000928864, -0.000398741, -0.000309061, 0.00059271, -0.000417802, 0.000565694, -0.000559441, -0.001423, 0.000321431, 0.00137644, -0.000512606, -0.000136758, -0.00136016, 0.000251746, -0.00117517, 0.000204648, -0.00211288, -0.00121325, -0.00102542, 0.00151449, -9.91089e-05, -0.000642956, 0.000689341, -0.000995296, 0.000156561, -0.000856667, -0.000625499, 0.000968034, 0.00206259, -0.0019553, -0.00180008, 0.000430221, 0.000792764, 0.000458684, -0.000186483, -0.000531041, 0.000558935, 0.000181027, 0.000404815
# -0.000171085, 0.00841139, 0.000145608, -0.000295874, 7.86888e-05, 2.78513e-05, 6.46904e-05, -2.49756e-05, -7.49914e-05, -0.000179619, -0.000347288, 0.000626347, -0.00266643, -0.012682, -0.0135554, -0.0114086, -0.0110146, -0.0144004, -0.0111814, -0.0130461, -0.0128187, -0.0126644, -0.0130393, -0.0125513, -0.0106578, -0.0120144, -0.0122667, -0.0105871, -0.0103011, -0.0115109, -0.0107009, -0.0131232, -0.0121207, -0.0146552, -0.0140976, -0.0102196, -0.0111563, -0.0106829, -0.0130617, -0.0123789, -0.0128939, -0.0133876, -0.0117684, -0.0131163, -0.0134018, -0.00949506, -0.0127792, -0.0103267, -0.0122187, -0.0125896, -0.0117494, -0.0108202, -0.0102422, -0.0134174, -0.0135179, -0.0108479, -0.00969938, -0.0134288, -0.0139377, -0.0120696, -0.0111714, -0.011795, -0.0144709, 0.00277193, 0.000963601, 0.000949493, -0.000867283, 0.000674355, -0.00352337, -0.00268229, 0.00160998, -0.000522755, 0.00468824, -0.00504807, -0.00405373, 2.70047e-05, -0.00128528, -0.00786278, -0.000206424, 0.000133016, -0.00538595, 0.00831978, -0.00279282, 0.00169839, 0.00321156, -0.0018224, -0.00792193, -0.00135012, 0.00779894, 0.00418118, 0.00763153, 0.0057007, 0.00286949, 0.00525034, 0.00115945, 0.00204962, 0.00211861, -0.000256129, -0.00198377, 0.000629428, 4.79125e-07, -0.00482964, -0.00523593, 0.0047839, 0.00868763, 0.00117093, -0.00330278, 0.00148481, 0.00286242, -0.00182451, -0.00281859, -0.00344214, 0.00325971
# -3.17202e-05, 0.000145608, 0.000418294, -1.65486e-05, -3.60178e-05, 2.13204e-05, 1.80642e-05, 1.57401e-05, 2.56912e-05, -1.79858e-05, -3.79385e-05, 0.000128141, 0.000588886, -0.000132848, -7.89596e-05, 3.06252e-05, 1.22353e-05, -0.000513599, -0.00079055, 0.000163355, -0.000323089, -0.000388596, -0.000297874, -0.000303262, -0.000210491, 3.10594e-05, 2.14438e-05, 0.000509079, 0.000442871, -7.05437e-05, 0.000286392, -0.000470113, 0.000143093, 7.11593e-05, -0.00012846, -0.00041494, 0.000130035, -0.000268873, 0.000192176, 0.0002976, -0.000255461, 2.59349e-05, -0.00029259, -0.000455741, -0.000308439, 0.000614941, -0.000307496, -1.6038e-05, -0.000205451, -2.53424e-05, -0.000294762, 0.000153731, -6.03004e-05, -0.000343296, -8.33079e-05, 0.000664883, -0.000401476, -6.05797e-05, -0.000380311, 4.62151e-05, -0.000223139, 0.000152834, 0.000166566, 0.000954333, -0.000497416, 4.21067e-05, -0.000768636, 5.60316e-05, 0.000590985, -0.000865241, 0.000378307, 0.000634359, -0.000855871, 0.000205504, -0.000162735, 0.000206245, -7.18038e-05, 0.000959222, -0.000587664, -0.00148168, -0.000711264, -0.000143518, -0.00143798, 0.00124354, 0.00115693, 0.000765018, -0.00086633, -0.000187735, -0.00104679, 0.000995735, -0.00046235, -0.000286742, -1.73494e-07, -0.00126695, 0.000469297, -0.00107753, 0.000765698, -3.53158e-05, -0.000504576, 0.000780706, 0.00069473, 0.00033804, 0.000328999, -0.000340966, -0.00145994, -0.00154454, 0.00141045, 0.00123511, 0.000428191, -0.000292984, 0.000576184, -0.000173866, -0.000780514
# 4.16757e-05, -0.000295874, -1.65486e-05, 0.00043401, -2.06944e-05, -4.42373e-05, 3.28855e-05, 6.02562e-05, -1.5086e-05, -4.98624e-06, -0.000194056, -0.000250249, -1.04696e-05, -0.000145248, 0.000673945, 6.18652e-05, 5.163e-05, -5.15445e-05, 0.000230337, -0.000118182, 0.000352716, 0.000466019, 0.000346265, 4.94937e-05, -0.000141594, 0.000414943, 0.000625178, 0.000704366, 0.000574469, 0.000247307, -0.000429434, 0.000712197, -1.81464e-06, 4.38611e-05, 9.18635e-05, 0.000472331, 0.00043523, -1.63079e-06, 0.000780089, 0.000184166, 2.65164e-05, 0.000240469, 0.000665725, 0.000476029, 0.000575644, -0.000356965, -0.000227519, -0.000441822, 0.000449629, 0.000376933, 0.000279483, 0.000432976, 0.000110827, 0.000893196, 0.000220141, -0.00023244, 0.000111435, 0.00070816, 0.00014344, 0.000148827, -0.000262734, 2.95724e-05, 0.000559276, 0.000150216, -0.000249647, 0.000325279, 0.00123383, 3.22518e-05, 0.000235452, 5.03047e-05, 0.000415924, -0.00204454, -0.000112297, 0.000239005, 0.000839631, 0.000588459, -0.00164309, -0.000382256, -0.00111986, 0.00117274, 0.00174071, -0.00057961, -0.000298134, 4.42451e-05, 0.000219328, -0.000275326, 0.00199345, 0.00127069, 0.00052648, -0.000598287, 0.000614711, -8.31617e-07, -0.000858048, -0.00100812, 0.000625375, 0.000738458, -1.65806e-05, 0.00114479, -0.00134136, -0.000118715, 0.000452585, -0.000349383, 0.000383064, -0.000767498, -0.000353509, 0.000697507, -0.000365376, -0.000918865, 0.000421873, 0.000612635, 0.00124201, 0.000560859, 0.000666293
# -3.72237e-05, 7.86888e-05, -3.60178e-05, -2.06944e-05, 0.000420549, 1.33358e-06, 6.54276e-06, -3.59154e-05, 1.977e-05, -5.14785e-05, -3.29604e-05, -1.16708e-05, -7.17429e-05, -0.0002948, 0.000482965, -0.000254104, -0.00014616, -0.000201238, 0.00031338, -9.71546e-05, -0.000280285, 4.07565e-05, -0.000185691, -0.000284191, 0.000852563, -0.000168325, -0.000127888, 3.91429e-05, -0.000371351, -4.09519e-06, -1.7868e-05, 2.97832e-05, -1.7004e-05, 0.000177468, -0.000133903, -0.000135351, 0.000207601, -0.000917461, 0.000387306, -0.000455786, -0.000102804, 0.000124973, 0.000227124, 3.33475e-05, -7.6303e-05, -0.000269744, 0.000253475, -0.000178092, -0.000626995, 3.95778e-05, -6.00157e-05, -4.66952e-05, -6.03821e-05, 7.68574e-05, -0.000233441, 8.93553e-06, 0.000115778, 0.000168128, -0.000973962, -0.00059432, -0.000190534, -0.000341488, 9.61625e-05, -9.23088e-05, -0.000680729, 0.000339803, 0.000391747, -0.000327193, 0.000779171, -0.000493491, 0.00130335, 0.000778376, -0.000327093, 0.00114065, -0.00162712, -0.000584852, -0.000815451, 2.73601e-05, 0.000435279, -0.000927405, -0.000539706, 5.88055e-05, 0.00146023, -6.28972e-05, -1.62402e-05, -0.000703542, 0.000518091, -0.000211266, 0.000138034, 0.000535095, 0.000782194, 0.000767849, -0.000138728, -0.000267347, -0.00194897, -0.000864421, 0.000188353, -0.0004207, 0.00089321, -0.000831353, 0.000346935, -0.00139856, -0.00124111, 0.000225653, 0.000623792, 0.000951064, -0.00107605, -0.00113446, 0.000580986, -0.000533448, -0.000413087, 0.000534452, -0.00141282
# -3.55058e-05, 2.78513e-05, 2.13204e-05, -4.42373e-05, 1.33358e-06, 0.00041861, -1.89009e-05, 2.86927e-05, 5.9831e-06, 2.26255e-05, -8.666e-05, 5.41344e-05, 1.67898e-06, -0.000366877, -5.58186e-05, -0.000212996, -0.000174747, 2.14741e-05, 0.000130307, 0.000717935, 0.000429564, -0.000917957, -2.84766e-05, -0.000223757, 4.77039e-05, 6.64396e-06, -4.87128e-05, 0.000210473, -5.31536e-05, -0.000101563, -9.53649e-05, 0.000365905, -0.000385633, -0.000533378, -0.00018812, 1.82476e-05, -0.000134665, -0.000481747, -0.000174762, -0.000304786, -9.80151e-06, 8.82893e-05, 3.72006e-06, -0.000276317, 0.000110438, 5.4023e-05, -0.000364985, -3.9947e-05, -0.000347652, 0.000639967, -3.84198e-05, -2.14384e-05, -0.000103371, -0.000262753, 0.000305247, 0.00088207, -3.83801e-05, -6.55059e-05, 0.00017031, -0.000151995, -3.1458e-05, -9.12558e-06, 0.000433567, 0.000239933, -0.000822801, 0.00109406, -0.000285884, -3.11154e-05, -4.95791e-05, -0.000732247, -0.000128494, 0.00156581, -7.17996e-05, 0.000352293, 9.57192e-05, 0.000164276, -0.000306711, -0.00116762, -0.000298207, 0.000928926, -0.000117555, -0.000197869, -0.000669314, -0.000126022, -0.00145886, -0.000672818, -0.000684685, 0.000277428, -0.00134206, 0.000857306, 0.0010013, -0.00124379, -0.000281196, -0.00126363, 0.00057262, -0.000348624, 0.000275246, -5.24883e-05, 0.000455354, -0.00151041, 0.000519691, 0.000147998, 0.000961967, -0.000183174, -0.00175155, -0.00166483, -0.00105525, 9.35193e-05, -0.00118067, -0.00020646, -0.000498633, -0.000718945, -0.00126847
# -2.90336e-05, 6.46904e-05, 1.80642e-05, 3.28855e-05, 6.54276e-06, -1.89009e-05, 0.000350196, 6.1597e-06, 3.07394e-05, 1.66185e-06, -4.17928e-05, 0.000357912, -0.000294314, 9.70246e-05, 3.10995e-05, 0.000180357, -0.00074793, -0.000241817, -0.000680973, -0.000523489, -2.70011e-05, 0.00034338, -0.000195635, 0.000540717, 3.68879e-05, 0.000447182, -1.02222e-05, -8.36295e-05, 0.000236711, -0.000139821, -1.89876e-05, 0.000649829, 9.34356e-05, 3.54194e-05, -7.02331e-05, 4.59358e-05, 0.000589394, -5.956e-05, -0.000621833, 1.37886e-06, -9.96239e-05, -6.7473e-05, -8.51465e-05, -8.91105e-05, -0.000106411, 0.00052568, -9.6731e-05, -4.25268e-05, -0.000222645, 0.000438717, -0.000390568, -0.000645264, 0.00014736, -9.09274e-05, -0.000591584, 0.000340494, -0.000236683, 0.000375067, 0.000106539, -0.000293452, -0.000213069, -7.6505e-05, -1.69537e-05, -0.000149779, -0.000289494, -0.000446735, 0.000899346, -0.000226694, 0.000997123, 0.000501555, 0.000353642, -0.000361922, 0.000839977, -0.0016801, 1.67698e-05, -0.000878366, 0.000357129, -0.000210488, -0.000907205, -0.000900399, -2.17172e-06, -0.000377969, -0.000653822, -0.000117423, 0.000650766, 0.000251875, -0.0010399, 0.000238106, 0.00123351, 0.000203558, -0.000891577, 0.0013498, 0.000824746, -0.000921919, -6.76706e-05, -0.000608069, 5.13915e-05, 0.000857076, -3.13642e-05, -0.000993147, 0.000566904, 0.000832971, -0.000494295, 0.00162171, 0.00073958, 5.99708e-05, 0.000480683, -0.00100055, -0.000407785, 0.000364673, 0.00104868, 0.000692653, 0.000283932
# 4.64004e-05, -2.49756e-05, 1.57401e-05, 6.02562e-05, -3.59154e-05, 2.86927e-05, 6.1597e-06, 0.000461441, 4.62132e-05, 3.68791e-05, 6.08264e-05, -0.000166033, -0.00046767, 0.000481234, -0.000304595, 4.45345e-05, -0.000147561, -0.00063732, 9.39837e-05, -0.000127197, 0.000174929, 0.000232821, 0.000114748, 0.000196254, -0.000183006, -0.000122508, 0.000769092, 5.45373e-05, -0.000166819, -0.000210553, 0.000200072, 0.000985437, 0.00014555, -7.64883e-05, 6.24093e-05, -0.000486166, -0.000313681, -0.000376613, -0.000433633, -8.50432e-05, -0.000185187, -0.000671575, 7.30572e-05, 0.000369521, -0.000392348, 0.0005395, -0.000353578, -0.000101425, -0.000233246, -0.000161431, -0.000262457, -0.000492077, -0.000476608, 0.000300606, -0.00037476, -0.000288626, 0.000533769, -0.000209717, 0.000303917, -0.000487042, -0.000169455, 7.58711e-06, 0.000327143, 0.000571133, -1.46052e-05, -0.00038948, 0.00107509, 0.00112397, -0.000828516, -0.000712898, -3.43671e-05, -0.000285337, -0.000601537, -0.000650455, 0.000390759, 0.000815914, -0.0020779, -0.000779622, 0.000540518, -0.000214124, -0.00064359, -0.00168952, -0.000304791, 0.000548074, -7.06795e-06, 0.000168399, 0.000125812, 0.000536324, 0.00168289, 0.000934919, 0.000992032, -9.96507e-05, 0.000307145, -0.000948146, 0.00215236, -0.000894566, 0.000234244, 0.00100102, 0.000255551, 2.89305e-05, 0.000167527, 0.00119363, 0.000943786, 0.000768214, -1.84352e-05, 0.000393116, -0.00124505, -9.97023e-05, -8.46047e-05, 2.04875e-06, -0.000495126, -0.000281849, -0.00094529
# -4.87192e-05, -7.49914e-05, 2.56912e-05, -1.5086e-05, 1.977e-05, 5.9831e-06, 3.07394e-05, 4.62132e-05, 0.000487497, -1.42625e-05, 0.000286135, -6.71217e-05, 0.000131459, 0.000375346, 0.000764749, 0.00073665, 3.88487e-05, -0.000575232, 0.000341523, 0.000321592, 0.000843289, 0.000325124, 0.000354664, 0.00056661, 0.000801573, 0.000605625, 0.000237001, 0.000410867, -0.00037163, 0.000413675, 0.000362737, 0.000442068, 0.000948743, 3.85206e-05, 0.000276693, 0.000100556, -0.000101544, 0.000286446, -2.87899e-06, 0.000371178, 0.000537779, 5.00416e-05, -0.000223675, -0.000150821, 0.000693044, -0.000155104, -0.000471686, 0.000290427, 0.00064702, 0.000571875, 0.000377995, 0.000106897, 0.000622774, 0.000458037, 0.000120248, -5.15386e-07, -0.000159431, 5.10313e-05, 0.000381268, 0.000691818, 0.000184663, -5.44087e-06, 0.000266148, 0.000779502, -0.00152719, -0.000678872, 0.000814648, 0.000201435, -0.00116831, 0.000959361, -0.000107691, 0.00011989, -0.00142485, -0.000307482, -0.00143553, -0.000353068, -0.00118496, 0.000635962, 0.000276843, -0.000463891, 0.000954178, -0.000556915, -0.000306406, 0.00139658, 0.000971502, -0.00117416, -0.000210759, -0.00185429, -8.77272e-05, -0.000785813, -0.000155142, 3.94513e-05, 0.00077536, 0.000647801, -0.000602814, -0.00126461, 0.00159171, -0.0003348, 0.000148752, -0.0011915, 0.00034645, 0.00039024, 0.000305196, -0.000563571, -0.00061033, -0.000198039, 0.00122362, 0.00109647, -0.000602295, -0.000943449, -0.000365252, 0.000195935, -0.000444471
# 1.88396e-05, -0.000179619, -1.79858e-05, -4.98624e-06, -5.14785e-05, 2.26255e-05, 1.66185e-06, 3.68791e-05, -1.42625e-05, 0.000385269, 8.47605e-05, -0.000371298, -0.000217011, 0.000265735, 7.00565e-05, 0.000237422, 0.000391152, 0.000564173, 0.00015272, 0.00038075, 0.000519883, 0.000133697, 0.000353713, 0.00055954, 1.83689e-05, -0.000129921, -2.61422e-05, 0.000541035, 0.000382393, 0.00056923, 0.000558859, 0.000631289, 0.000268649, 0.000248219, 0.000523937, -0.000337553, 2.91567e-05, 0.000209721, 0.00019941, 0.000291807, -2.99928e-05, 6.58498e-05, 0.000221319, 2.06468e-05, -0.000195327, 6.13348e-05, 0.000325752, 0.000360949, 0.000791746, 0.000514016, 0.000185821, 0.000207778, 0.000529011, 0.000115047, 0.000483743, -1.52469e-05, -8.21337e-05, 0.000188959, 0.000466232, 0.000860607, 0.000379651, 5.01198e-05, 0.000419373, -0.0002744, 0.000362795, 0.000593121, 0.000109628, -0.000311332, -0.000335938, 0.000717562, -0.000749357, -0.0003948, 5.19826e-05, -0.000990195, 0.000245707, 0.0015738, 0.0005904, -0.000295823, -0.00010098, -0.000421422, -0.000159987, -0.000407779, -5.11116e-05, -0.000649682, -0.000241989, 0.000439749, -0.00060039, 0.000588078, -0.00051528, -0.000462316, 0.000985502, 0.000177781, 0.000306837, -0.00102568, -0.000609472, 0.00104066, -0.000596517, -0.000517717, -0.00092965, -0.000282815, 0.000330385, 0.000523539, -0.000933461, -0.000385155, -0.00102225, 0.000231648, 0.00091066, 6.76443e-05, -0.000145202, -0.000855563, -3.86691e-06, -0.00050255, -0.000132795
# -0.000143437, -0.000347288, -3.79385e-05, -0.000194056, -3.29604e-05, -8.666e-05, -4.17928e-05, 6.08264e-05, 0.000286135, 8.47605e-05, 0.0134972, 0.00239622, -0.00839957, 0.00712286, -0.00307896, 0.00707855, 0.00356093, -0.00531213, -0.00145427, 0.0123731, 0.0153099, 0.0299203, 5.32637e-05, 0.0109346, -0.00474621, -0.00263262, 0.010879, -0.00751515, -0.00306448, -0.00276119, 0.0082833, -0.0173605, 0.00248785, 0.0138107, 0.0141435, -0.0111941, -0.0181099, -0.0136728, -0.00470839, -0.00296185, -0.00264063, -0.0142864, -0.000684386, 0.00701552, -0.013405, -0.0131497, -0.000417363, 0.000979697, 0.00793267, -0.0036102, -0.00240938, 0.00593307, 0.010816, -9.9397e-05, 0.00410228, -0.0117703, 0.00252989, 0.00135994, 0.0100888, 0.0061841, 0.0052407, 0.00282324, -0.000538845, 0.00082983, 0.00287284, -0.00285302, 0.00209945, -0.00299036, -0.00941356, 0.00274585, 0.00269969, -0.00870732, -0.00189667, 0.0016767, -0.00029457, 0.00514361, 0.00106805, 0.00250851, -0.00286472, 0.00809364, 0.00599365, 0.00152868, 0.00467488, 0.000888281, 0.00215287, 0.00418855, 0.00322584, -0.00208904, 0.00287928, -0.0050473, 0.00271653, -0.000330645, -0.000926618, -0.00421666, -0.0043602, -0.00416733, -0.000921705, -0.00145603, 0.00139209, 0.0013097, 0.00421629, 0.00382497, -0.0059712, 0.00577, -0.00542101, -0.00113799, -0.0033077, 0.00458725, -0.00814604, -0.00322952, -0.00202857, 0.00450152, 0.00075434
# 7.70606e-05, 0.000626347, 0.000128141, -0.000250249, -1.16708e-05, 5.41344e-05, 0.000357912, -0.000166033, -6.71217e-05, -0.000371298, 0.00239622, 0.0328363, -0.011603, -0.00517843, -0.00115187, -7.25813e-05, -0.00156534, 0.000966284, -0.0112151, -0.00119248, 0.00590069, 0.0155148, -0.0022835, 0.00877058, -0.000459699, 0.000714867, 0.00799241, -0.00496553, 0.00942674, -0.00294222, -0.00398635, -0.000285115, 0.00193863, -0.00382219, 0.00525009, -0.00585887, -0.00482604, -0.00878673, -0.000732319, -0.00720309, 0.00669291, 0.000915509, -0.00200152, 0.00598733, -0.00274352, 0.00391007, -0.00249586, 0.00123744, 0.00304818, -0.0069266, -0.00887871, -0.00586337, -0.000757679, 0.00401141, 0.00800058, -0.00580548, 0.00557276, -0.00495062, 0.00365755, -0.00590863, 0.00246238, 0.00543555, -0.0160678, 0.00375142, 0.00242701, 0.00398411, -0.0124998, -0.00742359, -0.00220952, -0.00519875, 0.0181903, 0.0186005, -0.008294, 0.00466037, -0.00655787, -0.0044575, 0.0150038, 0.00444269, -0.00881666, -0.00436453, 0.00356434, 0.0153411, -0.00731249, 0.00807231, 0.00846085, -0.00446525, -0.00613441, -0.00684054, -0.0131222, 0.00319224, 0.00565838, -0.00497274, -0.00374448, -0.00233032, -0.00743972, -0.0124012, 0.00699298, -0.00294701, 0.00429239, 0.000579367, 0.0107861, 0.00363243, 0.00476253, 0.006848, -0.0112166, 0.0085603, 0.00151654, -0.00561499, -0.00935262, 0.00454623, -0.00232968, 0.0129612, 0.0215735
# 0.000231265, -0.00266643, 0.000588886, -1.04696e-05, -7.17429e-05, 1.67898e-06, -0.000294314, -0.00046767, 0.000131459, -0.000217011, -0.00839957, -0.011603, 0.167415, 0.0145047, 0.00161584, 0.00276081, 0.0095434, 0.0048483, 0.0162161, 0.0245355, -0.0069477, -0.0171178, 0.0100286, -0.0097443, 0.00595005, -0.00236524, -0.00261127, 0.0139469, -0.00437344, 0.0153893, 0.0118347, 0.0021276, 0.0140027, 0.0168426, -0.00148063, -0.00272309, 0.0120263, 0.00435169, -0.00205862, -0.00116297, -0.00287762, -0.0141552, -0.000691771, -0.00637209, 0.00914093, -0.0300705, 0.0093702, -0.000680217, -0.00279461, 0.0129467, 0.0232545, 0.0293665, -0.000679895, -0.00827713, -0.0113188, 0.0110006, -0.0035716, 0.00463516, -0.00119966, 0.0115926, -0.00022351, -0.0190472, 0.0241672, 0.0190019, -0.014439, 0.0319152, 0.0170659, -0.00808067, -0.00165022, 0.0358914, 0.0493439, 0.133338, -0.0274746, 0.0673646, -0.0304771, -0.00555878, 0.038331, -0.0112976, -0.0218708, -0.0426946, 0.0103013, -0.0381442, 0.00427967, 0.0456459, 0.0427598, -0.0206144, -0.0546885, -0.0662486, -0.0284124, -0.00108541, -0.020207, -0.0353437, 0.0052381, 0.0415198, -0.0586447, -0.0524576, -0.0220956, -0.0164637, 0.0343762, -0.0367475, -0.0186081, 0.0319939, 0.0529454, 0.0246197, 0.00630191, -0.0362622, 0.00734312, 0.0142532, 0.0551258, 0.0246604, 0.0276253, 0.0450817, -0.0196575
# -0.000426843, -0.012682, -0.000132848, -0.000145248, -0.0002948, -0.000366877, 9.70246e-05, 0.000481234, 0.000375346, 0.000265735, 0.00712286, -0.00517843, 0.0145047, 0.0934679, 0.0199977, 0.0178359, 0.0165583, 0.0152758, 0.0212839, 0.0293612, 0.0248776, 0.0371559, 0.01666, 0.0215695, 0.0103494, 0.0156919, 0.0222453, 0.00777468, 0.00168634, 0.0132552, 0.0194186, 0.0177393, 0.0227844, 0.0362547, 0.0314756, 0.0124879, 0.0088528, 0.00642461, 0.017398, 0.0207028, 0.017568, 0.018677, 0.0156965, 0.0224574, 0.0189401, 0.00844287, 0.00809611, 0.0102878, 0.0227662, 0.0112944, 0.0157534, 0.0213079, 0.0216394, 0.0169068, 0.0175705, 0.0108607, 0.0159451, 0.0209848, 0.030473, 0.0251998, 0.0207047, 0.0153724, 0.0284847, -0.117632, -0.000746424, 0.00810164, 0.00740295, 0.00416604, -0.00419053, 0.00253212, 0.00373322, -0.010218, -0.0171314, 0.00765164, 0.0166811, -0.00155944, -0.0107702, 0.0186381, 0.015003, 0.00686203, 0.00840086, -0.013862, 0.00357563, -0.0101703, -0.00366529, 0.0192422, 0.015956, 0.013708, -0.00854523, -0.0142495, -0.0144646, -0.0206663, 0.00619543, -0.012964, -0.02108, -0.0153589, 0.00439514, 0.00649969, 0.0115794, 0.0135745, -0.0176303, 0.0243478, 0.00161946, 0.00698751, -0.0117134, -0.00381452, -0.00457691, -0.00378006, -0.00382893, -0.00208252, 0.0079831, 0.00517915, -0.0190688
# -4.57169e-05, -0.0135554, -7.89596e-05, 0.000673945, 0.000482965, -5.58186e-05, 3.10995e-05, -0.000304595, 0.000764749, 7.00565e-05, -0.00307896, -0.00115187, 0.00161584, 0.0199977, 0.0833477, 0.0191312, 0.0180688, 0.0239101, 0.0197472, 0.0237901, 0.0143152, 0.0156543, 0.0203418, 0.0215877, 0.022434, 0.0186505, 0.0163945, 0.0194479, 0.0150223, 0.0185673, 0.0135943, 0.0254834, 0.0187135, 0.0178596, 0.0233115, 0.0219148, 0.0215662, 0.0216922, 0.0243595, 0.0206851, 0.0259486, 0.0285935, 0.0182, 0.0238407, 0.0272086, 0.0292187, 0.0206669, 0.0160655, 0.0210793, 0.0231356, 0.022123, 0.0134307, 0.0174782, 0.0248268, 0.0147158, 0.021528, 0.0075235, 0.0219076, 0.0145853, 0.0225796, 0.0204403, 0.013647, 0.0297669, -0.0106787, -0.0953088, -0.000347111, 0.00183894, -0.0107112, 0.00824332, -0.00390964, -0.000146329, -0.00891772, -0.0100697, -0.00030658, 0.00616433, 0.00855284, 0.00525452, 0.0178233, -0.00724471, -0.00243028, 0.0159578, -0.00657877, 0.0119203, -0.00111629, -0.00721424, 0.00255591, 0.0338744, 0.00838644, -0.0118592, -0.00829679, -0.0103778, -0.0155335, -0.000980835, -0.0117155, 0.00323671, -0.0178279, 0.00278717, 0.013921, 0.00124151, -0.0186703, -0.00492894, 0.0101492, -0.0104565, -0.0152587, -0.000729339, 0.00531231, 0.0255795, -0.00854973, 0.00846109, 0.00763702, -0.00118344, 0.0135984, -0.0137359
# 0.000125743, -0.0114086, 3.06252e-05, 6.18652e-05, -0.000254104, -0.000212996, 0.000180357, 4.45345e-05, 0.00073665, 0.000237422, 0.00707855, -7.25813e-05, 0.00276081, 0.0178359, 0.0191312, 0.0820483, 0.0144847, 0.0142067, 0.0188846, 0.0244665, 0.0218283, 0.036575, 0.0252061, 0.0301168, 0.015267, 0.0259604, 0.0200491, 0.0110754, 0.0123757, 0.015935, 0.0191027, 0.00570133, 0.0181004, 0.0322997, 0.026159, 0.00758111, 0.00871456, 0.0140243, 0.0170691, 0.0132134, 0.0189956, 0.0202879, 0.0149275, 0.0185185, 0.0115782, 0.00735023, 0.0213298, 0.0165248, 0.0262698, 0.0201184, 0.0186803, 0.0190964, 0.0149447, 0.0155682, 0.0175124, 0.00161586, 0.00801176, 0.0210715, 0.0226758, 0.0170577, 0.0195818, 0.0188146, 0.0245151, 0.00210322, -0.00858762, -0.108537, 0.00228414, -0.00278316, -0.0122326, 0.00908062, 0.00693105, -0.00733188, -0.0229281, -0.00725615, 0.0115117, -0.0101417, -0.00180787, -0.0011617, 0.00646784, -0.0110556, 0.00511381, -0.00357369, 0.0231479, 0.0072238, 0.00347686, 0.00964599, 0.00854936, -0.012268, -0.0193836, -0.00983302, -0.0223116, -0.0141619, -0.00785143, -0.00130052, -0.00397279, 0.00348154, -0.00912138, -0.00388703, -0.0106361, -0.00790036, -0.00164379, 0.00155718, 0.0070708, -0.00631811, -0.0091338, 0.00132013, 0.0153104, -0.0066444, -0.00877727, 0.0140303, 0.00451948, -0.00354379, -0.0210181
# 0.000759482, -0.0110146, 1.22353e-05, 5.163e-05, -0.00014616, -0.000174747, -0.00074793, -0.000147561, 3.88487e-05, 0.000391152, 0.00356093, -0.00156534, 0.0095434, 0.0165583, 0.0180688, 0.0144847, 0.0964827, 0.0150417, 0.0183419, 0.0277682, 0.0170262, 0.0224709, 0.0192152, 0.0144326, 0.00811351, 0.00986605, 0.0177726, 0.009838, 0.0141468, 0.0212418, 0.0180087, 0.0181536, 0.0163816, 0.0201185, 0.0244021, 0.00803002, 0.00881547, 0.00515452, 0.0183752, 0.0114616, 0.014888, 0.00462043, 0.0152887, 0.0151584, 0.011879, 0.00767638, 0.0227562, 0.0193803, 0.0195366, 0.0137063, 0.0184158, 0.0163433, 0.0117105, 0.0229866, 0.0187812, 0.0116623, 0.0154642, 0.0129602, 0.0198163, 0.0186505, 0.0148786, 0.0126671, 0.0153345, 0.0127995, -0.0111571, 0.00293488, -0.120262, -0.000455372, 0.000176889, -0.00898993, 0.0123983, 0.00231539, -0.00807016, 0.00317741, 0.00492606, 0.00402362, 0.0149471, 0.0251915, -0.00280472, -0.0127865, 0.00960015, -0.00132003, 0.00619661, 0.00279487, -0.00363513, 0.0185069, 0.00352542, -0.00829386, -0.0196084, -0.0102529, -0.00857635, -0.00459304, -0.00698448, -0.0051638, -0.0158783, -0.0171171, -0.0136346, -0.0111456, -0.00234132, -0.0107236, -0.00854881, 0.00676567, -0.00326281, -0.0266473, -0.00852637, 0.0171788, 0.00629055, 0.00675506, -0.00071153, -0.00531943, 0.00710514, 0.0141879, 0.00570752
# 0.000550044, -0.0144004, -0.000513599, -5.15445e-05, -0.000201238, 2.14741e-05, -0.000241817, -0.00063732, -0.000575232, 0.000564173, -0.00531213, 0.000966284, 0.0048483, 0.0152758, 0.0239101, 0.0142067, 0.0150417, 0.10115, 0.017722, 0.0178693, 0.0184843, 0.0123794, 0.02203, 0.0166869, 0.0150872, 0.0287083, 0.0142378, 0.0179675, 0.025552, 0.0165268, 0.0105426, 0.0175211, 0.0192516, 0.0140787, 0.0214337, 0.0221417, 0.0326064, 0.0215474, 0.0223242, 0.0256755, 0.0277243, 0.0403981, 0.0150102, 0.0195525, 0.0304817, 0.0294783, 0.026631, 0.0128553, 0.0181981, 0.0262435, 0.0181672, 0.0161361, 0.0150953, 0.025918, 0.0241708, 0.019117, 0.0122958, 0.0240684, 0.016633, 0.0140082, 0.0247042, 0.0250901, 0.0260174, -0.0132407, -0.013366, 0.0165817, -0.0126656, -0.106707, 0.0134539, 0.0132282, -0.00939717, 0.000452042, 0.00335707, 0.0152282, 0.0150058, -0.0176015, 0.014792, 4.47744e-05, -0.00888732, 0.00695447, 0.0211254, -0.00842353, -0.000343731, 0.0129705, -0.0226127, 0.0227123, -0.00896447, 0.00438835, -0.0249678, -0.0177, -0.0237554, -0.0221848, -0.000111064, -0.0121399, 0.0135148, -0.0120352, -0.00224867, 0.0121991, 0.0107415, 0.00785784, 0.00112247, 0.00817578, 0.00765788, -0.00959601, -0.0142617, -0.00330658, 0.00581575, -0.00678908, -0.00352483, 0.0131975, -0.00372987, 0.00624227, 0.002071
# -0.000406929, -0.0111814, -0.00079055, 0.000230337, 0.00031338, 0.000130307, -0.000680973, 9.39837e-05, 0.000341523, 0.00015272, -0.00145427, -0.0112151, 0.0162161, 0.0212839, 0.0197472, 0.0188846, 0.0183419, 0.017722, 0.109226, 0.01556, 0.0118987, 0.0105538, 0.0232385, 0.0118999, 0.0093455, 0.0143498, 0.00970704, 0.017971, 0.000735843, 0.0125137, 0.0127039, 0.0242567, 0.0220047, 0.0212953, 0.0156908, 0.0229947, 0.0174304, 0.019785, 0.0171652, 0.0226428, 0.011894, 0.0186464, 0.0116425, 0.0185137, 0.0270067, 0.00506769, 0.0246379, 0.0114216, 0.0172477, 0.0202957, 0.02056, 0.0181132, 0.0130403, 0.0132107, 0.0116694, 0.0123869, 0.0170793, 0.0169328, 0.017354, 0.0202308, 0.0191444, 0.0132399, 0.0162954, -0.00758452, -0.00354095, -0.00596386, 0.0108755, -0.000536503, -0.141703, 0.0215495, 0.00419164, -0.000188055, -0.0167387, 0.000337078, 0.0219363, -0.00686732, -0.00192152, 0.0262084, 0.0268357, -0.00292736, 0.0177055, -0.0158654, 0.00123816, 0.00476411, -0.00698079, -0.000165477, 0.0164766, 0.00342179, -0.0246335, -0.0136366, -0.0106908, -0.0202719, 0.011777, -0.0127199, -0.0130337, 0.00868181, -0.0149644, 0.0120558, 0.00504386, 0.00446079, -0.00433907, 0.0100668, 0.00696104, -0.00418654, -0.00846049, -0.019409, -0.00569645, -0.00498983, -0.0130411, -0.00748454, 0.00472249, -0.0250508, -0.00839486
# 9.67785e-05, -0.0130461, 0.000163355, -0.000118182, -9.71546e-05, 0.000717935, -0.000523489, -0.000127197, 0.000321592, 0.00038075, 0.0123731, -0.00119248, 0.0245355, 0.0293612, 0.0237901, 0.0244665, 0.0277682, 0.0178693, 0.01556, 0.0928777, 0.0396709, 0.0467649, 0.0177896, 0.0259061, 0.0162752, 0.0145763, 0.0363913, 0.0134374, 0.0117816, 0.0181059, 0.0282136, -0.00311011, 0.024157, 0.0385568, 0.0343222, 0.00480812, 0.000401413, 0.00426399, 0.0196795, 0.0203933, 0.0171387, 0.00161349, 0.0189137, 0.0182319, 0.00632702, -0.00663225, 0.0147394, 0.0103056, 0.023887, 0.0221271, 0.0189548, 0.0237469, 0.0262232, 0.0192186, 0.022928, 0.0212518, 0.0121238, 0.0195441, 0.026254, 0.0248288, 0.0247652, 0.018691, 0.0268549, -0.00116983, -0.0139279, 0.00655477, 2.18627e-05, -0.00789048, -0.00012997, -0.0792621, -0.000801549, 0.0151064, 0.000464406, 0.0157006, -0.0101677, 0.00140971, 0.00316982, 0.0230232, -0.0116173, -0.0085247, 0.00854088, 0.0186432, 0.00892192, 0.0133623, 0.00623073, 0.00562889, 0.000391136, -0.0132952, -0.0213072, -0.0175916, -0.00870795, 0.00125192, -0.00568204, -0.00385665, -0.0151537, -0.0128496, -0.0102012, 0.00946449, 0.0154352, -0.0184146, 0.00846806, 0.028154, 0.0145592, 0.000363954, -0.0174921, -0.0104326, 0.00041512, 0.0174651, -0.00542156, 0.0109186, 0.00976264, 0.0128878, -0.00685457
# 0.000394108, -0.0128187, -0.000323089, 0.000352716, -0.000280285, 0.000429564, -2.70011e-05, 0.000174929, 0.000843289, 0.000519883, 0.0153099, 0.00590069, -0.0069477, 0.0248776, 0.0143152, 0.0218283, 0.0170262, 0.0184843, 0.0118987, 0.0396709, 0.0867487, 0.0517799, 0.0200391, 0.0305997, 0.010625, 0.0189132, 0.0332894, 0.00829861, 0.0141254, 0.00809317, 0.0224803, -0.00405655, 0.0208588, 0.0326524, 0.0358929, 0.0022414, -0.000530035, -0.00244046, 0.0126797, 0.0174907, 0.0177223, -2.3395e-05, 0.0169928, 0.0281352, 0.00223243, -0.00204769, 0.0112332, 0.0158567, 0.0268081, 0.018755, 0.0189956, 0.0180544, 0.0215086, 0.020262, 0.0270025, 0.00374001, 0.0165049, 0.0221801, 0.02915, 0.0257509, 0.0229611, 0.020952, 0.0214201, -0.00256032, 0.000581414, 0.00114793, 0.00996032, -0.0106405, -0.00668708, -0.00412889, -0.0775471, -0.0113413, -0.0112451, 0.00772497, 4.57038e-05, -0.00398732, 0.00240101, 0.0179154, -0.0073077, 0.0247272, 0.0253156, -0.0103434, 0.00178371, 0.00278936, 0.00254785, 0.0115281, 0.00422866, -0.00246281, -0.011358, -0.016542, -0.00260619, -0.00933588, -0.00282129, -0.0235094, 0.00879516, -0.0185621, 0.00223395, 0.0102031, 0.0027695, -0.00338511, 0.00348707, 0.0101057, 0.0202719, -0.006608, -0.0316374, -0.0130609, -0.00645454, -0.000130656, -0.0128203, -0.000422969, -0.00256604, 0.0106293, 0.00378531
# -0.000403363, -0.0126644, -0.000388596, 0.000466019, 4.07565e-05, -0.000917957, 0.00034338, 0.000232821, 0.000325124, 0.000133697, 0.0299203, 0.0155148, -0.0171178, 0.0371559, 0.0156543, 0.036575, 0.0224709, 0.0123794, 0.0105538, 0.0467649, 0.0517799, 0.132216, 0.020679, 0.0454066, 0.00255121, 0.0140108, 0.043348, 0.000212755, 0.0154023, 0.0141317, 0.0321833, -0.0158375, 0.0186934, 0.0479845, 0.0521938, -0.00929027, -0.024359, -0.0187875, 0.0137789, 0.0124399, 0.00918842, -0.0133254, 0.0139766, 0.0340401, -0.00947032, -0.0076311, 0.0172088, 0.012783, 0.0355787, 0.00314038, 0.00790884, 0.0265845, 0.0404297, 0.022284, 0.0288927, -0.0110734, 0.0201696, 0.020832, 0.0432513, 0.0271877, 0.0315522, 0.0238803, 0.0130187, -0.00249547, -0.000478728, -0.0139531, -0.00863329, -0.00648291, -0.0160191, 0.00369018, 0.0111434, -0.095006, -0.016073, 0.00805378, 0.0127169, 0.0149283, 0.00718369, 0.0141219, -0.0123614, 3.64084e-05, 0.0281885, 0.00554914, 0.0201055, 0.00631565, 0.00798748, 0.0150362, 0.0252059, -0.00718814, -0.016705, -0.0216011, 0.00686672, -0.00239333, 6.18454e-05, -0.0146999, -0.0094947, -0.0194909, -0.000891364, 0.00567352, -0.000874533, 0.019621, 0.0132649, 0.00801072, -0.0141198, 0.0103223, -0.015311, -0.00908221, 0.0072859, 0.00118961, -0.0262776, -0.00574929, 0.00386363, 0.0227596, 0.0163719
# 0.000294499, -0.0130393, -0.000297874, 0.000346265, -0.000185691, -2.84766e-05, -0.000195635, 0.000114748, 0.000354664, 0.000353713, 5.32637e-05, -0.0022835, 0.0100286, 0.01666, 0.0203418, 0.0252061, 0.0192152, 0.02203, 0.0232385, 0.0177896, 0.0200391, 0.020679, 0.107411, 0.0197784, 0.022314, 0.0306155, 0.018336, 0.0196896, 0.0155167, 0.0111163, 0.0197145, 0.0230768, 0.0138585, 0.024517, 0.0260473, 0.0147046, 0.0165609, 0.0142325, 0.0127179, 0.014805, 0.018887, 0.0266075, 0.0203134, 0.0182749, 0.0273146, 0.00880205, 0.0211983, 0.0216969, 0.0222513, 0.014223, 0.01833, 0.00539886, 0.0129896, 0.0236009, 0.0205676, 0.0161333, 0.0095805, 0.0288812, 0.0164955, 0.0196939, 0.0157409, 0.0200858, 0.018869, 0.00523204, -0.0117051, -0.0178858, 0.0116634, -0.0087623, -0.00722506, -0.00504652, -0.0114336, -0.000261262, -0.149021, 0.00333667, 0.0038134, -0.0147078, -0.0031745, -0.000103374, 0.00616959, 0.0126643, 0.0096631, -0.0276636, 0.0299001, 0.0043494, -0.0111944, -0.0182792, 0.0124583, -0.0122368, -0.0200087, 0.00160308, -0.00353285, -0.00695392, -0.0106118, 0.00215051, -0.0214395, 0.0203067, -0.00831098, -0.00934753, 0.00591441, 0.00917234, 0.00567059, 0.0207429, 0.00388593, -0.0235401, -0.00499766, -0.002132, 0.0117652, -0.00398605, 0.00415761, 0.00611465, 0.00692943, -0.00462924, -0.0112313
# -0.000415889, -0.0125513, -0.000303262, 4.94937e-05, -0.000284191, -0.000223757, 0.000540717, 0.000196254, 0.00056661, 0.00055954, 0.0109346, 0.00877058, -0.0097443, 0.0215695, 0.0215877, 0.0301168, 0.0144326, 0.0166869, 0.0118999, 0.0259061, 0.0305997, 0.0454066, 0.0197784, 0.0966416, 0.0134723, 0.0162749, 0.0223438, 0.0149383, 0.0168679, 0.00927308, 0.0288176, -0.00825487, 0.0194994, 0.0314754, 0.0347643, 0.00229314, 0.00432676, 0.0098349, 0.0152274, 0.017056, 0.0212171, 0.00891619, 0.0138629, 0.0292521, 0.0170021, 0.00667662, 0.0182164, 0.0230958, 0.031727, 0.0152262, 0.0128512, 0.0144656, 0.023072, 0.0179661, 0.0277585, 0.0058965, 0.0138199, 0.0199747, 0.0252917, 0.0180465, 0.0238162, 0.0123004, 0.0168712, -0.00239092, -0.0115948, -0.0244016, 0.0046762, -0.00341757, -0.000166875, 7.27943e-05, 0.00244463, 0.0051267, -0.0110414, -0.119627, 0.00768866, -0.000463206, 0.020515, 0.00502333, -0.00337002, 0.0182407, 0.00100775, 0.0111026, 0.000829855, -0.00286448, -0.00737241, 0.0249865, 0.0185718, 0.00536069, -0.00490293, -0.00945585, -0.00249561, -0.0116152, 0.000384757, -0.0327582, -0.0204038, -0.00181603, -0.0153322, 0.00282387, -0.0137278, 0.00367157, 0.00289057, 0.0138193, -0.00905564, 0.00685431, -0.0143989, 0.0122117, 0.0200635, -0.00758788, -0.00757458, 0.0115562, -0.00502581, 0.0220353, -0.0074277
# 0.000255795, -0.0106578, -0.000210491, -0.000141594, 0.000852563, 4.77039e-05, 3.68879e-05, -0.000183006, 0.000801573, 1.83689e-05, -0.00474621, -0.000459699, 0.00595005, 0.0103494, 0.022434, 0.015267, 0.00811351, 0.0150872, 0.0093455, 0.0162752, 0.010625, 0.00255121, 0.022314, 0.0134723, 0.125777, 0.0213703, 0.0111003, 0.0210925, 0.0187046, 0.0122598, 0.00652045, 0.0193231, 0.0196744, 0.0115304, 0.018665, 0.0132061, 0.0188298, 0.0196489, 0.0162385, 0.0187993, 0.0181146, 0.023219, 0.0162302, 0.0139644, 0.0305855, 0.0152128, 0.0191639, 0.00926385, 0.0120723, 0.011316, 0.0124053, 0.0202021, 0.00887898, 0.0166275, 0.0222654, 0.0130202, 0.0133104, 0.0135544, 0.00933072, 0.0135652, 0.00479055, 0.0175757, 0.0177219, 0.00776113, -0.00303316, 0.000707415, 0.0119272, 0.00426402, 0.00791708, -0.00586133, -0.000416062, 0.00690387, -0.026752, -0.00552739, -0.177707, 0.0101591, 0.00414169, -0.0111383, -0.0148638, 0.015062, 0.0185692, -0.00274706, 0.00392145, 0.00155554, -0.00317302, -0.0132515, 0.00137035, -0.00770828, 0.0042825, -0.000419233, -0.0146648, 0.00629555, 0.0077559, 0.00145452, -0.00921787, 0.00799851, -0.000212599, 0.0274309, 0.0177327, 0.00481714, 0.00936447, -0.00311353, 0.00288395, 0.00542591, -0.0109477, 0.00840525, 0.0157711, -0.00540673, 0.022393, -0.00452198, 0.0180502, 0.000387258, -0.0135866
# 0.000275393, -0.0120144, 3.10594e-05, 0.000414943, -0.000168325, 6.64396e-06, 0.000447182, -0.000122508, 0.000605625, -0.000129921, -0.00263262, 0.000714867, -0.00236524, 0.0156919, 0.0186505, 0.0259604, 0.00986605, 0.0287083, 0.0143498, 0.0145763, 0.0189132, 0.0140108, 0.0306155, 0.0162749, 0.0213703, 0.116681, 0.014698, 0.0134326, 0.0201476, 0.0158115, 0.0170428, 0.0239643, 0.0164918, 0.0160404, 0.0218223, 0.0103242, 0.0212439, 0.0262075, 0.018201, 0.0322277, 0.0185304, 0.0234293, 0.0152664, 0.0152599, 0.0365448, 0.0210062, 0.0125418, 0.017252, 0.019499, 0.0281125, 0.0140127, 0.0118848, 0.00988197, 0.0178199, 0.023144, 0.0257131, 0.00800811, 0.0282366, 0.0135333, 0.0192296, 0.0141724, 0.0145747, 0.0267615, 0.00870498, 0.00505472, -0.00328371, 0.00645367, -0.0124131, 0.000179193, 0.0126702, 0.00181514, -0.0133934, -0.0148513, 0.00995698, 0.0104228, -0.142182, 0.0115467, -0.00116167, -0.000842268, 0.0140123, 0.00640967, -0.00210309, 0.0110488, -0.00299022, -0.00746192, -0.00873151, 0.000264961, -0.000255857, -0.0247824, -0.0253974, -0.0133733, 0.00317989, 0.0130359, -0.0214131, -0.00891892, 0.0043772, 0.00551015, -0.00122994, 0.00497523, -0.0238041, 0.0122599, -0.000934177, 0.0143188, -0.00649343, -0.0171956, -0.0244794, 0.0242568, 0.00853681, 0.00711328, 0.00741172, -0.00588761, 0.00972616, -0.017322
