# stan_version_major = 2
# stan_version_minor = 38
# stan_version_patch = 0
# model = survival_model
# start_datetime = 2026-03-12 11:40:39 UTC
# method = sample (Default)
#   sample
#     num_samples = 2000
#     num_warmup = 1000 (Default)
#     save_warmup = false (Default)
#     thin = 1 (Default)
#     adapt
#       engaged = true (Default)
#       gamma = 0.05 (Default)
#       delta = 0.8 (Default)
#       kappa = 0.75 (Default)
#       t0 = 10 (Default)
#       init_buffer = 75 (Default)
#       term_buffer = 50 (Default)
#       window = 25 (Default)
#       save_metric = false (Default)
#     algorithm = hmc (Default)
#       hmc
#         engine = nuts (Default)
#           nuts
#             max_depth = 10 (Default)
#         metric = dense_e
#         metric_file =  (Default)
#         stepsize = 1 (Default)
#         stepsize_jitter = 0 (Default)
#     num_chains = 1 (Default)
# id = 1 (Default)
# data
#   file = /Users/dansprague/Documents/PhaseSkate/benchmarks/scaling/data/data_H10.json
# init = 2 (Default)
# random
#   seed = 44
# output
#   file = /Users/dansprague/Documents/PhaseSkate/benchmarks/scaling/stan_output/output_H10_chain3.csv
#   diagnostic_file =  (Default)
#   refresh = 100 (Default)
#   sig_figs = 8 (Default)
#   profile_file = profile.csv (Default)
#   save_cmdstan_config = false (Default)
# num_threads = 1 (Default)
# stanc_version = stanc3 v2.38.0
# stancflags = 
lp__,accept_stat__,stepsize__,treedepth__,n_leapfrog__,divergent__,energy__,log_alpha,beta_0,beta.1,beta.2,beta.3,beta.4,beta.5,beta.6,beta.7,beta.8,log_sigma_int,log_sigma_slope,rho,z_int.1,z_int.2,z_int.3,z_int.4,z_int.5,z_int.6,z_int.7,z_int.8,z_int.9,z_int.10,z_slope.1,z_slope.2,z_slope.3,z_slope.4,z_slope.5,z_slope.6,z_slope.7,z_slope.8,z_slope.9,z_slope.10
# Adaptation terminated
# Step size = 0.257746
# Elements of inverse mass matrix:
# 0.00220171, -0.000458708, -0.000223678, 7.15051e-05, -1.47029e-05, 7.77932e-05, -0.000371638, 9.92435e-05, -0.000204629, 0.000303483, -0.000701688, 0.000982867, 0.00199836, -0.00279616, 0.00196349, -0.000176653, 0.00219828, 0.00119752, 0.000133242, 0.000816499, 0.000771966, 0.00145705, -0.000491378, 0.00393856, -0.00249464, 0.00183917, -0.00348863, -0.00134814, 0.0013271, 0.00129786, 0.00112493, 0.000935263, 0.000972091
# -0.000458708, 0.025257, -0.000507654, -0.000233855, 0.00061815, 0.000535661, -0.000238683, -0.000490683, -0.000265935, 0.000317288, -0.00401508, 0.00553068, 0.00622759, -0.0413883, -0.0398628, -0.0512029, -0.0455894, -0.0376819, -0.0387227, -0.0466081, -0.047501, -0.0406805, -0.0454568, -0.0197917, -0.00448678, 0.00333814, -0.00897189, -0.00157188, -0.00222921, 0.0067285, 0.00471448, 3.32724e-05, 0.00253914
# -0.000223678, -0.000507654, 0.0019753, 4.20283e-05, 0.000266565, -0.000457657, 4.66021e-05, 0.000247987, 0.000115613, -0.000208924, 0.000192437, 0.000200657, 0.000942864, 0.00270905, 0.00226353, 0.00146241, 0.000748829, 0.0017027, -0.000284261, 0.00304955, 0.000837752, 0.00122733, 9.24241e-05, -0.000430634, -0.00216027, -0.000427713, 0.00208675, 0.000774117, 0.0020838, -0.00332165, 0.0015086, -0.00198499, 0.00150837
# 7.15051e-05, -0.000233855, 4.20283e-05, 0.00202638, 0.00019308, -1.20034e-05, 9.19584e-05, 0.000357322, 0.000142565, 0.000364444, -1.98069e-05, 0.000319894, -0.00113087, -0.0012726, -0.000459074, 0.000982964, -0.000927196, -0.00106162, 5.09918e-05, -0.00200737, -0.000640341, -0.000266153, -0.00158103, -0.00284711, -0.000406054, 0.000486141, 0.00071655, 0.000457291, -0.000984326, 0.00139621, 0.00037737, -0.000941901, 0.000786227
# -1.47029e-05, 0.00061815, 0.000266565, 0.00019308, 0.00185481, -7.40293e-05, 2.86458e-05, 7.61865e-05, 0.000254978, -1.4624e-05, -0.000219429, 3.87133e-06, 0.00547839, -0.00159729, -0.00129427, 0.00174539, 0.00164465, -0.00131982, -7.7469e-05, -0.00234448, -3.78254e-05, -0.00158358, -0.00100219, 0.00130451, -0.000110155, -0.00614837, 0.00159082, 0.00300923, -0.00286057, 0.00644397, 0.00145091, -0.00175918, -0.000573572
# 7.77932e-05, 0.000535661, -0.000457657, -1.20034e-05, -7.40293e-05, 0.00190951, 7.24993e-06, -0.000218717, -0.000280785, 0.000103284, -0.000269967, -0.000549576, 0.000991192, -0.00285708, -0.00276707, 0.000180428, -0.000935285, -0.00122721, 0.000395927, -0.00209702, -0.00244096, -0.00011979, -0.00170051, 0.0014805, 0.00305018, -0.00227473, -0.000309339, -0.000679015, 0.000758539, 0.00302261, 0.00105354, -0.00198316, -0.00113942
# -0.000371638, -0.000238683, 4.66021e-05, 9.19584e-05, 2.86458e-05, 7.24993e-06, 0.00220849, -0.000429017, 0.000173478, -2.77417e-05, 0.000347495, 0.000458167, 0.000778749, 0.000496905, -0.000276723, 0.00146882, 0.00185205, 0.00249698, 0.00065351, 0.000678424, -0.000590233, 0.00240482, 0.000658686, -0.000206504, -0.000825499, 0.00163599, -0.00507753, -0.000853139, -0.00215698, 0.00139042, 0.0029731, -0.000141924, -0.00237515
# 9.92435e-05, -0.000490683, 0.000247987, 0.000357322, 7.61865e-05, -0.000218717, -0.000429017, 0.00230957, -0.000329309, -6.07233e-05, -1.21292e-05, -0.0014084, -0.00222054, -0.000938293, -0.000110959, 0.000356564, 0.00101171, 0.000305935, 0.000507955, 6.25099e-05, 0.00387388, 0.00186095, 7.68158e-05, 0.00287765, 0.00230704, 0.0040288, 0.000143111, -0.00220149, 0.00219876, -0.00238541, -0.00509787, -0.00125639, 0.00436729
# -0.000204629, -0.000265935, 0.000115613, 0.000142565, 0.000254978, -0.000280785, 0.000173478, -0.000329309, 0.00174145, 3.96906e-05, -0.000273926, 9.89409e-06, -0.000152509, -0.00121875, 0.00278616, 0.0023233, 0.00170365, 0.00130302, 0.00145385, 0.000183379, 0.00010199, 0.00214583, 0.000963142, 0.000817629, -0.00115435, -0.000181844, 0.000350094, 0.00171216, -0.00170314, -0.000686342, 0.000814851, -0.00120671, -0.00278806
# 0.000303483, 0.000317288, -0.000208924, 0.000364444, -1.4624e-05, 0.000103284, -2.77417e-05, -6.07233e-05, 3.96906e-05, 0.00196957, -0.000180343, 0.00338714, -0.00414676, -0.00199994, -0.00116198, -0.00369395, -0.000321324, -0.00207534, -0.000580518, -0.00217646, -0.0013094, 0.000162657, -0.00248928, -0.000369123, -0.00118904, -0.000510947, -0.00157226, -0.00103478, 0.00314591, -0.00030159, 0.00107177, -0.00090536, -0.00141995
# -0.000701688, -0.00401508, 0.000192437, -1.98069e-05, -0.000219429, -0.000269967, 0.000347495, -1.21292e-05, -0.000273926, -0.000180343, 0.0666545, 0.00431922, -0.0603057, 0.0405305, -0.0180983, -0.0151985, 0.0276765, -0.0391591, -0.0596966, 0.0483036, 0.0783536, 0.0183844, 0.00476099, -0.0115114, 0.0025535, 0.00385496, 0.0209874, 0.0165856, 0.0130851, -0.0130614, -0.0113807, -0.00848137, -0.0123647
# 0.000982867, 0.00553068, 0.000200657, 0.000319894, 3.87133e-06, -0.000549576, 0.000458167, -0.0014084, 9.89409e-06, 0.00338714, 0.00431922, 0.230501, -0.0708999, 0.00422534, 0.00375438, -0.0759701, 0.00070705, 0.00268032, -0.0330947, 0.0245237, 0.0352964, -0.00508833, 0.000366445, -0.00817751, -0.0037147, 0.0422524, -0.0317246, -0.0326584, 0.0111803, -0.0269956, 0.00858961, 0.0216488, -0.00186388
# 0.00199836, 0.00622759, 0.000942864, -0.00113087, 0.00547839, 0.000991192, 0.000778749, -0.00222054, -0.000152509, -0.00414676, -0.0603057, -0.0708999, 0.743734, -0.0153239, -0.0429178, 0.0970844, -0.00693269, -0.0229402, 0.0326355, -0.0630908, -0.0731988, -0.0270621, -0.0253958, 0.115712, -0.0571802, -0.122567, 0.00238827, -0.0718036, -0.18366, 0.155509, 0.2153, 0.0332136, -0.0091863
# -0.00279616, -0.0413883, 0.00270905, -0.0012726, -0.00159729, -0.00285708, 0.000496905, -0.000938293, -0.00121875, -0.00199994, 0.0405305, 0.00422534, -0.0153239, 0.192481, 0.0593608, 0.0642286, 0.0813208, 0.0402288, 0.0246905, 0.114815, 0.107074, 0.0637783, 0.087199, -0.0616864, 0.000123375, 0.0145119, 0.00565341, 0.0101251, 0.0193779, -0.00573445, 0.00950204, 0.00619424, -0.0195083
# 0.00196349, -0.0398628, 0.00226353, -0.000459074, -0.00129427, -0.00276707, -0.000276723, -0.000110959, 0.00278616, -0.00116198, -0.0180983, 0.00375438, -0.0429178, 0.0593608, 0.213238, 0.0762675, 0.0641563, 0.0814558, 0.0857061, 0.055, 0.0553677, 0.0589345, 0.0821003, 0.0172067, -0.156243, 0.0110249, 0.0116479, -0.00536674, 0.0501769, -0.0242704, -0.0291563, 0.0371062, -0.0197422
# -0.000176653, -0.0512029, 0.00146241, 0.000982964, 0.00174539, 0.000180428, 0.00146882, 0.000356564, 0.0023233, -0.00369395, -0.0151985, -0.0759701, 0.0970844, 0.0642286, 0.0762675, 0.248995, 0.0907434, 0.0972622, 0.109394, 0.0837671, 0.0705433, 0.0831458, 0.0948359, 0.0778, 0.00184777, -0.160417, 0.0408295, 0.000581223, -0.0549633, 0.0241471, 0.00929216, -0.0113376, -0.0182959
# 0.00219828, -0.0455894, 0.000748829, -0.000927196, 0.00164465, -0.000935285, 0.00185205, 0.00101171, 0.00170365, -0.000321324, 0.0276765, 0.00070705, -0.00693269, 0.0813208, 0.0641563, 0.0907434, 0.174118, 0.0461283, 0.051106, 0.101189, 0.121448, 0.0878916, 0.0887858, 0.0350651, 0.00593131, -0.0106413, -0.0831887, 0.0173078, 0.00423974, -0.00862644, -0.0195285, 0.0026416, -0.0167026
# 0.00119752, -0.0376819, 0.0017027, -0.00106162, -0.00131982, -0.00122721, 0.00249698, 0.000305935, 0.00130302, -0.00207534, -0.0391591, 0.00268032, -0.0229402, 0.0402288, 0.0814558, 0.0972622, 0.0461283, 0.208499, 0.0948348, 0.0535428, 0.0286813, 0.0464447, 0.0697756, 0.0163443, 0.00278443, -0.00198004, 0.0161858, -0.108422, 0.0220451, -0.0133568, -0.00775754, 0.0014321, 0.0394874
# 0.000133242, -0.0387227, -0.000284261, 5.09918e-05, -7.7469e-05, 0.000395927, 0.00065351, 0.000507955, 0.00145385, -0.000580518, -0.0596966, -0.0330947, 0.0326355, 0.0246905, 0.0857061, 0.109394, 0.051106, 0.0948348, 0.226834, 0.0252349, -0.0167541, 0.0470698, 0.0797735, 0.037261, 0.0127653, -0.0238152, -0.016024, -0.0159149, -0.108536, 0.0263213, 0.0265971, 0.00899912, -0.00490276
# 0.000816499, -0.0466081, 0.00304955, -0.00200737, -0.00234448, -0.00209702, 0.000678424, 6.25099e-05, 0.000183379, -0.00217646, 0.0483036, 0.0245237, -0.0630908, 0.114815, 0.055, 0.0837671, 0.101189, 0.0535428, 0.0252349, 0.221512, 0.133647, 0.0903056, 0.0967651, 0.0496325, 0.0132817, -0.00248338, 0.0142865, 0.0166025, 0.0320902, -0.136667, -0.00271283, -0.00814627, -0.00988864
# 0.000771966, -0.047501, 0.000837752, -0.000640341, -3.78254e-05, -0.00244096, -0.000590233, 0.00387388, 0.00010199, -0.0013094, 0.0783536, 0.0352964, -0.0731988, 0.107074, 0.0553677, 0.0705433, 0.121448, 0.0286813, -0.0167541, 0.133647, 0.257501, 0.104391, 0.0922327, 0.0559907, 0.0169729, -0.000807997, 0.0413382, 0.00386342, 0.0377056, -0.027584, -0.12466, -0.0299438, -0.0195819
# 0.00145705, -0.0406805, 0.00122733, -0.000266153, -0.00158358, -0.00011979, 0.00240482, 0.00186095, 0.00214583, 0.000162657, 0.0183844, -0.00508833, -0.0270621, 0.0637783, 0.0589345, 0.0831458, 0.0878916, 0.0464447, 0.0470698, 0.0903056, 0.104391, 0.170286, 0.0781654, 0.0458775, 0.0146621, -0.0267828, 0.0156736, 0.0212796, 0.00714024, -0.00653482, -0.0304069, -0.132291, -0.0239846
# -0.000491378, -0.0454568, 9.24241e-05, -0.00158103, -0.00100219, -0.00170051, 0.000658686, 7.68158e-05, 0.000963142, -0.00248928, 0.00476099, 0.000366445, -0.0253958, 0.087199, 0.0821003, 0.0948359, 0.0887858, 0.0697756, 0.0797735, 0.0967651, 0.0922327, 0.0781654, 0.223879, 0.0169873, 0.0275938, -0.014513, 0.0202934, 0.0256706, 0.00557032, -0.031696, -0.0201909, 0.0135435, -0.164102
# 0.00393856, -0.0197917, -0.000430634, -0.00284711, 0.00130451, 0.0014805, -0.000206504, 0.00287765, 0.000817629, -0.000369123, -0.0115114, -0.00817751, 0.115712, -0.0616864, 0.0172067, 0.0778, 0.0350651, 0.0163443, 0.037261, 0.0496325, 0.0559907, 0.0458775, 0.0169873, 0.573253, 0.0066689, -0.0593909, 0.0462249, 0.0313145, -0.0328205, 0.0275056, 0.0128325, -0.0651493, 0.00160653
# -0.00249464, -0.00448678, -0.00216027, -0.000406054, -0.000110155, 0.00305018, -0.000825499, 0.00230704, -0.00115435, -0.00118904, 0.0025535, -0.0037147, -0.0571802, 0.000123375, -0.156243, 0.00184777, 0.00593131, 0.00278443, 0.0127653, 0.0132817, 0.0169729, 0.0146621, 0.0275938, 0.0066689, 0.601244, 0.0659312, 0.0432966, -0.00205751, 0.015592, 0.000771275, -0.0189616, -0.0919516, 0.0186102
# 0.00183917, 0.00333814, -0.000427713, 0.000486141, -0.00614837, -0.00227473, 0.00163599, 0.0040288, -0.000181844, -0.000510947, 0.00385496, 0.0422524, -0.122567, 0.0145119, 0.0110249, -0.160417, -0.0106413, -0.00198004, -0.0238152, -0.00248338, -0.000807997, -0.0267828, -0.014513, -0.0593909, 0.0659312, 0.731222, -0.0543352, -0.0106881, 0.0136916, -0.0480128, -0.0523515, 0.0433134, 0.0742715
# -0.00348863, -0.00897189, 0.00208675, 0.00071655, 0.00159082, -0.000309339, -0.00507753, 0.000143111, 0.000350094, -0.00157226, 0.0209874, -0.0317246, 0.00238827, 0.00565341, 0.0116479, 0.0408295, -0.0831887, 0.0161858, -0.016024, 0.0142865, 0.0413382, 0.0156736, 0.0202934, 0.0462249, 0.0432966, -0.0543352, 0.52617, -0.00563169, -0.0426774, 0.0240164, 0.0434511, -0.0548164, -0.039062
# -0.00134814, -0.00157188, 0.000774117, 0.000457291, 0.00300923, -0.000679015, -0.000853139, -0.00220149, 0.00171216, -0.00103478, 0.0165856, -0.0326584, -0.0718036, 0.0101251, -0.00536674, 0.000581223, 0.0173078, -0.108422, -0.0159149, 0.0166025, 0.00386342, 0.0212796, 0.0256706, 0.0313145, -0.00205751, -0.0106881, -0.00563169, 0.625301, 0.0171683, -0.0280844, -0.0330159, 0.0264458, -0.0246479
# 0.0013271, -0.00222921, 0.0020838, -0.000984326, -0.00286057, 0.000758539, -0.00215698, 0.00219876, -0.00170314, 0.00314591, 0.0130851, 0.0111803, -0.18366, 0.0193779, 0.0501769, -0.0549633, 0.00423974, 0.0220451, -0.108536, 0.0320902, 0.0377056, 0.00714024, 0.00557032, -0.0328205, 0.015592, 0.0136916, -0.0426774, 0.0171683, 0.748927, -0.123606, -0.127091, 0.0288306, 0.010384
# 0.00129786, 0.0067285, -0.00332165, 0.00139621, 0.00644397, 0.00302261, 0.00139042, -0.00238541, -0.000686342, -0.00030159, -0.0130614, -0.0269956, 0.155509, -0.00573445, -0.0242704, 0.0241471, -0.00862644, -0.0133568, 0.0263213, -0.136667, -0.027584, -0.00653482, -0.031696, 0.0275056, 0.000771275, -0.0480128, 0.0240164, -0.0280844, -0.123606, 0.630863, 0.0730713, -0.0102759, 0.0375714
# 0.00112493, 0.00471448, 0.0015086, 0.00037737, 0.00145091, 0.00105354, 0.0029731, -0.00509787, 0.000814851, 0.00107177, -0.0113807, 0.00858961, 0.2153, 0.00950204, -0.0291563, 0.00929216, -0.0195285, -0.00775754, 0.0265971, -0.00271283, -0.12466, -0.0304069, -0.0201909, 0.0128325, -0.0189616, -0.0523515, 0.0434511, -0.0330159, -0.127091, 0.0730713, 0.573116, 0.0198193, 0.00900644
# 0.000935263, 3.32724e-05, -0.00198499, -0.000941901, -0.00175918, -0.00198316, -0.000141924, -0.00125639, -0.00120671, -0.00090536, -0.00848137, 0.0216488, 0.0332136, 0.00619424, 0.0371062, -0.0113376, 0.0026416, 0.0014321, 0.00899912, -0.00814627, -0.0299438, -0.132291, 0.0135435, -0.0651493, -0.0919516, 0.0433134, -0.0548164, 0.0264458, 0.0288306, -0.0102759, 0.0198193, 0.594704, -0.0235578
# 0.000972091, 0.00253914, 0.00150837, 0.000786227, -0.000573572, -0.00113942, -0.00237515, 0.00436729, -0.00278806, -0.00141995, -0.0123647, -0.00186388, -0.0091863, -0.0195083, -0.0197422, -0.0182959, -0.0167026, 0.0394874, -0.00490276, -0.00988864, -0.0195819, -0.0239846, -0.164102, 0.00160653, 0.0186102, 0.0742715, -0.039062, -0.0246479, 0.010384, 0.0375714, 0.00900644, -0.0235578, 0.568328
-802.00756,0.99402333,0.25774613,4,15,0,818.47662,0.47839658,2.5162166,0.25115326,-0.42735298,0.31436397,-0.16780557,0.32652862,-0.090746752,0.38922518,-0.30358176,-1.0116882,-2.5992859,0.69169318,-1.2763952,0.94986628,0.53005369,-0.65762724,1.3285307,1.834615,-1.3930451,-2.2294851,-0.61048673,-0.09454262,-0.09114795,-0.10275615,0.018702009,-0.1343837,-2.7652551,-0.42565202,-0.68547048,1.4416559,-0.031970247,-1.8473172
-802.4954,0.99819606,0.25774613,4,15,0,815.33823,0.42744888,2.4318494,0.27003225,-0.33407917,0.28683254,-0.18596284,0.33442474,-0.066891004,0.36155208,-0.29336608,-0.61980069,-2.4799556,0.077150726,-1.2557988,0.37742384,-0.12996063,-0.77496814,0.92180488,1.1760901,-1.1394221,-1.6991223,-0.22092794,-0.15688895,0.038560745,0.30781231,1.0398089,0.6407388,-2.4050884,0.44256491,-1.6395438,0.64975419,-1.6711884,-1.7378718
-799.90359,0.98022448,0.25774613,4,15,0,822.49886,0.33261622,2.3574477,0.30713987,-0.40208972,0.28332567,-0.12091604,0.34154334,-0.046766162,0.42108137,-0.29804699,-1.198541,-1.8858261,0.30780168,-0.84160875,0.62216056,1.7941111,-0.34337151,1.2088707,1.8375319,-1.7334571,-1.5394405,0.0063933834,0.70910521,0.59341784,0.18679791,0.43548048,-0.024995225,1.3078561,0.31790764,0.34084316,-2.1472284,0.39810962,1.057745
-791.286,0.97797359,0.25774613,4,15,0,812.4637,0.51086869,2.4796765,0.24531062,-0.39225534,0.2200258,-0.13836097,0.39225046,-0.10477511,0.35956074,-0.29868329,-0.93621134,-0.88977408,0.38746356,-1.0850064,0.31464807,0.091567125,-1.1217276,1.4436681,0.84361388,-1.0689618,-1.6858257,-0.89734312,0.018933924,-0.72613737,-0.20070536,1.1645796,0.3614628,-1.7927777,0.95583444,-1.0314654,-0.20837827,0.4420949,-0.58561718
-796.75795,0.87024475,0.25774613,4,15,0,811.4407,0.39995076,2.4732177,0.21318792,-0.43050118,0.31327479,-0.1001437,0.35119318,-0.12566817,0.435499,-0.19347336,-0.99650199,-1.4396652,0.29968896,-0.97623784,0.66338517,0.99836925,-0.79942822,1.268556,0.83016017,-1.5056105,-1.9556008,-0.092617548,-0.33925779,0.11914261,-0.75719408,1.2211225,0.78132703,-0.45264833,0.91211685,-0.81159346,-1.1775752,0.022910508,1.0690277
-793.18957,0.91056395,0.25774613,4,15,0,818.26155,0.3464636,2.4042216,0.35938271,-0.42820404,0.23310677,-0.13683666,0.38039832,-0.090746864,0.36119259,-0.33678735,-0.88805868,-1.0671969,-0.16603566,-0.44878574,0.85667137,-0.20200541,0.072636764,1.6120423,2.2917432,-1.0193428,-1.8002396,0.055736742,1.3146477,-0.70985809,-0.18899089,2.1964158,-1.7376037,-0.78013655,0.64009748,-0.44925575,-1.0523103,-0.1739897,-0.5733779
-801.73427,0.91722383,0.25774613,4,15,0,813.12422,0.40958102,2.2314203,0.31723722,-0.41443215,0.21030673,-0.021707841,0.24189385,-0.12841186,0.36803329,-0.26681636,-1.2186907,-1.391359,0.17568443,-1.1281497,1.6113838,0.22886188,-0.061365183,2.2557482,2.6400374,-0.63960324,-1.9492454,-0.050825312,1.3966925,-1.0448857,-1.2334726,1.4137563,0.02800561,0.596001,1.0689294,-0.2902178,-0.3871304,-0.0218295,-0.79432373
-802.77975,0.80372931,0.25774613,4,15,0,824.72206,0.35963134,2.4774298,0.31251495,-0.38970727,0.16945992,-0.15112552,0.34465356,-0.085893903,0.4271685,-0.20239123,-0.8789797,-2.2596826,0.55386293,-1.8817402,0.58527951,0.61358403,-0.47633741,1.5212223,1.6536827,-1.8658688,-1.6605976,-0.39558954,-0.18286019,0.96013263,0.8693704,1.665393,0.667723,-2.1375721,-0.66082476,0.5985932,-0.47500711,0.71028498,0.23958914
-799.16796,0.99940338,0.25774613,4,15,0,817.27844,0.371325,2.1549673,0.37992742,-0.36597328,0.28092857,-0.16796385,0.37615808,-0.10609347,0.34127564,-0.29819476,-1.0748507,-2.0891152,0.77687796,-0.26206553,1.5905945,1.119917,0.023829452,2.0640664,2.3429884,-0.83393588,-1.3783656,0.40415752,1.4711108,-0.83178059,0.11510545,0.93385053,0.30368087,-1.4541235,0.58458864,-2.0405675,0.45707769,-0.32904693,-0.62878115
-794.41225,0.86275497,0.25774613,4,15,0,816.27084,0.41857028,2.5008103,0.20649658,-0.40056105,0.1936554,-0.11711272,0.3469781,-0.12568309,0.3876518,-0.25807545,-0.6344723,-1.9023631,0.50421355,-0.68936073,0.93001097,-0.13662651,-0.56558543,1.0084945,1.4316797,-1.3175554,-1.2229357,-0.24838435,-0.29338118,0.65928315,-0.34791749,1.6786704,-0.61530215,0.36718192,0.47713288,-0.03601682,-2.1223411,-0.15115683,0.46593027
-796.77548,0.99557114,0.25774613,4,15,0,808.3253,0.38427011,2.6298072,0.36240745,-0.38725503,0.28201018,-0.17942327,0.42481298,-0.087142377,0.42572163,-0.18859258,-0.49769644,-1.6724926,0.74059518,-1.2782551,-0.26098053,0.17815645,-0.69347436,0.64480868,0.45215513,-1.0571515,-1.6167246,-0.5029298,0.14752662,1.0744693,1.4730296,0.68132015,0.6319856,-0.2419335,0.28378243,0.3290186,-0.74925545,-0.26658291,-0.24504929
-796.88907,0.99120578,0.25774613,4,15,0,811.09825,0.38388578,2.6701842,0.29902572,-0.40352375,0.20809717,-0.16102927,0.38437163,-0.05322125,0.45774111,-0.20529585,-0.62129104,-1.5848298,0.79096674,-1.5035045,0.36684716,0.17537513,-0.67082831,0.084954376,0.73560032,-1.3783609,-1.6043897,-0.57891852,-0.31847638,2.2637819,1.0010118,1.4907098,0.015625499,0.16671071,-0.64002635,-0.45533101,-0.96517645,-0.22355758,-0.86800682
-796.36314,0.9757674,0.25774613,4,15,0,810.94109,0.37793818,2.7012546,0.30429775,-0.40435,0.19574712,-0.16102943,0.39568823,-0.071306147,0.44207604,-0.1921661,-0.60866865,-1.493799,0.7687255,-1.4374135,0.42322414,0.070122467,-0.66408993,0.074491032,0.69363845,-1.5067616,-1.6396079,-0.54864019,-0.47716044,1.8190047,0.57644758,1.6251815,0.02622715,0.028221719,-0.64197134,-0.36323612,-0.92210842,-0.48587313,-0.73710373
-796.12063,0.9428349,0.25774613,4,15,0,811.99455,0.43401605,2.1731899,0.27696718,-0.36929806,0.26493015,-0.12733362,0.34048841,-0.14484481,0.31655931,-0.35259369,-0.70740049,-2.126867,0.79588108,-0.40721153,0.47979465,0.83899237,-0.032662023,1.5810078,1.8576844,-0.57517133,-1.2527562,0.30993944,0.95010395,-1.1074008,0.64952827,0.5494424,1.189859,1.0528324,-0.51977666,-0.076485546,-1.0880873,-0.7137414,0.11734472
-795.95217,0.99639071,0.25774613,4,15,0,812.32058,0.33668267,2.3756416,0.25040162,-0.45851418,0.27014208,-0.13777221,0.38753629,-0.10932914,0.46986171,-0.26332218,-0.57111187,-1.6527363,0.01903649,-0.61389566,1.0077549,0.61757036,0.1921132,0.78102,1.1340566,-0.4747495,-0.91112007,-0.11623269,0.17650082,0.93583395,-0.50590362,-0.03822358,-1.7550346,-1.379398,0.16453488,-1.4071319,-1.7885439,-0.87397429,0.61174287
-795.84435,0.99992044,0.25774613,4,15,0,808.74576,0.4122951,2.5010329,0.28674852,-0.32353294,0.21387757,-0.091015359,0.32427529,-0.10157378,0.3192721,-0.30731011,-0.77997602,-1.7251788,0.62362342,-1.2012483,0.55538208,0.13213641,-0.95002877,1.3631369,1.1860112,-1.6010882,-2.1281782,-0.59567637,0.10953308,1.0922013,-0.033628206,1.2796189,-0.035286326,-0.76230909,-0.79705868,-0.44635116,0.69011715,1.828838,-0.4488947
-794.17549,0.97326235,0.25774613,4,15,0,809.12513,0.33362929,2.2139646,0.28682581,-0.41232467,0.26610021,-0.15817782,0.37831651,-0.084868428,0.40834809,-0.2482143,-0.80037098,-1.3394247,0.14587419,-0.38883708,0.87810221,0.74310408,-0.073788282,1.0297789,2.2494672,-0.39779804,-0.15135897,0.25798097,0.58016921,0.19205807,-1.11149,1.7609978,-0.6588082,-0.71590347,0.91244409,-1.8981738,-1.7601607,-0.10297814,-0.20558384
-792.86792,0.97662466,0.25774613,4,15,0,806.74685,0.35407098,2.2609699,0.25482007,-0.39976604,0.26403703,-0.093363279,0.38477038,-0.070706239,0.38352448,-0.27431755,-1.0319048,-1.239791,0.459865,-0.8155446,1.2545566,0.49306624,-0.30544906,1.4700375,2.6377651,-1.28822,-1.2810551,0.11105706,0.15595016,0.50693829,-0.25625271,0.83305584,0.63625601,-0.94402582,1.2169087,0.13122825,-0.088062486,0.76190637,0.8968013
-802.52498,0.95275604,0.25774613,4,15,0,814.96716,0.40018847,2.4241516,0.33109974,-0.3437005,0.32683193,-0.18731531,0.51965553,-0.19656023,0.31192165,-0.30133451,-0.76577427,-1.2459988,-0.0071749768,-0.27632883,0.57394056,0.22126153,-0.79269351,1.4790053,2.0706544,-0.54912294,-1.8402997,0.07271799,0.99535445,-0.60242053,-0.031184456,2.1901665,-0.23048805,-1.8056191,0.25936394,-1.1905697,-1.0699003,-0.50660484,-0.95817714
-790.51713,1,0.25774613,4,15,0,813.59161,0.34320123,2.5198925,0.31253912,-0.44606015,0.25263727,-0.13487725,0.28070175,-0.10692071,0.34943976,-0.24760586,-0.74195135,-0.16639252,0.29403932,-1.3565128,0.60743634,-0.3863329,-0.17121073,0.81743074,0.7751074,-1.5329746,-0.53716073,-0.11015953,0.2999577,0.47047725,-0.40890714,1.1156969,-0.57076224,0.0030168683,0.56611692,-0.24758098,-0.90141581,-0.22173021,-0.2495035
-795.08219,0.53723549,0.25774613,4,15,0,807.46005,0.44482381,2.3328617,0.29021284,-0.33503135,0.20187618,-0.18609179,0.40932526,-0.11926941,0.36246526,-0.32066831,-1.3257958,-1.0476433,0.45756502,-0.4013785,0.60550814,-0.16073892,-0.38648708,2.1721481,2.2760485,-1.5608423,-1.4817623,-0.24818605,-0.21032252,-0.71348758,0.089261273,3.4911657,-0.45329837,-1.233005,-0.17811965,-0.49955069,-0.97277742,0.056725579,0.74597878
-789.39791,0.97368871,0.25774613,4,15,0,809.87152,0.41476752,2.4442247,0.28903556,-0.31338523,0.26661562,-0.082962151,0.28285921,-0.081544401,0.3448995,-0.21096488,-0.49728556,-0.83245323,-0.13782274,-0.52390584,0.43746156,-0.33031324,-0.43930819,0.96424806,0.9381732,-1.0459193,-1.1548586,0.41015466,-0.11504098,0.024112256,-0.25553556,0.99725356,-0.32822024,-0.52197177,-0.22868922,-0.8517877,-0.74322191,-1.0051702,-0.012841544
-791.16047,0.98589194,0.25774613,4,15,0,800.68577,0.37497134,2.3242893,0.27384214,-0.48286744,0.26934756,-0.1360698,0.45529569,-0.10461931,0.39907143,-0.33897084,-0.91645319,-0.70234065,0.099183625,-0.79371957,1.6809765,0.75627586,-0.44282781,1.2547501,1.7246852,-0.39666135,-1.0646236,-0.71810982,0.56831822,-0.32628081,-0.71479364,1.3701626,0.38603332,-0.46611499,1.1459692,-0.30864501,-0.89003704,0.51373316,0.068050784
-791.33843,0.94659973,0.25774613,4,15,0,809.39143,0.34940004,2.5671622,0.27923928,-0.35642338,0.17974795,-0.13092099,0.242997,-0.05756373,0.32937867,-0.29401242,-0.96208888,-0.84984349,0.37735654,-1.6255078,0.39952709,-0.66013166,-0.47607736,0.63444724,0.77945488,-1.6948716,-1.3869887,-1.1629938,0.21663532,0.17103093,-0.55492254,2.0610317,-0.16049033,-0.46356324,0.4169562,-0.026433988,-1.0502427,0.5623418,-0.36334111
-801.91808,0.51496141,0.25774613,4,15,0,814.65735,0.40422373,2.2684836,0.23188581,-0.46427654,0.23319938,-0.059254094,0.36080333,-0.1765688,0.39080156,-0.28792437,-1.2415202,-1.8061788,0.89737167,-1.2527874,1.3768119,0.85795633,-0.14879779,1.60215,2.0997697,-1.2729228,-1.8585523,0.10073333,1.0611988,1.4233095,-2.11464,-0.23871397,0.62100686,-1.0516612,-0.022683213,1.0547145,0.23033842,-0.35010497,-1.1222623
-801.47849,0.98537631,0.25774613,4,15,0,816.26316,0.4008771,2.3457879,0.26481895,-0.43895122,0.2530846,-0.069886633,0.31017362,-0.14441225,0.39700052,-0.29560339,-1.2711075,-1.7972995,0.8908123,-1.3373828,1.2616593,0.74660478,-0.20005107,1.3259987,2.0094595,-1.4970452,-1.9060031,-0.23440108,0.92090992,1.1999227,-2.6271566,-0.81648928,0.43321486,-0.93472578,0.70226424,1.4068637,0.45414967,-0.1005025,-0.66890516
-803.42581,0.94097672,0.25774613,4,15,0,822.95875,0.39384965,2.6027216,0.24851898,-0.37717307,0.28405431,-0.072164972,0.27527572,-0.10338602,0.34125015,-0.20741815,-1.2599274,-0.76717001,0.65559723,-1.9977093,0.83798651,0.45597577,-0.79919346,0.71571202,1.718105,-2.3667917,-2.2781039,-0.7878806,0.023572753,0.1299869,-2.0316708,0.00012665914,1.0816008,-0.66171464,-0.78675244,0.78483047,-0.065244635,0.022436369,-0.20550258
-796.23999,0.99784261,0.25774613,4,15,0,816.91547,0.35808606,2.3995219,0.34153882,-0.42486961,0.23471346,-0.2276241,0.4105098,-0.12512938,0.40355218,-0.35154122,-0.84530596,-1.4521543,-0.27028778,-0.6719662,0.69557226,-0.02546222,-0.31912801,1.6281364,1.2570317,-0.26774278,-1.7648865,-0.013711497,0.32278233,0.54950778,0.82318156,2.2254492,-1.9891999,-0.39013473,1.4807866,-1.6149421,-1.2355978,-0.38039344,-0.044703578
-800.03445,0.97560279,0.25774613,4,15,0,813.17659,0.35325851,2.4329985,0.22576831,-0.50595719,0.27256846,-0.077482827,0.28556638,-0.12921278,0.37076646,-0.20448929,-1.1489183,-1.3219067,0.70313323,-1.7461581,0.80792015,0.56169983,-0.66027309,1.3869708,2.3216507,-1.7174931,-2.089295,-0.10540525,0.46986142,0.25526636,-0.058227411,0.27423039,0.14864239,-1.7429223,0.67662324,0.69777709,0.31703749,-0.46979717,-0.60554227
-793.6623,0.99387824,0.25774613,4,15,0,814.03264,0.40356431,2.3316321,0.36344967,-0.36369013,0.28656571,-0.21527851,0.46381624,-0.07927714,0.37941171,-0.39003321,-0.29981438,-1.6922025,0.03541743,-0.11309585,0.67800713,0.3055486,-0.27693918,1.0863784,1.0903471,-0.27651691,-0.69729856,0.028668345,0.25080216,0.08044251,-1.1117266,2.6162457,0.32692686,-0.27076509,0.75453863,-1.4672143,-2.090836,0.087176286,0.37674551
-795.50467,0.97773663,0.25774613,4,31,0,813.88359,0.41671524,2.299444,0.21679517,-0.38117955,0.21957014,-0.016795163,0.31049371,-0.1001973,0.39496868,-0.24936861,-0.64752351,-1.9293946,0.43117268,-0.65058559,0.90368845,0.50691502,-0.10164089,0.86172682,1.7044203,-1.1837146,-1.1683129,0.091862882,0.6668845,1.0526846,0.10679692,0.58228316,-1.3787909,-1.1098969,-0.31511301,0.17902497,-0.042544052,-0.77459297,-1.2937428
-796.3824,0.88397626,0.25774613,4,15,0,818.40709,0.39350946,2.2977277,0.25900316,-0.37867979,0.21813297,-0.070374834,0.31487215,-0.14012677,0.39347177,-0.29450085,-0.48665581,-1.835096,0.26034485,-0.52102777,0.65244419,0.70675173,-0.41075177,0.91161345,1.8377874,-1.0034841,-0.81761579,-0.60704776,0.5393246,0.18645778,1.0233733,0.98164698,-0.00055562942,-1.334977,-0.96366042,0.25008066,-0.58370988,1.0784321,-0.63990502
-792.08156,0.99864369,0.25774613,4,15,0,815.83935,0.3352996,2.5232736,0.3073954,-0.41871058,0.25930483,-0.17220985,0.39049363,-0.089991763,0.37621772,-0.32486573,-0.68460943,-2.5334495,0.28342594,-0.85309113,0.69985295,0.20991931,-0.49173161,0.99531289,1.156952,-1.4603652,-1.9058045,-0.13851269,0.23206091,0.28803962,-1.6836881,0.86606003,-0.34318477,0.61059522,0.60517432,-0.87952916,-0.92458471,0.27775413,0.65182227
-795.83908,0.96235807,0.25774613,4,15,0,805.3873,0.40851371,2.4608696,0.3100995,-0.3927896,0.23548305,-0.19202819,0.39723371,-0.11562004,0.36893677,-0.30030211,-0.881006,-2.2554576,0.21771422,-0.70365608,1.226254,0.58333265,-0.83404576,0.95917021,1.3201461,-1.336859,-2.1141026,-0.19861738,0.08486298,0.34020825,-3.1052991,-0.57615691,-0.47140944,0.89472728,-0.41424012,0.020182871,-0.34193798,0.10708373,0.41615207
-797.47615,0.9980305,0.25774613,4,15,0,810.94748,0.41708404,2.5169297,0.24484336,-0.44843236,0.22517001,-0.14484505,0.38006734,-0.062189808,0.42759628,-0.24818008,-0.48100622,-3.1592119,0.20130939,-1.0468287,-0.037642105,-0.098318728,-0.79199188,0.73394457,0.99334081,-1.0540219,-1.3746499,-0.50951271,0.16015299,0.0950875,-1.4860585,1.1654071,0.71703372,-1.1672937,-0.29377396,-0.081191738,0.8463247,0.039166265,0.26943133
-800.66055,0.95959496,0.25774613,4,31,0,816.65425,0.33540473,2.4274707,0.36000797,-0.34296584,0.33569138,-0.17293714,0.40534085,-0.08055119,0.41179189,-0.31107668,-0.40186606,-3.5078361,0.62515651,-0.54541174,0.77333269,0.35174813,-0.16951543,0.60343182,1.1410686,-0.85127801,-1.1286211,-0.076387898,-0.082386315,0.3656821,-1.9600774,-0.95141957,0.092358794,0.19307044,-1.8388206,-0.61846637,-1.6170431,-0.82902328,0.057858535
-801.89674,0.86305614,0.25774613,4,15,0,823.36821,0.28635677,2.2438022,0.29566598,-0.4078534,0.17648448,-0.16623332,0.33729877,-0.15763611,0.38564835,-0.314615,-0.28852194,-2.7384748,0.35874387,0.24846458,0.33464082,0.59136322,-0.24400788,1.1313665,0.99667615,-0.39551705,-0.93709063,-0.1341966,0.50608424,0.68643585,-0.84786536,-1.2366333,-0.50537012,0.19072634,-0.1251829,0.86277842,-2.076157,-0.00060878785,-0.91725396
-800.93678,0.91395588,0.25774613,4,31,0,822.40976,0.38839873,2.1624237,0.32957451,-0.42442948,0.30172412,-0.1444995,0.35829653,-0.084978584,0.30337263,-0.33652766,-0.95577091,-2.6747386,0.62692493,-0.29804144,1.3115133,1.4843973,-0.20754556,1.2589088,2.1968713,-0.53550932,-1.2556986,0.028435223,1.0612959,-0.72626379,1.0603995,2.5330368,0.27335435,0.46227568,1.013014,-1.9728472,0.75519429,-0.48765281,-0.10942354
-798.58157,0.99510592,0.25774613,4,15,0,814.73636,0.3780812,2.2755862,0.32456828,-0.43178164,0.30843281,-0.17273996,0.36149553,-0.10782508,0.31663162,-0.32808849,-1.0126848,-2.1229018,0.61647022,-0.45025996,0.97439155,1.3982202,-0.25994494,1.0540994,1.8995439,-1.0743672,-1.2758749,-0.22379937,0.69382814,-0.99753206,0.83109379,2.5344505,0.018006397,0.17199922,0.64795227,-1.6895511,0.45365128,-0.13386653,0.066202906
-797.06058,0.95519682,0.25774613,4,15,0,816.08941,0.40981029,2.5417074,0.2568747,-0.3522346,0.17100774,-0.085808281,0.32379267,-0.098594928,0.39953864,-0.25907284,-0.7391601,-1.6925031,-0.34158062,-1.2267291,0.35319071,-0.54053975,-0.76881841,1.5909438,1.5138406,-1.4701598,-1.9256711,-0.15450362,-0.22654157,0.44712141,-0.96293862,0.70801775,-0.97230504,-0.97577529,-0.15118043,-0.63106898,-1.8861889,-0.37732314,-0.52613343
-802.0564,0.90121614,0.25774613,4,15,0,820.41651,0.31461436,2.7116196,0.31357891,-0.42800214,0.30842753,-0.14780882,0.40863914,-0.12030533,0.45539051,-0.31011032,-0.73106482,-2.306539,0.5347301,-1.2217012,0.013501361,0.35252388,-0.88364433,0.53498447,0.62907018,-1.6201294,-2.0003257,-0.84611887,0.163236,1.6122045,-0.029135168,0.27873171,0.99643933,-1.3127939,-0.17142999,1.2625378,-1.8619753,-0.35841243,-3.1016075
-800.57152,0.9751304,0.25774613,4,15,0,818.90127,0.36642899,2.5978128,0.30976775,-0.39426156,0.32045538,-0.17772057,0.37062164,-0.11306239,0.3858888,-0.25451469,-0.8114719,-2.459424,0.55522936,-0.84481563,-0.24291026,0.40256792,-0.68548092,0.41355588,0.54155725,-1.2160744,-1.8414721,-0.64430071,-0.29702069,1.5496179,0.15481402,0.015641708,0.86028238,-0.9017554,-0.070923111,0.33871998,-1.3900372,-0.25199183,-1.7343403
-800.48743,0.99810456,0.25774613,4,15,0,815.57771,0.39071353,2.5501305,0.199281,-0.38760878,0.20680153,-0.16617939,0.39745577,-0.11906609,0.34765328,-0.35485061,-0.68369826,-3.2462963,-0.37930921,-0.87883602,0.67615143,0.19037285,-1.0309678,0.45376661,1.1259366,-1.0973873,-1.9383109,-0.91704187,-0.071746397,-0.42020178,-0.49933567,0.68449909,0.19604535,1.654735,-0.01151985,-0.34544768,-1.5069244,1.0590228,-1.4354992
-798.90941,0.9938301,0.25774613,4,15,0,816.05936,0.46785005,2.1031375,0.33121978,-0.41243845,0.32401516,-0.13686877,0.3018103,-0.083716844,0.3772551,-0.26361316,-0.72830099,-2.5621581,0.35401437,0.29232258,1.1173614,1.1638871,0.40534493,1.7122054,2.1838991,-0.61570365,-0.77169912,0.55133357,0.55973497,-0.11265305,-0.50508984,-0.0096206412,-0.40950402,1.0307916,0.7129974,-0.098046993,0.2384934,-1.9524732,-0.47988454
-798.35964,0.95508541,0.25774613,4,15,0,815.50982,0.27068747,2.7473058,0.25196334,-0.37439811,0.16754996,-0.13074687,0.4182001,-0.14735097,0.36252736,-0.35601679,-0.55867773,-1.6000152,0.36613567,-1.7170415,-0.073997637,-0.17347162,-1.215557,0.29385682,0.38046707,-1.2415843,-2.1825298,-0.95109714,0.02643843,0.47823295,0.023159803,2.0010314,-0.46383637,-1.3454201,0.51622092,-0.90695579,-0.33133407,1.6199205,0.087150951
-801.60119,0.98821567,0.25774613,4,15,0,814.09586,0.26222467,2.8246499,0.23684657,-0.40517723,0.22766537,-0.16177271,0.37053504,-0.063851818,0.36249803,-0.31132036,-0.63521622,-1.8616097,0.17110165,-1.8741503,-0.3421804,0.35866312,-0.8025759,0.39120704,0.82255034,-1.3790678,-2.0479433,-1.1137734,-0.1827841,0.42040699,0.61556119,1.4589763,-1.003484,-1.424722,-0.38162445,-0.65498515,-1.6916726,0.6358353,0.85941368
-796.73488,0.9971051,0.25774613,4,15,0,814.12315,0.40690533,2.5131423,0.36424031,-0.43666817,0.26679783,-0.15024795,0.38711768,-0.11282162,0.37554517,-0.24823864,-0.59424704,-1.8448742,0.35270471,-0.83103194,1.0134616,-0.23919587,-0.57010733,0.73485725,0.90337508,-0.94979999,-1.5192514,-0.091193884,-0.13154666,0.96200738,-1.9734436,-0.52265508,-0.53388165,-0.82743932,-0.16671947,-0.35150627,-1.3720209,-0.58890764,1.5588297
-795.1316,0.99290551,0.25774613,4,31,0,809.73224,0.38004082,2.4395619,0.21079456,-0.37530271,0.23807542,-0.15655157,0.36037818,-0.11121088,0.39630714,-0.32833633,-0.5845728,-2.604942,-0.1997826,-0.69267606,0.5024603,0.54931941,-0.4865965,0.78487179,1.3093594,-1.3100054,-1.4107741,-0.45351619,0.21247983,-1.1077771,0.12715441,2.8698267,1.0935583,0.17344569,0.2632077,-1.049078,0.38648536,1.5314723,-0.1872464
-794.74009,0.92229925,0.25774613,4,31,0,811.07194,0.44057314,2.4905708,0.41376454,-0.34920332,0.21838751,-0.11600872,0.36818359,-0.081169128,0.41375731,-0.29190842,-0.58256522,-1.7335378,0.23404135,-1.0918293,0.53676841,0.35172947,-0.56123342,0.70376256,1.1358012,-0.72753727,-1.530888,-0.053552524,-0.48446198,0.94857217,-1.2370564,-0.32485496,0.65570886,-0.78356525,0.047630588,-0.85960939,-0.39672031,-0.76001959,1.4553955
-794.64444,0.99515408,0.25774613,4,15,0,809.99822,0.45349925,2.5443611,0.38241548,-0.36453271,0.23568173,-0.13221835,0.34145112,-0.038809197,0.40438811,-0.28117659,-0.55141365,-1.7038811,0.31703494,-1.023576,0.25813437,0.074479547,-0.60081288,0.47330695,0.98206385,-0.92793339,-1.5400109,-0.28284071,-0.72154519,0.91625582,-0.69371488,0.15315461,0.4860154,-1.2367653,0.77247951,-0.52816754,-0.21855877,-1.34511,2.3141232
-796.09292,0.88373474,0.25774613,4,15,0,814.96523,0.30894461,2.4646733,0.19573268,-0.45551362,0.25665823,-0.15212106,0.41879859,-0.12845031,0.39334289,-0.28476651,-0.93405232,-1.5962688,0.47519638,-0.56183444,0.87444701,0.21585438,-0.66300471,1.2121322,1.361729,-1.0493869,-1.6808425,-0.30895379,0.97883462,-0.96576496,-0.12256442,1.3041803,-0.41079358,0.73506214,-0.44405463,-1.2514204,-1.9264986,0.64554573,-1.1673779
-803.29044,0.98225858,0.25774613,4,15,0,814.78795,0.38711629,2.118703,0.25449305,-0.39070037,0.28613046,-0.20651716,0.32570308,-0.019616579,0.23552352,-0.2353441,-0.81470109,-1.3731862,0.62669226,-0.47578769,1.0992872,0.79181938,0.0081570921,1.9911267,1.6178896,-0.46010568,-0.79764346,0.35912976,-0.14077659,0.96479889,-0.14993188,1.5819778,0.1017228,-0.19484273,1.604867,-1.6938758,-0.23414604,-0.21790318,1.5915798
-793.978,0.97787457,0.25774613,4,15,0,818.09069,0.32589647,2.5164811,0.25760949,-0.37741931,0.24542925,-0.14011378,0.32598632,-0.15455587,0.40795521,-0.28388273,-1.0573171,-0.97673507,0.21041054,-0.60583586,0.55040531,-0.54738965,-0.69586125,1.5437763,1.7364754,-0.94774427,-2.0236866,0.11776741,-0.66968197,-0.90851768,-0.30535446,1.4224703,-0.52499406,-1.5047302,-0.60331654,-0.34530201,-0.3118127,-0.52578676,0.22448912
-793.10002,0.98574825,0.25774613,4,15,0,807.2773,0.32025699,2.2198519,0.29813751,-0.37995377,0.22371547,-0.14817637,0.39642192,-0.0099599234,0.36500124,-0.32181485,-0.85899625,-0.9561513,0.31618883,-0.26051046,0.79635228,-0.22137946,0.35827479,1.7374102,2.0650727,-0.1772336,-1.2377835,0.301005,0.91204323,0.43128956,0.10210168,2.9335085,-0.30739742,-1.0281596,-0.0032695993,-1.1277117,-0.5937378,-0.020305301,-0.57349217
-792.36736,0.83331589,0.25774613,4,15,0,806.14777,0.44819138,2.3939799,0.255958,-0.41506145,0.22162773,-0.13724919,0.35084789,-0.16445201,0.41579887,-0.19120012,-0.89634033,-0.49759826,-0.099274421,-1.3740205,0.95959874,-0.19205058,-0.64518258,1.8101828,0.63406521,-1.4660208,-1.0147074,0.053699534,0.38040828,0.017917494,0.26779131,1.4852373,0.23336106,-0.16021636,0.53347165,-0.5549195,-0.74193081,-0.47371141,-0.35692027
-794.62931,0.73105835,0.25774613,4,15,0,807.79736,0.37977686,2.409121,0.28515698,-0.31916063,0.21555721,-0.076661581,0.3256691,0.018200946,0.34542402,-0.32267862,-0.8925094,-1.3814312,0.23467944,-1.0719111,0.98588676,-0.29411558,-0.69263703,1.3312479,1.5455298,-0.84635324,-1.6425851,0.0025934116,-0.066363153,0.53325787,-0.23381429,1.7452957,-0.64108808,-0.099182984,0.65732505,-0.24773161,-1.3584366,-0.51519174,0.56321687
-794.60086,0.97822124,0.25774613,4,15,0,807.79788,0.41099546,2.3305948,0.29346257,-0.46564634,0.2386697,-0.21187074,0.38684222,-0.23027534,0.37123122,-0.22333269,-0.27086214,-1.1884546,0.25304331,-0.21022755,0.65823943,0.67547523,-0.12014615,0.79942678,0.90186069,-0.49471078,-0.76302153,-0.087995431,0.60572695,-1.0859246,-0.83696317,0.35559608,-0.79497521,-0.56251267,-0.3326438,-1.4423385,-0.15739287,-0.59403837,-0.66106836
-803.31988,0.98071771,0.25774613,4,15,0,812.73685,0.37074484,2.3007384,0.2687727,-0.33898436,0.2595504,-0.053587211,0.28404153,0.033812712,0.38545683,-0.34641744,-0.83522455,-1.7376256,0.03887782,-1.053295,1.0185458,0.010143842,-0.087173958,1.5005485,1.5998004,-0.83897049,-1.5435307,0.12698834,0.1918735,1.688203,0.014972438,2.7401637,0.44563642,-0.68612431,2.0072395,0.46890852,-1.2978541,0.32094846,0.55931614
-795.3813,0.9664289,0.25774613,4,15,0,817.27352,0.37758514,2.4480037,0.26143196,-0.44257491,0.31044778,-0.096153654,0.41323115,-0.21206434,0.35408732,-0.31130117,-0.80585119,-2.1166848,0.3339317,-1.2325228,0.68613354,0.41988378,-0.664564,1.520644,2.077233,-1.1725869,-1.6953396,-0.51742369,0.47467592,1.1512657,-1.4701033,1.2373162,0.14251685,-0.93650027,-0.71106027,-0.84157832,-0.93576068,-0.38517564,-0.2905926
