# stan_version_major = 2
# stan_version_minor = 38
# stan_version_patch = 0
# model = survival_model
# start_datetime = 2026-03-12 11:40:49 UTC
# method = sample (Default)
#   sample
#     num_samples = 2000
#     num_warmup = 1000 (Default)
#     save_warmup = false (Default)
#     thin = 1 (Default)
#     adapt
#       engaged = true (Default)
#       gamma = 0.05 (Default)
#       delta = 0.8 (Default)
#       kappa = 0.75 (Default)
#       t0 = 10 (Default)
#       init_buffer = 75 (Default)
#       term_buffer = 50 (Default)
#       window = 25 (Default)
#       save_metric = false (Default)
#     algorithm = hmc (Default)
#       hmc
#         engine = nuts (Default)
#           nuts
#             max_depth = 10 (Default)
#         metric = dense_e
#         metric_file =  (Default)
#         stepsize = 1 (Default)
#         stepsize_jitter = 0 (Default)
#     num_chains = 1 (Default)
# id = 1 (Default)
# data
#   file = /Users/dansprague/Documents/PhaseSkate/benchmarks/scaling/data/data_H25.json
# init = 2 (Default)
# random
#   seed = 42
# output
#   file = /Users/dansprague/Documents/PhaseSkate/benchmarks/scaling/stan_output/output_H25_chain1.csv
#   diagnostic_file =  (Default)
#   refresh = 100 (Default)
#   sig_figs = 8 (Default)
#   profile_file = profile.csv (Default)
#   save_cmdstan_config = false (Default)
# num_threads = 1 (Default)
# stanc_version = stanc3 v2.38.0
# stancflags = 
lp__,accept_stat__,stepsize__,treedepth__,n_leapfrog__,divergent__,energy__,log_alpha,beta_0,beta.1,beta.2,beta.3,beta.4,beta.5,beta.6,beta.7,beta.8,log_sigma_int,log_sigma_slope,rho,z_int.1,z_int.2,z_int.3,z_int.4,z_int.5,z_int.6,z_int.7,z_int.8,z_int.9,z_int.10,z_int.11,z_int.12,z_int.13,z_int.14,z_int.15,z_int.16,z_int.17,z_int.18,z_int.19,z_int.20,z_int.21,z_int.22,z_int.23,z_int.24,z_int.25,z_slope.1,z_slope.2,z_slope.3,z_slope.4,z_slope.5,z_slope.6,z_slope.7,z_slope.8,z_slope.9,z_slope.10,z_slope.11,z_slope.12,z_slope.13,z_slope.14,z_slope.15,z_slope.16,z_slope.17,z_slope.18,z_slope.19,z_slope.20,z_slope.21,z_slope.22,z_slope.23,z_slope.24,z_slope.25
# Adaptation terminated
# Step size = 0.257816
# Elements of inverse mass matrix:
# 0.00105434, -0.000178695, -2.92619e-05, 0.000120601, -0.000133577, -3.15753e-05, -2.52223e-05, 2.96902e-05, -0.000151774, 0.000131489, -0.000182492, 0.00219303, -0.000589313, 0.000467705, -0.0015145, -0.000387573, -0.000448457, -0.000932678, 0.000615803, -0.000245348, -0.000422375, 0.000599142, -0.000630773, 0.000355691, 9.85849e-05, -0.00061874, -0.000495288, 0.00144322, 0.000662143, 0.000242553, 0.00128838, -0.00100123, -0.00071498, -0.000494065, -0.00149689, 6.48722e-05, -0.000848415, 3.72753e-05, -0.00128584, 0.000255744, 0.000799281, -0.000320194, 0.0013757, -0.00141797, 0.00148209, 0.000688514, 0.0008766, 0.000634528, -0.00107901, -0.00222526, 0.00141711, 0.000559212, -0.00201841, -2.68338e-05, -0.000379534, -0.00386178, 0.000643302, -0.00260249, 0.00131644, 0.00247591, -0.00257069, 0.00274087, 7.79975e-06
# -0.000178695, 0.0142604, -0.000241477, -0.000288354, 0.000251753, -0.000243154, 0.000418817, -0.000212725, -2.44592e-06, -0.000267069, 0.000483563, -0.00189634, -0.00423837, -0.0239471, -0.0212697, -0.0215321, -0.0251892, -0.0251304, -0.0222505, -0.0218166, -0.0231225, -0.0198144, -0.020043, -0.0237912, -0.0226243, -0.0224926, -0.0206277, -0.0179312, -0.0185479, -0.0188262, -0.0230509, -0.0163552, -0.0225075, -0.0216987, -0.0177367, -0.0220093, -0.0207121, -0.0217149, 0.000472608, -0.00882268, -0.0088758, -0.000657597, 0.00727532, -0.00759358, -0.00936262, -0.00679971, -0.0108642, 0.00231598, -0.00295717, -0.00364094, 0.00446652, 0.00340806, -0.00450003, -0.0164078, -0.0111426, 0.00273461, -0.000796067, -0.0110463, -0.00532986, -0.00915426, -0.00971033, -0.00410358, -0.00190517
# -2.92619e-05, -0.000241477, 0.000878671, -3.06891e-05, 9.01483e-06, 3.86303e-05, -9.89807e-05, 1.17139e-07, -1.24539e-05, 3.5085e-05, 0.000152892, 0.00144676, 0.000466794, 0.000671265, 0.000313443, 0.00125237, 0.00106784, 0.00112795, 0.000334132, 0.00117167, 0.00200371, 0.000416517, 0.000362251, 0.00146849, 0.000675332, 0.00128146, 0.000375832, -0.0013239, -0.000636993, 0.000565497, 0.00169184, -0.000882582, 0.000661365, 0.000393516, -0.000183079, 0.000560873, 0.000873009, 0.00235747, 0.000128046, 0.00197479, 0.000180405, -0.000212874, 8.87238e-05, 0.00134911, -0.000545861, -0.000575352, 0.000197476, 0.00096548, 0.00210299, 0.00186126, -0.000556183, -3.38668e-05, 0.00351836, -0.000288456, 0.000609706, -0.00134351, 0.00266901, -0.000528839, -0.000112405, 0.00156066, -0.000786303, -0.000216573, -0.00279589
# 0.000120601, -0.000288354, -3.06891e-05, 0.00101321, -4.34972e-05, -4.24803e-05, 6.29065e-05, -4.90759e-05, -7.5953e-05, 5.70822e-05, 5.36058e-05, -0.000222879, -0.00100486, 0.000372859, -0.000738293, -0.000169305, -0.000620732, -0.000236121, -0.000661469, -0.000759063, 0.000280623, 0.000360638, 0.000608095, -0.000656385, -0.000373543, 1.61836e-05, 0.00100133, 0.000321419, -0.000256451, 0.000817397, 0.00102405, 0.000574733, -0.00108415, 0.0008478, -0.000349679, -0.000156806, 0.000160552, -0.000900855, -0.000813483, 0.0017807, 0.000775663, -0.000462673, 0.00138824, 0.000495343, 0.00189033, 0.000608224, -0.000599211, 0.000801421, 0.0038962, -0.000120145, -0.00229074, -0.00162537, -0.00289423, -0.000220323, -0.000644252, -0.000565597, -0.00430669, 0.00259962, 0.000569811, -0.000268914, 0.00135976, 0.00301528, 0.00468611
# -0.000133577, 0.000251753, 9.01483e-06, -4.34972e-05, 0.000906357, 4.61173e-05, 4.66662e-05, -5.70629e-05, 7.46811e-05, -5.72531e-06, 0.000361703, 0.00149856, -0.000608329, -0.00026548, -0.00113524, -0.000371091, 4.95095e-05, -0.00101256, 0.000581331, 0.00105809, 0.000993432, 0.00108167, 0.000356272, -0.000177818, -0.000522478, -0.000191199, 0.000189804, -0.00117369, -0.000760777, 0.000922296, 0.000509589, -0.00131418, 0.00053375, -0.000347642, -0.000833681, 0.000280396, -0.000710626, 0.00046191, -0.00314708, -0.00119194, -0.00147495, -0.000307345, 0.00160636, -0.00265863, -0.00223409, 0.00143738, -0.0017497, -0.00158042, -0.000231694, 0.000434958, 0.00192386, 0.000469391, 0.00279417, -0.000474662, -0.00198849, -0.000816677, 0.004326, -0.00104772, 0.00188617, 0.00193292, -0.000284376, 0.00125924, -0.000690002
# -3.15753e-05, -0.000243154, 3.86303e-05, -4.24803e-05, 4.61173e-05, 0.000780453, -2.12057e-06, -1.34855e-05, 9.09746e-06, -4.48522e-05, 0.000206427, 0.000306067, -0.00107158, 0.000958462, 0.000437626, 0.000944825, 0.000390347, 0.000303716, 0.000451244, 0.00125316, 0.000878014, 0.000557207, 0.00132594, -0.000886118, 0.000527866, 0.00142763, -0.00111265, -7.00795e-05, 0.000811349, 0.000285138, -0.000160564, 0.000352607, 0.000651876, 0.000622547, 0.000714363, 0.00127358, -0.000437797, 0.00127901, 0.00129682, -0.000120021, -0.000980704, 0.00144299, 0.000498303, -0.000389954, -0.00108131, 0.00112332, 0.000279676, -0.000374303, 0.00255742, 0.00166309, -0.00228948, 0.00176814, 0.00235442, 0.00166549, 0.00333799, 0.0009702, -0.000482783, 0.000846974, -0.000961447, -0.00113288, -0.00207079, 0.00100397, -0.00036908
# -2.52223e-05, 0.000418817, -9.89807e-05, 6.29065e-05, 4.66662e-05, -2.12057e-06, 0.000938149, -6.08997e-05, -7.96236e-05, -5.00255e-05, 4.82018e-05, 7.38687e-05, -0.000618405, -0.000396547, 8.57471e-05, -0.000275894, -0.00112007, -0.00128351, -0.00155719, -0.00113812, 1.83403e-05, 0.00083422, -0.000552127, -0.000916848, -0.000854167, -0.000293566, -0.00133903, 0.000429857, 0.000326337, 0.00068903, -0.000977303, -5.75914e-05, -0.00164403, -0.000401823, -0.00101534, 0.000128207, -0.00112239, -0.00118768, -0.00135678, -0.000998787, 0.00105486, -4.50699e-05, 0.0013266, 0.00113004, -0.00211961, -0.00022143, -0.00138211, -0.00150493, -0.00252235, 0.00179527, -0.00072429, 0.00260855, -0.00196156, -0.00286764, -0.00228495, 5.93646e-05, -0.00130074, 6.27797e-05, -0.000435306, -0.000474078, -0.00135425, 0.000532819, 0.00136139
# 2.96902e-05, -0.000212725, 1.17139e-07, -4.90759e-05, -5.70629e-05, -1.34855e-05, -6.08997e-05, 0.000937484, -2.73004e-05, 0.000123488, -2.08703e-05, -0.00140864, -0.000241074, 0.000957469, 0.000307989, 0.0012255, 0.000496324, 0.000869573, -0.00123147, -0.000328273, 0.00087574, 0.00151258, -1.46741e-05, -0.000489274, 0.000915447, -0.000706603, 0.00080683, 0.000763735, -0.000653274, -0.000396052, 0.000451466, 8.95909e-05, 0.00085875, -0.000309971, 0.00137808, -0.000357837, 0.00119638, -3.43991e-05, -5.40641e-05, 0.0028537, -0.00197574, 0.000895311, -0.00080556, 0.00173036, 0.000724111, 0.000420089, -0.00149747, -0.000460627, 0.000616303, 0.000471293, -0.000484748, -0.00139309, -0.000431229, 0.00247419, 0.000429051, -0.00100974, 0.000129376, -0.000110107, 0.00105722, -0.00333271, 0.00395957, -0.00399621, -0.00144193
# -0.000151774, -2.44592e-06, -1.24539e-05, -7.5953e-05, 7.46811e-05, 9.09746e-06, -7.96236e-05, -2.73004e-05, 0.000822578, -0.000100489, 0.000369023, 0.00084919, -0.00158707, 0.000284806, 7.36116e-05, 0.000462157, 0.000622999, -0.000557241, 0.0014299, 0.000670024, 7.89706e-05, 0.000420905, -7.83967e-05, -2.93379e-05, 0.000139662, -0.00059916, -0.000228299, -0.00033242, 0.0008422, 0.0010574, 0.000984041, 1.33523e-05, 0.000248224, 0.000738844, 0.00079213, 0.00077692, 0.000948901, 0.000740066, -0.000511795, -0.00134082, -0.00277143, -0.00070848, 0.000889465, -0.00073076, 0.000426822, 0.000119563, -0.000966706, 0.00236368, 0.000532365, 0.00147493, 0.000969008, 0.000107066, 0.00037143, -5.56109e-05, -0.0016868, -0.0018637, 0.00152689, -0.00082188, -0.00166059, 0.000151125, 0.000266755, -0.00295386, 0.00164832
# 0.000131489, -0.000267069, 3.5085e-05, 5.70822e-05, -5.72531e-06, -4.48522e-05, -5.00255e-05, 0.000123488, -0.000100489, 0.00103806, -0.000395699, 0.000526247, -0.000567417, 0.000524088, -0.000385242, -0.000722409, 0.000604813, 0.00101358, -0.000745917, -4.7396e-05, 0.000710174, 0.000578806, 0.000116248, 0.000847161, 5.29354e-05, 0.000933646, 0.000486177, 0.00130527, 0.000773535, -0.000797998, 6.10962e-05, -4.33745e-05, -0.000305936, -3.0667e-05, -0.00140307, 0.000210133, -4.3506e-05, 0.00154889, 0.00280802, 0.00377793, 0.00210568, -0.00148033, -0.00194706, 0.00309936, -0.000992054, 0.000443757, -0.000980483, -0.00205552, 0.00330031, 3.89772e-05, 0.00106283, -0.000892539, 0.000131086, 0.000178085, 0.00124745, -0.00138107, 0.000275109, 0.000388036, 0.000737689, -2.74107e-05, -0.000955472, 0.00101029, -0.00119168
# -0.000182492, 0.000483563, 0.000152892, 5.36058e-05, 0.000361703, 0.000206427, 4.82018e-05, -2.08703e-05, 0.000369023, -0.000395699, 0.0279985, -0.00148416, -0.0158593, 0.0032597, -0.0223181, 0.00977924, 0.00325532, -0.0223199, -0.00931317, 0.0215109, 0.0274032, 0.0456815, 0.00710808, 0.00859303, -0.00752338, 0.00198969, 0.000782732, -0.0126026, -0.0338665, -0.00107788, 0.0231935, -0.0057695, 0.0140875, 0.0257554, 0.0282715, -0.0148829, -0.0354504, 0.00200877, -0.00940045, 0.00281825, -0.0155236, -0.00422117, 0.000434123, -0.0116178, 0.000483326, 0.00541121, 0.00861407, -0.00071042, 0.00642149, 0.00101049, -0.00788116, 0.000589609, -0.00327238, 0.000616459, -0.00623244, 0.00242734, 0.0102338, -0.00313859, -0.00136159, 0.00482529, -0.00784779, -0.0122359, 0.00355852
# 0.00219303, -0.00189634, 0.00144676, -0.000222879, 0.00149856, 0.000306067, 7.38687e-05, -0.00140864, 0.00084919, 0.000526247, -0.00148416, 0.233158, -0.044578, 0.0074578, 0.00668792, 0.0216504, 0.018223, -0.00562261, 0.0123237, 0.0313137, -0.0040033, 0.0228206, -0.00269369, 0.0269728, 0.00358142, 0.0147106, -0.0508798, 0.00481413, 0.00580984, 0.0469046, 0.0272103, -0.073556, 0.00563915, -0.00160632, -0.0853726, 0.0273615, -0.0395341, 0.0221404, -0.0283708, -0.00661116, -0.0449705, -0.0218366, 0.0718859, -0.00376847, -0.0722627, 0.00955584, -0.0514343, 0.0241184, -0.0289915, 0.00899318, -0.00381652, 0.0828919, 0.0489386, 0.0189422, -0.0495933, -0.0723193, 0.187825, -0.04427, -0.00293135, 0.109524, -0.0397144, 0.127537, -0.0394672
# -0.000589313, -0.00423837, 0.000466794, -0.00100486, -0.000608329, -0.00107158, -0.000618405, -0.000241074, -0.00158707, -0.000567417, -0.0158593, -0.044578, 0.425169, 0.00943901, -0.00501284, -0.00496953, 0.00106509, 0.000286261, 0.0105715, -0.00461875, 0.0218937, 0.00310699, 0.00916338, -0.000932589, -0.0030067, 0.00505235, 0.0344688, 0.0107409, 0.0177271, -0.0226437, 0.002454, 0.0682054, 0.00122307, 0.00387569, 0.0831389, -0.0237268, -0.00714591, -0.0105742, -0.00466424, -0.0505157, 0.0381085, -0.00265857, -0.0648462, 0.0249335, 0.0221962, 0.064438, 0.150206, -0.033202, 0.0371421, -0.0192795, -0.0374921, -0.0191407, -0.0504389, -0.135475, -0.0166972, 0.0941331, -0.0934846, 0.0881795, 0.0269624, 0.082388, -0.0183619, -0.0700765, 0.028804
# 0.000467705, -0.0239471, 0.000671265, 0.000372859, -0.00026548, 0.000958462, -0.000396547, 0.000957469, 0.000284806, 0.000524088, 0.0032597, 0.0074578, 0.00943901, 0.113174, 0.0332828, 0.0345822, 0.0457167, 0.0435954, 0.0326178, 0.0406851, 0.0467189, 0.0421214, 0.0337272, 0.0459577, 0.0398229, 0.0364064, 0.0375688, 0.0238684, 0.0263273, 0.037808, 0.0395476, 0.0299419, 0.0334251, 0.0346416, 0.041395, 0.040411, 0.0320694, 0.0438459, -0.0732345, -4.46902e-05, 0.00557362, -0.00427168, -0.0325037, 0.00887499, 0.00936362, -0.00272185, 0.0286893, 0.0136916, -0.00434188, 0.00855318, 0.0122511, -0.0196245, 0.00770776, 0.0100303, 0.0349169, 0.000853305, 0.00277291, 0.0319564, 0.0243936, -0.00229612, 0.0222743, 0.00460253, 0.0125852
# -0.0015145, -0.0212697, 0.000313443, -0.000738293, -0.00113524, 0.000437626, 8.57471e-05, 0.000307989, 7.36116e-05, -0.000385242, -0.0223181, 0.00668792, -0.00501284, 0.0332828, 0.167356, 0.0372817, 0.0330597, 0.0554776, 0.0417865, 0.0155684, 0.00784943, -0.00895584, 0.0186997, 0.0384203, 0.0520163, 0.0306823, 0.0394895, 0.0484067, 0.0576298, 0.0311875, 0.0119253, 0.0289264, 0.0236693, 0.0170896, 0.00446881, 0.0377709, 0.061859, 0.0377573, -0.023271, -0.103026, 0.0338026, 0.0366259, 0.01164, 0.00307623, 0.0212635, 0.012805, 0.0244208, 0.0108217, -0.0202928, 0.000592707, -0.00772926, -0.0151869, 0.00303905, 0.0316872, 0.0551954, -0.0185741, -0.0156687, 0.0279661, 0.00142564, 0.00215987, 0.0432428, 0.00886434, -0.030908
# -0.000387573, -0.0215321, 0.00125237, -0.000169305, -0.000371091, 0.000944825, -0.000275894, 0.0012255, 0.000462157, -0.000722409, 0.00977924, 0.0216504, -0.00496953, 0.0345822, 0.0372817, 0.11616, 0.0381759, 0.0318197, 0.0291919, 0.0429632, 0.0432956, 0.0470718, 0.0356218, 0.0407085, 0.0353219, 0.0368951, 0.0251292, 0.0252341, 0.0141781, 0.0317165, 0.0451096, 0.013329, 0.0388234, 0.0392711, 0.0241145, 0.0210365, 0.0193753, 0.0341639, -0.012008, -0.00170076, -0.0829617, 0.0108279, -0.0247147, 0.0120209, 0.0113082, 0.0260845, 0.0170289, 0.00685116, -0.00650372, 0.0165502, -0.0205912, 0.0164332, 0.0165102, 0.0422205, 0.0138144, -0.0169947, 0.0472256, 0.0225718, 0.0209414, 0.0255881, 0.0363953, 0.00668951, 0.00616946
# -0.000448457, -0.0251892, 0.00106784, -0.000620732, 4.95095e-05, 0.000390347, -0.00112007, 0.000496324, 0.000622999, 0.000604813, 0.00325532, 0.018223, 0.00106509, 0.0457167, 0.0330597, 0.0381759, 0.11344, 0.047719, 0.0443545, 0.0455516, 0.0453914, 0.0440402, 0.0290708, 0.0491906, 0.045942, 0.037279, 0.0293759, 0.0291668, 0.0321093, 0.0226298, 0.0454202, 0.029011, 0.0463465, 0.0425132, 0.0400144, 0.0350521, 0.031104, 0.0497042, -0.0123917, 0.0468079, 0.00988123, -0.0819757, -0.00828947, 0.0110832, -0.00234897, 0.0110311, 0.0284138, -0.0169048, -0.00265809, -0.00203089, 0.0131856, -0.0128905, 0.0213423, 0.0331306, 0.0378655, -0.00681257, 0.014611, 0.0162009, 0.0081149, 0.0128846, 0.0153327, 0.0293433, -0.0139943
# -0.000932678, -0.0251304, 0.00112795, -0.000236121, -0.00101256, 0.000303716, -0.00128351, 0.000869573, -0.000557241, 0.00101358, -0.0223199, -0.00562261, 0.000286261, 0.0435954, 0.0554776, 0.0318197, 0.047719, 0.169191, 0.0501227, 0.0196991, 0.0195225, -0.00550899, 0.0267856, 0.0331939, 0.0598535, 0.045551, 0.0388815, 0.0242066, 0.0587633, 0.0242446, 0.0171831, 0.0289922, 0.0287318, 0.0189199, 7.09812e-05, 0.0437507, 0.0713913, 0.0412075, 0.024385, 0.0332287, 0.0201301, 0.0171525, -0.132868, 0.0326111, 0.0178566, -0.000383269, 0.00659804, 0.00949044, 0.00647654, -0.0170511, 0.00367057, -0.00736565, 0.0230133, 0.0427464, 0.0412241, -0.0135834, -0.0115735, 0.0277557, -0.00385232, 0.0249737, 0.0344386, -0.00770689, -0.0120545
# 0.000615803, -0.0222505, 0.000334132, -0.000661469, 0.000581331, 0.000451244, -0.00155719, -0.00123147, 0.0014299, -0.000745917, -0.00931317, 0.0123237, 0.0105715, 0.0326178, 0.0417865, 0.0291919, 0.0443545, 0.0501227, 0.14497, 0.0320837, 0.0318215, 0.0114717, 0.0252011, 0.0350357, 0.0427868, 0.0388656, 0.0334731, 0.0235145, 0.0503622, 0.0383098, 0.0307928, 0.024473, 0.0295055, 0.0281337, 0.0231811, 0.0463672, 0.0426637, 0.0456751, 0.0139498, 0.0137145, 0.0344375, -0.00158151, -0.0170706, -0.115351, 0.0206383, -0.0061208, 0.027532, -0.00262346, 0.0022188, 0.0106141, 0.001921, 0.00710757, 0.0136587, 0.00225274, 0.012304, 0.00914725, 0.00332089, 0.0137396, 0.00911417, 0.0273218, -0.0127656, 0.0128924, -0.00626528
# -0.000245348, -0.0218166, 0.00117167, -0.000759063, 0.00105809, 0.00125316, -0.00113812, -0.000328273, 0.000670024, -4.7396e-05, 0.0215109, 0.0313137, -0.00461875, 0.0406851, 0.0155684, 0.0429632, 0.0455516, 0.0196991, 0.0320837, 0.12054, 0.0622885, 0.0711996, 0.0360287, 0.0446221, 0.0293106, 0.038832, 0.0241381, 0.0216234, 0.00879896, 0.0466591, 0.0620444, 0.0170479, 0.0514172, 0.0532513, 0.038662, 0.0277307, -0.0112928, 0.0471844, -0.0087752, 0.0144592, -0.00825573, -0.0107549, 0.0104373, 0.0200471, -0.0756394, 0.0125033, 0.0237647, -0.0153134, 0.0180753, 0.0197352, -0.00790598, 0.0186857, 0.0145516, 0.0440553, -0.0226775, -0.0196797, 0.0286099, 0.0140562, 0.00709908, 0.0466113, 0.00649943, 0.0312835, -0.00411888
# -0.000422375, -0.0231225, 0.00200371, 0.000280623, 0.000993432, 0.000878014, 1.83403e-05, 0.00087574, 7.89706e-05, 0.000710174, 0.0274032, -0.0040033, 0.0218937, 0.0467189, 0.00784943, 0.0432956, 0.0453914, 0.0195225, 0.0318215, 0.0622885, 0.140241, 0.0974002, 0.0464536, 0.0520106, 0.0246454, 0.0449489, 0.0369745, 0.0151191, 0.00920731, 0.0272697, 0.0614544, 0.0231288, 0.0564004, 0.0639392, 0.0740131, 0.0247663, 0.00487151, 0.0415795, -0.0166745, 0.0352571, -0.00200148, -0.00270205, -0.0144645, 0.00299047, 0.00839149, -0.0760619, 0.0213127, -0.0173985, 0.0213977, 0.020722, -0.0395456, -0.00203681, 0.0212952, 0.0111577, 0.0193617, 0.0243551, 0.0323158, 0.0293634, 0.0167519, 0.0201699, 0.0156774, -0.0453973, -0.0103974
# 0.000599142, -0.0198144, 0.000416517, 0.000360638, 0.00108167, 0.000557207, 0.00083422, 0.00151258, 0.000420905, 0.000578806, 0.0456815, 0.0228206, 0.00310699, 0.0421214, -0.00895584, 0.0470718, 0.0440402, -0.00550899, 0.0114717, 0.0711996, 0.0974002, 0.173675, 0.0342171, 0.0550218, 0.0149858, 0.032942, 0.0251486, 0.0139451, -0.0210406, 0.0359889, 0.0729849, 0.00863001, 0.0639761, 0.0800216, 0.0721497, 0.0104118, -0.0359717, 0.0311028, -0.0365231, 0.0282667, -0.0156525, -0.0167952, -0.00263983, -0.00393054, 0.0158258, 0.0137702, -0.0566423, 0.00801182, 0.0189696, 0.00836445, -0.0244431, 0.00424926, -0.0104543, 0.013451, -0.023349, -0.00148592, 0.0254174, 0.0123902, 0.0129103, 0.0460376, 0.00108254, -0.0164484, -0.00605461
# -0.000630773, -0.020043, 0.000362251, 0.000608095, 0.000356272, 0.00132594, -0.000552127, -1.46741e-05, -7.83967e-05, 0.000116248, 0.00710808, -0.00269369, 0.00916338, 0.0337272, 0.0186997, 0.0356218, 0.0290708, 0.0267856, 0.0252011, 0.0360287, 0.0464536, 0.0342171, 0.130623, 0.0381346, 0.02572, 0.0341804, 0.02174, 0.0283882, 0.0138741, 0.0179107, 0.0357615, 0.0129462, 0.0408052, 0.0349729, 0.027461, 0.0216267, 0.0244301, 0.0265758, -0.001901, 0.0123276, 0.00831243, -0.0026242, -0.00957856, 0.0103216, 0.0192269, 0.00145988, 0.0207138, -0.124815, -0.00404238, 0.00714194, -0.00881029, -0.00125303, 0.00399297, 0.025267, 0.0214284, 0.00219111, 0.00489881, 0.0278166, 0.00466724, 0.0147455, 0.00617022, 0.00224134, -0.00603007
# 0.000355691, -0.0237912, 0.00146849, -0.000656385, -0.000177818, -0.000886118, -0.000916848, -0.000489274, -2.93379e-05, 0.000847161, 0.00859303, 0.0269728, -0.000932589, 0.0459577, 0.0384203, 0.0407085, 0.0491906, 0.0331939, 0.0350357, 0.0446221, 0.0520106, 0.0550218, 0.0381346, 0.119402, 0.0346993, 0.0422626, 0.0266169, 0.0189372, 0.0132722, 0.0298253, 0.0572453, 0.00918921, 0.0433386, 0.043496, 0.0392013, 0.0316278, 0.0128159, 0.0405412, -0.000706962, 0.0169279, 0.0186532, 0.00271538, 0.011512, 0.00376276, 0.010439, 0.0142087, 0.0111333, -0.00989332, -0.0900335, 0.00228621, -0.00615026, 0.0102072, 0.00812469, 0.0442925, 0.0234106, -0.0289121, 0.042793, 0.0166149, 0.0085557, 0.0146129, -0.00451918, 0.0158781, -0.00557027
# 9.85849e-05, -0.0226243, 0.000675332, -0.000373543, -0.000522478, 0.000527866, -0.000854167, 0.000915447, 0.000139662, 5.29354e-05, -0.00752338, 0.00358142, -0.0030067, 0.0398229, 0.0520163, 0.0353219, 0.045942, 0.0598535, 0.0427868, 0.0293106, 0.0246454, 0.0149858, 0.02572, 0.0346993, 0.124668, 0.0344722, 0.0302757, 0.0246978, 0.0359053, 0.0275484, 0.0365553, 0.0239113, 0.0308605, 0.0291072, 0.0209107, 0.0361488, 0.0500534, 0.034947, 3.52534e-05, 0.0220327, 0.0182105, 0.00935166, -0.00523647, 0.0194557, 0.00812693, 0.0181696, 0.0245207, 0.0190322, -0.00498829, -0.0900081, 0.0109106, 0.00822059, 0.0118513, 0.0414459, 0.0275048, -0.0210424, -0.0124749, 0.0161141, 0.00131024, 0.015514, 0.0344333, 0.0179641, -0.0183175
# -0.00061874, -0.0224926, 0.00128146, 1.61836e-05, -0.000191199, 0.00142763, -0.000293566, -0.000706603, -0.00059916, 0.000933646, 0.00198969, 0.0147106, 0.00505235, 0.0364064, 0.0306823, 0.0368951, 0.037279, 0.045551, 0.0388656, 0.038832, 0.0449489, 0.032942, 0.0341804, 0.0422626, 0.0344722, 0.110092, 0.0303647, 0.0239169, 0.0301529, 0.029434, 0.0404111, 0.0131503, 0.0332357, 0.0392462, 0.0280136, 0.0406314, 0.0276413, 0.0431586, 0.0293357, 0.0150349, 0.017828, 0.0101122, -0.0309649, 0.0114411, 0.00798222, 0.012079, -0.00449812, 0.00555, -0.00173882, 0.0167001, -0.0943981, 0.00243351, 0.0207544, 0.0212382, 0.0107972, 0.0070826, 0.0185216, 0.0223511, 0.00179449, 0.0211566, -0.00312541, 0.0195593, -0.00524932
# -0.000495288, -0.0206277, 0.000375832, 0.00100133, 0.000189804, -0.00111265, -0.00133903, 0.00080683, -0.000228299, 0.000486177, 0.000782732, -0.0508798, 0.0344688, 0.0375688, 0.0394895, 0.0251292, 0.0293759, 0.0388815, 0.0334731, 0.0241381, 0.0369745, 0.0251486, 0.02174, 0.0266169, 0.0302757, 0.0303647, 0.127512, 0.0263135, 0.0247514, 0.0186923, 0.0377901, 0.0480771, 0.0343786, 0.0293582, 0.0480459, 0.0236412, 0.0450962, 0.0353668, -0.0148222, -0.0179133, 0.0127347, -0.00329686, -0.0309278, -0.00691567, 0.0436105, 0.022964, 0.0316881, -0.000144697, 0.0210806, -0.0105245, 0.00127973, -0.13054, 0.000747866, 0.00251246, 0.017121, 0.00205305, -0.0346849, 0.0273955, 0.0106451, 0.000897813, 0.0227491, -0.0327554, 0.00683397
# 0.00144322, -0.0179312, -0.0013239, 0.000321419, -0.00117369, -7.00795e-05, 0.000429857, 0.000763735, -0.00033242, 0.00130527, -0.0126026, 0.00481413, 0.0107409, 0.0238684, 0.0484067, 0.0252341, 0.0291668, 0.0242066, 0.0235145, 0.0216234, 0.0151191, 0.0139451, 0.0283882, 0.0189372, 0.0246978, 0.0239169, 0.0263135, 0.159776, 0.0563308, 0.0140622, 0.0165614, 0.019418, 0.0268283, 0.0209768, 0.00701626, 0.0250657, 0.044695, 0.0121984, -0.000107847, -0.00282147, 0.0168945, -0.0120521, 0.00238474, 0.0302432, -0.00471498, 0.00927213, 0.0109004, -0.0231199, 0.00290466, 0.0136057, -0.0119905, -0.00400981, -0.17414, 0.0246174, 0.0103752, 0.00397633, -0.00164543, 0.00846626, 0.0143768, 0.0184883, 0.0447539, 0.0108663, 0.0133914
# 0.000662143, -0.0185479, -0.000636993, -0.000256451, -0.000760777, 0.000811349, 0.000326337, -0.000653274, 0.0008422, 0.000773535, -0.0338665, 0.00580984, 0.0177271, 0.0263273, 0.0576298, 0.0141781, 0.0321093, 0.0587633, 0.0503622, 0.00879896, 0.00920731, -0.0210406, 0.0138741, 0.0132722, 0.0359053, 0.0301529, 0.0247514, 0.0563308, 0.168886, 0.0370177, 0.000664196, 0.0385005, 0.0143625, 0.00915086, -0.00856313, 0.052767, 0.0712943, 0.0242084, 0.00965437, 0.0256971, 0.0196454, -0.0108104, 0.00782383, -0.0038661, 0.0186628, -0.0305631, 0.00573812, -0.00249979, 0.00108905, 0.00963619, 0.0109057, 0.00940235, 0.0132229, -0.0567859, 0.0086136, -0.0125519, -0.0120351, 0.000776439, -0.0165888, 0.0159115, 0.0249444, 0.0158177, 0.0216176
# 0.000242553, -0.0188262, 0.000565497, 0.000817397, 0.000922296, 0.000285138, 0.00068903, -0.000396052, 0.0010574, -0.000797998, -0.00107788, 0.0469046, -0.0226437, 0.037808, 0.0311875, 0.0317165, 0.0226298, 0.0242446, 0.0383098, 0.0466591, 0.0272697, 0.0359889, 0.0179107, 0.0298253, 0.0275484, 0.029434, 0.0186923, 0.0140622, 0.0370177, 0.14201, 0.0410955, 0.00607921, 0.0381185, 0.0354918, 0.00550027, 0.0467391, 0.0247957, 0.0298039, -0.0191476, -0.00460788, 0.00516088, 0.0097995, 0.0029878, -0.00888225, -0.00330502, 0.0168097, 0.00510673, 0.0119465, 0.0155302, 0.0147938, -0.00588825, 0.0136954, 0.0250029, 0.0104748, -0.13054, -0.0311275, 0.0457401, -0.00898946, 0.00283047, 0.0245521, 0.0325584, 0.0274414, 0.00467492
# 0.00128838, -0.0230509, 0.00169184, 0.00102405, 0.000509589, -0.000160564, -0.000977303, 0.000451466, 0.000984041, 6.10962e-05, 0.0231935, 0.0272103, 0.002454, 0.0395476, 0.0119253, 0.0451096, 0.0454202, 0.0171831, 0.0307928, 0.0620444, 0.0614544, 0.0729849, 0.0357615, 0.0572453, 0.0365553, 0.0404111, 0.0377901, 0.0165614, 0.000664196, 0.0410955, 0.126635, 0.0174165, 0.0554155, 0.0559062, 0.054119, 0.0260233, 0.00720871, 0.0376686, -0.0101605, 0.0189959, -2.68503e-05, -0.00480648, 0.00839392, -0.0120042, 0.00745453, 0.0271151, 0.0393903, 0.00168122, -0.00680302, 0.00236174, -0.0206102, 0.00243048, 0.014823, 0.0381135, 0.00287979, -0.099884, 0.0216425, 0.0188872, 0.0105734, 0.0186484, 0.00568471, 0.00349504, 0.0134431
# -0.00100123, -0.0163552, -0.000882582, 0.000574733, -0.00131418, 0.000352607, -5.75914e-05, 8.95909e-05, 1.33523e-05, -4.33745e-05, -0.0057695, -0.073556, 0.0682054, 0.0299419, 0.0289264, 0.013329, 0.029011, 0.0289922, 0.024473, 0.0170479, 0.0231288, 0.00863001, 0.0129462, 0.00918921, 0.0239113, 0.0131503, 0.0480771, 0.019418, 0.0385005, 0.00607921, 0.0174165, 0.173308, 0.0220516, 0.0306653, 0.0588681, 0.0187018, 0.0433982, 0.0191007, 0.000815787, -0.0237276, 0.0351924, 0.0019209, -0.0105678, 0.0177798, 0.0159917, 0.00983539, 0.0634894, -0.013056, 0.0161999, 0.0134566, 0.0195433, -0.0175452, -0.00527863, -0.0211067, 0.0221492, 0.0132016, -0.231793, 0.0424444, -0.00757473, -0.00818812, 0.0159319, -0.0411773, 0.00961744
# -0.00071498, -0.0225075, 0.000661365, -0.00108415, 0.00053375, 0.000651876, -0.00164403, 0.00085875, 0.000248224, -0.000305936, 0.0140875, 0.00563915, 0.00122307, 0.0334251, 0.0236693, 0.0388234, 0.0463465, 0.0287318, 0.0295055, 0.0514172, 0.0564004, 0.0639761, 0.0408052, 0.0433386, 0.0308605, 0.0332357, 0.0343786, 0.0268283, 0.0143625, 0.0381185, 0.0554155, 0.0220516, 0.127186, 0.0521782, 0.0493668, 0.0276563, 0.0127366, 0.0345193, -0.02654, 0.0129462, -0.004171, -0.012611, -0.0145135, 0.00551879, 0.00332951, -0.00164683, 0.0134246, 0.00426076, 0.017798, 0.0153999, -0.00175711, -0.0173498, 0.0095406, 0.0307966, -0.0128323, -0.00700548, 0.020122, -0.0588717, -0.000155703, 0.00834684, 0.0274218, 0.00675922, -0.00208152
# -0.000494065, -0.0216987, 0.000393516, 0.0008478, -0.000347642, 0.000622547, -0.000401823, -0.000309971, 0.000738844, -3.0667e-05, 0.0257554, -0.00160632, 0.00387569, 0.0346416, 0.0170896, 0.0392711, 0.0425132, 0.0189199, 0.0281337, 0.0532513, 0.0639392, 0.0800216, 0.0349729, 0.043496, 0.0291072, 0.0392462, 0.0293582, 0.0209768, 0.00915086, 0.0354918, 0.0559062, 0.0306653, 0.0521782, 0.113502, 0.0665908, 0.0113631, 0.000297475, 0.0363745, -0.0116091, 0.0128777, 0.00919648, -0.00667583, -0.00168295, -0.00734087, 0.0228341, 0.00433965, 0.0424789, 0.00618539, 0.0193822, -0.00105542, -0.020703, 0.00106513, 0.0107231, 0.0187278, 0.00256871, -0.000687931, 0.0126809, 0.000500443, -0.0836052, 0.0237306, 0.0225509, -0.00543125, -0.00346889
# -0.00149689, -0.0177367, -0.000183079, -0.000349679, -0.000833681, 0.000714363, -0.00101534, 0.00137808, 0.00079213, -0.00140307, 0.0282715, -0.0853726, 0.0831389, 0.041395, 0.00446881, 0.0241145, 0.0400144, 7.09812e-05, 0.0231811, 0.038662, 0.0740131, 0.0721497, 0.027461, 0.0392013, 0.0209107, 0.0280136, 0.0480459, 0.00701626, -0.00856313, 0.00550027, 0.054119, 0.0588681, 0.0493668, 0.0665908, 0.209266, -0.00189618, 0.00623259, 0.0197034, -0.0224453, 0.00120617, 0.00995453, 0.00756554, -0.0192553, -0.0220787, 0.0378551, 0.0115154, 0.0615706, -0.00913738, 0.022235, 0.0051869, -0.0226931, -0.0430187, -0.0215906, -0.00921439, 0.0290849, 0.0451647, -0.0859, 0.050282, 0.00534424, -0.15049, 0.0318642, -0.0756552, 0.0327469
# 6.48722e-05, -0.0220093, 0.000560873, -0.000156806, 0.000280396, 0.00127358, 0.000128207, -0.000357837, 0.00077692, 0.000210133, -0.0148829, 0.0273615, -0.0237268, 0.040411, 0.0377709, 0.0210365, 0.0350521, 0.0437507, 0.0463672, 0.0277307, 0.0247663, 0.0104118, 0.0216267, 0.0316278, 0.0361488, 0.0406314, 0.0236412, 0.0250657, 0.052767, 0.0467391, 0.0260233, 0.0187018, 0.0276563, 0.0113631, -0.00189618, 0.135926, 0.051248, 0.0315564, -0.00800509, 0.020734, 0.024248, -0.000301773, 0.0120137, 0.0112955, 0.0151354, 0.00519598, -0.0235191, 0.0125795, 0.0034703, 0.0119183, -0.0150248, 0.0149493, 0.0437981, 0.0361361, -0.00514771, -0.0251805, 0.0239585, -0.000428863, 0.0260782, 0.0280025, -0.0897155, 0.0311777, -0.00790254
# -0.000848415, -0.0207121, 0.000873009, 0.000160552, -0.000710626, -0.000437797, -0.00112239, 0.00119638, 0.000948901, -4.3506e-05, -0.0354504, -0.0395341, -0.00714591, 0.0320694, 0.061859, 0.0193753, 0.031104, 0.0713913, 0.0426637, -0.0112928, 0.00487151, -0.0359717, 0.0244301, 0.0128159, 0.0500534, 0.0276413, 0.0450962, 0.044695, 0.0712943, 0.0247957, 0.00720871, 0.0433982, 0.0127366, 0.000297475, 0.00623259, 0.051248, 0.230963, 0.0225095, -0.0199267, 0.0145686, 0.0286905, 0.0384105, -0.00559298, 0.0227904, 0.0471005, 0.000581991, -0.0160397, 0.0147483, -0.0115584, 0.0196816, 0.00506532, -0.0385372, 0.0126315, 0.0147122, 0.045255, -0.00981378, -0.0392069, 0.0378349, 0.0132568, -0.0204799, 0.0401002, -0.151476, 0.0188897
# 3.72753e-05, -0.0217149, 0.00235747, -0.000900855, 0.00046191, 0.00127901, -0.00118768, -3.43991e-05, 0.000740066, 0.00154889, 0.00200877, 0.0221404, -0.0105742, 0.0438459, 0.0377573, 0.0341639, 0.0497042, 0.0412075, 0.0456751, 0.0471844, 0.0415795, 0.0311028, 0.0265758, 0.0405412, 0.034947, 0.0431586, 0.0353668, 0.0121984, 0.0242084, 0.0298039, 0.0376686, 0.0191007, 0.0345193, 0.0363745, 0.0197034, 0.0315564, 0.0225095, 0.119787, -0.0110934, 0.00586148, 0.0137417, -0.0114402, 0.00121734, -0.00512981, -0.00338793, 0.00438484, 0.0227569, 0.00240161, -0.00124428, 0.0164496, -0.00683657, -0.0143138, 0.025795, 0.0353532, 0.0191062, -0.0219293, 0.0199162, 0.0198144, 0.000520225, 0.0220592, -0.000415427, 0.0209073, -0.0953099
# -0.00128584, 0.000472608, 0.000128046, -0.000813483, -0.00314708, 0.00129682, -0.00135678, -5.40641e-05, -0.000511795, 0.00280802, -0.00940045, -0.0283708, -0.00466424, -0.0732345, -0.023271, -0.012008, -0.0123917, 0.024385, 0.0139498, -0.0087752, -0.0166745, -0.0365231, -0.001901, -0.000706962, 3.52534e-05, 0.0293357, -0.0148222, -0.000107847, 0.00965437, -0.0191476, -0.0101605, 0.000815787, -0.02654, -0.0116091, -0.0224453, -0.00800509, -0.0199267, -0.0110934, 0.687561, 0.056007, 0.0301383, -0.0273671, -0.0666899, 0.0500361, -0.0117365, 0.0085084, 0.00575809, -0.0461746, 0.033307, -0.0113306, -0.0136519, 0.025314, 0.00706709, 0.0177125, 0.0429593, 0.0452556, -0.0643446, 0.0386927, -0.0419442, 0.0418022, -0.0211954, 0.021163, 0.0446076
# 0.000255744, -0.00882268, 0.00197479, 0.0017807, -0.00119194, -0.000120021, -0.000998787, 0.0028537, -0.00134082, 0.00377793, 0.00281825, -0.00661116, -0.0505157, -4.46902e-05, -0.103026, -0.00170076, 0.0468079, 0.0332287, 0.0137145, 0.0144592, 0.0352571, 0.0282667, 0.0123276, 0.0169279, 0.0220327, 0.0150349, -0.0179133, -0.00282147, 0.0256971, -0.00460788, 0.0189959, -0.0237276, 0.0129462, 0.0128777, 0.00120617, 0.020734, 0.0145686, 0.00586148, 0.056007, 0.764638, -0.0233874, -0.0432624, -0.0185186, 0.0512499, -0.0808718, -0.0591704, -0.0926394, -0.0209181, 0.0488192, -0.0276608, -0.0436279, 0.0852135, -0.0070452, -0.0110711, -0.0161755, -0.024281, 0.0539002, -0.0155476, -0.0324639, -0.0490677, -0.00596582, -0.00524145, -0.002681
# 0.000799281, -0.0088758, 0.000180405, 0.000775663, -0.00147495, -0.000980704, 0.00105486, -0.00197574, -0.00277143, 0.00210568, -0.0155236, -0.0449705, 0.0381085, 0.00557362, 0.0338026, -0.0829617, 0.00988123, 0.0201301, 0.0344375, -0.00825573, -0.00200148, -0.0156525, 0.00831243, 0.0186532, 0.0182105, 0.017828, 0.0127347, 0.0168945, 0.0196454, 0.00516088, -2.68503e-05, 0.0351924, -0.004171, 0.00919648, 0.00995453, 0.024248, 0.0286905, 0.0137417, 0.0301383, -0.0233874, 0.599276, -0.0386059, 0.016257, -0.0127575, 0.0721213, -0.00243664, 0.061653, -0.0433339, 0.0369862, 0.0241914, -0.00297597, -0.0147554, -0.00204387, 0.0230043, 0.0347934, 0.0264751, -0.150753, 0.0558154, 0.013285, -0.030154, -0.036183, 0.019292, -0.0226424
# -0.000320194, -0.000657597, -0.000212874, -0.000462673, -0.000307345, 0.00144299, -4.50699e-05, 0.000895311, -0.00070848, -0.00148033, -0.00422117, -0.0218366, -0.00265857, -0.00427168, 0.0366259, 0.0108279, -0.0819757, 0.0171525, -0.00158151, -0.0107549, -0.00270205, -0.0167952, -0.0026242, 0.00271538, 0.00935166, 0.0101122, -0.00329686, -0.0120521, -0.0108104, 0.0097995, -0.00480648, 0.0019209, -0.012611, -0.00667583, 0.00756554, -0.000301773, 0.0384105, -0.0114402, -0.0273671, -0.0432624, -0.0386059, 0.534018, -0.0191786, -0.022963, 0.00684647, -0.000574956, 0.0106519, 0.0508439, 0.0169609, 0.0577484, -0.0428529, 0.00960418, -0.017309, -0.0125028, -0.00421247, 0.00266205, 0.0375446, 0.0436028, 0.0142256, -0.0127956, -0.015027, -0.0654775, 0.0221698
# 0.0013757, 0.00727532, 8.87238e-05, 0.00138824, 0.00160636, 0.000498303, 0.0013266, -0.00080556, 0.000889465, -0.00194706, 0.000434123, 0.0718859, -0.0648462, -0.0325037, 0.01164, -0.0247147, -0.00828947, -0.132868, -0.0170706, 0.0104373, -0.0144645, -0.00263983, -0.00957856, 0.011512, -0.00523647, -0.0309649, -0.0309278, 0.00238474, 0.00782383, 0.0029878, 0.00839392, -0.0105678, -0.0145135, -0.00168295, -0.0192553, 0.0120137, -0.00559298, 0.00121734, -0.0666899, -0.0185186, 0.016257, -0.0191786, 0.705741, -0.00138525, -0.0311896, 0.0014249, -0.0252131, -0.0188936, -0.085464, -0.0469269, -0.0152074, 0.0305723, 0.0493152, -0.000250059, 0.00552892, -0.0567201, 0.0504613, -0.0363461, -0.0229957, 0.0258243, -0.0774496, 0.0195624, -0.00594208
# -0.00141797, -0.00759358, 0.00134911, 0.000495343, -0.00265863, -0.000389954, 0.00113004, 0.00173036, -0.00073076, 0.00309936, -0.0116178, -0.00376847, 0.0249335, 0.00887499, 0.00307623, 0.0120209, 0.0110832, 0.0326111, -0.115351, 0.0200471, 0.00299047, -0.00393054, 0.0103216, 0.00376276, 0.0194557, 0.0114411, -0.00691567, 0.0302432, -0.0038661, -0.00888225, -0.0120042, 0.0177798, 0.00551879, -0.00734087, -0.0220787, 0.0112955, 0.0227904, -0.00512981, 0.0500361, 0.0512499, -0.0127575, -0.022963, -0.00138525, 0.616546, -0.110352, 0.00932553, -0.0324021, -0.00157475, 0.0706022, -0.0485348, 0.0166864, 0.00778481, 0.0156636, 0.0774928, 0.0286409, 0.0083185, -0.00417194, 0.0171265, 0.0272907, -0.0087862, 0.015506, -0.00317379, -0.000884147
# 0.00148209, -0.00936262, -0.000545861, 0.00189033, -0.00223409, -0.00108131, -0.00211961, 0.000724111, 0.000426822, -0.000992054, 0.000483326, -0.0722627, 0.0221962, 0.00936362, 0.0212635, 0.0113082, -0.00234897, 0.0178566, 0.0206383, -0.0756394, 0.00839149, 0.0158258, 0.0192269, 0.010439, 0.00812693, 0.00798222, 0.0436105, -0.00471498, 0.0186628, -0.00330502, 0.00745453, 0.0159917, 0.00332951, 0.0228341, 0.0378551, 0.0151354, 0.0471005, -0.00338793, -0.0117365, -0.0808718, 0.0721213, 0.00684647, -0.0311896, -0.110352, 0.534744, 0.0403711, 0.0571616, 0.0208624, -0.00199808, 0.00662274, -0.0445681, -0.0619267, -0.00788811, -0.00668967, 0.0199288, 0.00696281, -0.0346398, 0.0190038, 0.0311898, -0.022196, 0.0312014, -0.0956083, 0.0137451
# 0.000688514, -0.00679971, -0.000575352, 0.000608224, 0.00143738, 0.00112332, -0.00022143, 0.000420089, 0.000119563, 0.000443757, 0.00541121, 0.00955584, 0.064438, -0.00272185, 0.012805, 0.0260845, 0.0110311, -0.000383269, -0.0061208, 0.0125033, -0.0760619, 0.0137702, 0.00145988, 0.0142087, 0.0181696, 0.012079, 0.022964, 0.00927213, -0.0305631, 0.0168097, 0.0271151, 0.00983539, -0.00164683, 0.00433965, 0.0115154, 0.00519598, 0.000581991, 0.00438484, 0.0085084, -0.0591704, -0.00243664, -0.000574956, 0.0014249, 0.00932553, 0.0403711, 0.510302, 0.0241553, 0.0117067, -0.0334286, -0.0418724, 0.0388222, 0.00174461, -0.0120156, -0.00552716, -0.0563472, -0.0132199, 0.0430907, 0.0629735, 0.0552107, 0.0501522, -0.0115648, -0.00039869, -0.00253425
# 0.0008766, -0.0108642, 0.000197476, -0.000599211, -0.0017497, 0.000279676, -0.00138211, -0.00149747, -0.000966706, -0.000980483, 0.00861407, -0.0514343, 0.150206, 0.0286893, 0.0244208, 0.0170289, 0.0284138, 0.00659804, 0.027532, 0.0237647, 0.0213127, -0.0566423, 0.0207138, 0.0111333, 0.0245207, -0.00449812, 0.0316881, 0.0109004, 0.00573812, 0.00510673, 0.0393903, 0.0634894, 0.0134246, 0.0424789, 0.0615706, -0.0235191, -0.0160397, 0.0227569, 0.00575809, -0.0926394, 0.061653, 0.0106519, -0.0252131, -0.0324021, 0.0571616, 0.0241553, 0.615702, -0.0570702, 0.0708175, -0.0130482, 0.0392707, 0.000658678, -0.00443929, -0.0569371, 0.0354869, 0.0534739, -0.0753743, 0.0664793, 0.00616128, -0.0302649, 0.0381885, -0.0409076, -0.000670537
# 0.000634528, 0.00231598, 0.00096548, 0.000801421, -0.00158042, -0.000374303, -0.00150493, -0.000460627, 0.00236368, -0.00205552, -0.00071042, 0.0241184, -0.033202, 0.0136916, 0.0108217, 0.00685116, -0.0169048, 0.00949044, -0.00262346, -0.0153134, -0.0173985, 0.00801182, -0.124815, -0.00989332, 0.0190322, 0.00555, -0.000144697, -0.0231199, -0.00249979, 0.0119465, 0.00168122, -0.013056, 0.00426076, 0.00618539, -0.00913738, 0.0125795, 0.0147483, 0.00240161, -0.0461746, -0.0209181, -0.0433339, 0.0508439, -0.0188936, -0.00157475, 0.0208624, 0.0117067, -0.0570702, 0.685602, -0.0397042, 0.0328103, -0.0494139, 0.0252821, -0.0102779, -0.0311933, 0.00502302, -0.00463115, 0.0548534, -0.0270525, -0.00317613, 0.000269263, 0.00996227, 0.0294316, 0.0593115
# -0.00107901, -0.00295717, 0.00210299, 0.0038962, -0.000231694, 0.00255742, -0.00252235, 0.000616303, 0.000532365, 0.00330031, 0.00642149, -0.0289915, 0.0371421, -0.00434188, -0.0202928, -0.00650372, -0.00265809, 0.00647654, 0.0022188, 0.0180753, 0.0213977, 0.0189696, -0.00404238, -0.0900335, -0.00498829, -0.00173882, 0.0210806, 0.00290466, 0.00108905, 0.0155302, -0.00680302, 0.0161999, 0.017798, 0.0193822, 0.022235, 0.0034703, -0.0115584, -0.00124428, 0.033307, 0.0488192, 0.0369862, 0.0169609, -0.085464, 0.0706022, -0.00199808, -0.0334286, 0.0708175, -0.0397042, 0.584042, 0.053795, -0.024134, -0.0161467, 0.00995437, -0.0635266, -0.0345122, 0.0791964, -0.0618747, 0.0525619, 0.0123259, -0.00109862, -0.0119607, -0.0150951, 0.0136087
# -0.00222526, -0.00364094, 0.00186126, -0.000120145, 0.000434958, 0.00166309, 0.00179527, 0.000471293, 0.00147493, 3.89772e-05, 0.00101049, 0.00899318, -0.0192795, 0.00855318, 0.000592707, 0.0165502, -0.00203089, -0.0170511, 0.0106141, 0.0197352, 0.020722, 0.00836445, 0.00714194, 0.00228621, -0.0900081, 0.0167001, -0.0105245, 0.0136057, 0.00963619, 0.0147938, 0.00236174, 0.0134566, 0.0153999, -0.00105542, 0.0051869, 0.0119183, 0.0196816, 0.0164496, -0.0113306, -0.0276608, 0.0241914, 0.0577484, -0.0469269, -0.0485348, 0.00662274, -0.0418724, -0.0130482, 0.0328103, 0.053795, 0.506118, -0.0261047, 0.0370395, -0.0397487, -0.0127989, -0.0143514, -0.0055576, 0.0149853, 0.0422442, 0.0085542, -0.0259683, -0.0179171, 0.0233273, 0.0285027
