# stan_version_major = 2
# stan_version_minor = 38
# stan_version_patch = 0
# model = survival_model
# start_datetime = 2026-03-12 11:44:52 UTC
# method = sample (Default)
#   sample
#     num_samples = 2000
#     num_warmup = 1000 (Default)
#     save_warmup = false (Default)
#     thin = 1 (Default)
#     adapt
#       engaged = true (Default)
#       gamma = 0.05 (Default)
#       delta = 0.8 (Default)
#       kappa = 0.75 (Default)
#       t0 = 10 (Default)
#       init_buffer = 75 (Default)
#       term_buffer = 50 (Default)
#       window = 25 (Default)
#       save_metric = false (Default)
#     algorithm = hmc (Default)
#       hmc
#         engine = nuts (Default)
#           nuts
#             max_depth = 10 (Default)
#         metric = dense_e
#         metric_file =  (Default)
#         stepsize = 1 (Default)
#         stepsize_jitter = 0 (Default)
#     num_chains = 1 (Default)
# id = 1 (Default)
# data
#   file = /Users/dansprague/Documents/PhaseSkate/benchmarks/scaling/data/data_H50.json
# init = 2 (Default)
# random
#   seed = 44
# output
#   file = /Users/dansprague/Documents/PhaseSkate/benchmarks/scaling/stan_output/output_H50_chain3.csv
#   diagnostic_file =  (Default)
#   refresh = 100 (Default)
#   sig_figs = 8 (Default)
#   profile_file = profile.csv (Default)
#   save_cmdstan_config = false (Default)
# num_threads = 1 (Default)
# stanc_version = stanc3 v2.38.0
# stancflags = 
lp__,accept_stat__,stepsize__,treedepth__,n_leapfrog__,divergent__,energy__,log_alpha,beta_0,beta.1,beta.2,beta.3,beta.4,beta.5,beta.6,beta.7,beta.8,log_sigma_int,log_sigma_slope,rho,z_int.1,z_int.2,z_int.3,z_int.4,z_int.5,z_int.6,z_int.7,z_int.8,z_int.9,z_int.10,z_int.11,z_int.12,z_int.13,z_int.14,z_int.15,z_int.16,z_int.17,z_int.18,z_int.19,z_int.20,z_int.21,z_int.22,z_int.23,z_int.24,z_int.25,z_int.26,z_int.27,z_int.28,z_int.29,z_int.30,z_int.31,z_int.32,z_int.33,z_int.34,z_int.35,z_int.36,z_int.37,z_int.38,z_int.39,z_int.40,z_int.41,z_int.42,z_int.43,z_int.44,z_int.45,z_int.46,z_int.47,z_int.48,z_int.49,z_int.50,z_slope.1,z_slope.2,z_slope.3,z_slope.4,z_slope.5,z_slope.6,z_slope.7,z_slope.8,z_slope.9,z_slope.10,z_slope.11,z_slope.12,z_slope.13,z_slope.14,z_slope.15,z_slope.16,z_slope.17,z_slope.18,z_slope.19,z_slope.20,z_slope.21,z_slope.22,z_slope.23,z_slope.24,z_slope.25,z_slope.26,z_slope.27,z_slope.28,z_slope.29,z_slope.30,z_slope.31,z_slope.32,z_slope.33,z_slope.34,z_slope.35,z_slope.36,z_slope.37,z_slope.38,z_slope.39,z_slope.40,z_slope.41,z_slope.42,z_slope.43,z_slope.44,z_slope.45,z_slope.46,z_slope.47,z_slope.48,z_slope.49,z_slope.50
# Adaptation terminated
# Step size = 0.296448
# Elements of inverse mass matrix:
# 0.000436177, 4.86699e-05, -1.28591e-05, 4.62428e-05, -1.3336e-05, 2.23584e-05, -7.05296e-06, 4.56603e-05, -6.29805e-05, 2.20554e-05, 7.68475e-05, 0.000331071, -0.000537082, -7.78929e-05, -7.66121e-05, 0.000118735, -0.00049304, -2.54265e-05, -0.00010992, -6.58522e-05, -0.000183435, 0.000249658, -0.00052718, 7.36575e-05, 2.7789e-06, 2.58782e-06, 2.49968e-05, -0.000431389, -2.0381e-05, -0.000326502, 8.08588e-05, -0.000441398, -0.000113332, 7.26214e-05, -9.54929e-05, -0.000792191, -0.000558141, 0.000171741, -0.000107798, 1.3199e-06, 0.000213844, -0.000268941, -2.19511e-05, -0.000181588, 0.000117307, -0.000660379, -0.000433333, -0.000420139, 0.000508117, -0.000619322, -0.000116921, -0.000387596, 0.000116314, -0.000215216, 0.000520308, -0.000459603, 9.95706e-07, -0.000422098, -0.000258456, -0.000357612, -0.000108169, 0.000251794, -0.000970205, 0.000112918, 0.000533341, -0.000590743, 0.000271, -0.00104895, 0.000465437, -0.000625737, 0.000425997, 0.000915128, 0.000833652, -0.000315925, -0.000516482, -0.000680908, -0.00106034, -0.00073762, -0.00150826, 0.000177025, -0.000599935, 0.001656, 0.000474118, 0.000292715, -0.000353461, 0.00221156, -0.000428801, 0.000147575, -0.00169996, -0.00070093, -0.00128825, 0.00092687, 1.97176e-06, -0.000808207, 0.000289111, -0.000157491, 0.000699117, 0.000768975, -0.001271, 0.000748251, 5.00411e-05, 0.000652717, -0.000395013, 0.000426072, 0.000267603, -0.000114021, -0.000245797, 0.00113265, 0.00055754, 0.00103772, 0.000371569, -0.00105228, 0.00131484
# 4.86699e-05, 0.00658848, 0.000167063, 1.06896e-05, 0.00015434, -4.29689e-05, 0.000152933, 2.31429e-05, 0.00011141, 5.47765e-05, -0.000132264, -0.000807311, -0.000187461, -0.00980858, -0.0095613, -0.00940173, -0.00917499, -0.0108159, -0.00968947, -0.0102185, -0.00973579, -0.00959173, -0.0102353, -0.0106037, -0.00844182, -0.00825474, -0.0111324, -0.00918385, -0.00942969, -0.00828425, -0.00823571, -0.00821163, -0.0097263, -0.00913872, -0.00997064, -0.0108922, -0.00864377, -0.00950445, -0.00821995, -0.0095118, -0.0118734, -0.00825167, -0.0112418, -0.0101334, -0.00871536, -0.00663609, -0.0101608, -0.00909863, -0.00963327, -0.00804237, -0.00975524, -0.00698114, -0.00956938, -0.00919127, -0.00892113, -0.00841385, -0.00943898, -0.00806584, -0.00903088, -0.00883152, -0.0079797, -0.010969, -0.00840062, -0.000999294, -0.000149562, -0.00101001, -0.00343058, 0.00146181, 0.00107979, 0.00175654, 0.00128264, -0.000503165, 0.00513717, 0.00352842, 0.000404042, -0.00320854, 0.00155952, -0.00331799, 0.00242478, -0.00186924, -0.00153306, -0.0026719, -0.00074865, 0.00215128, -0.00238009, 0.00582423, 0.00100486, 0.00519246, -0.00139294, 0.000400402, -3.8199e-05, -0.000268211, 0.000887311, 0.000742843, -0.000224064, -0.00161504, 0.00582551, -0.00149264, -0.00276171, -0.00249678, 0.000237277, -0.00455341, -0.000155881, -0.00191984, -0.000319259, -0.00113483, 0.00121937, 0.000243324, -0.00185377, 0.000595088, -0.0022999, 0.000836442, -0.00347174
# -1.28591e-05, 0.000167063, 0.000401613, -7.85506e-05, -8.25386e-06, -3.87624e-05, 2.2989e-05, -2.72082e-05, -3.734e-05, -3.51338e-05, 0.000217804, 0.000101693, 0.000207576, -0.000256532, 0.000360515, -0.00028312, 0.000302355, -0.000432043, -0.000406451, -0.000235139, -4.57012e-05, 0.000620219, -0.000153103, -2.01363e-05, -0.000541175, -0.000364898, 0.000212253, 8.51047e-05, -0.000503902, -0.000117341, 0.000355437, -0.0012668, -9.65086e-05, 0.000206956, 3.18419e-05, -0.000342596, 6.39491e-05, -0.000578861, 0.000102337, 0.000195035, -0.000270348, -0.000480305, -9.37377e-05, -0.000487671, -0.000372221, 0.000419304, -0.000293111, -0.000179283, -0.000333213, -0.000131157, 3.33724e-05, 0.000527016, -0.000172909, -0.000333708, -0.000263, 0.000193116, -0.0006373, 0.000302752, -0.0002563, 8.29379e-05, -0.000243063, -0.000381057, -9.67126e-06, 0.000541013, -0.00142482, 0.000414592, -0.00101536, 0.0007972, -0.000800491, -0.00105829, 0.000331796, 3.36607e-05, -0.000688816, 1.06957e-05, 0.000256905, -0.000348887, 0.000711778, 6.73446e-05, 0.00092598, -0.000530365, 0.000229275, 0.000748547, -0.00036989, 0.000811257, 0.00033982, 0.000178939, -0.00024328, 0.00171837, -0.000125049, -0.0012076, -0.000104447, 0.000105998, -0.000141622, 0.000659366, 0.000377264, -0.000859837, 0.000696123, 1.32328e-05, 0.000997093, 0.000736071, 0.000802078, -0.000578617, 0.000441193, -0.000445539, -7.41491e-05, -2.14837e-05, 0.00172925, -0.00105304, 0.000768233, -0.000317531, 0.00121268, 0.00162294, -0.00081903
# 4.62428e-05, 1.06896e-05, -7.85506e-05, 0.000449914, -9.43218e-06, 3.65037e-05, -3.36143e-05, 3.60421e-05, -2.30745e-05, 4.04279e-05, -6.03612e-05, -0.00011523, 0.000772449, -0.000557715, -1.30802e-06, 0.000220336, -0.000404468, 6.94722e-05, -0.000250606, 0.000776945, 6.35594e-05, 4.81381e-05, -7.18594e-06, -0.000143353, -0.00097652, 0.000149296, -1.84644e-05, -8.19045e-05, -0.000468318, -0.0001586, -0.000633042, -0.000545753, 5.7101e-05, -0.000515699, -0.000181989, -0.000678103, -9.01412e-05, -0.000331544, -0.00012543, -9.84014e-05, -0.00047983, -0.000714366, -0.000440569, -0.000237221, 9.86362e-06, -0.000340532, 0.000129305, -0.00063587, -0.000183814, -0.00030212, -0.000152365, -0.000447398, -0.000412662, 2.38895e-05, 0.000112959, -0.000378162, -0.000224109, 9.85298e-05, 0.000105319, 0.000191636, -0.000320023, -0.000382564, -0.000604383, 0.000334684, 0.000109755, -0.000454143, 0.000195692, 5.54379e-05, -0.00105363, -0.00127995, 0.000881561, -3.82196e-05, -0.000485021, 0.000648902, 0.00161833, 0.000719592, 0.000292247, 0.000276168, 0.000161364, 3.34615e-05, 0.001031, -0.000459033, -0.000563446, -0.000373639, 0.000586866, -1.22648e-05, -0.000569932, -0.000726802, -0.000407655, 0.000686687, 0.000236025, 0.000149319, 0.00101915, 0.00112279, -0.00147322, -0.00101144, -0.000867611, 0.000724878, 0.0013809, -0.000248216, 6.5646e-05, 0.00050247, 0.000934629, 0.000111264, -0.000726573, 0.00110798, -0.00122651, 0.000244426, -0.000253779, 0.000224579, 0.000321376, 0.000146815, 0.00245678
# -1.3336e-05, 0.00015434, -8.25386e-06, -9.43218e-06, 0.000394747, 3.02748e-05, 1.89392e-05, 1.4154e-05, 1.90612e-05, -3.71641e-05, 3.64567e-05, -9.70852e-06, -0.000776413, -0.000352518, -9.76944e-05, -0.000403201, -0.000399352, 0.000174813, -0.000403222, -0.000435327, 0.000492964, 5.39745e-05, 0.000124863, -0.000369647, -2.1585e-05, -0.000709568, 0.000125335, -0.000116227, 5.76737e-05, 0.000160935, -0.000169443, -0.000192583, -0.000117941, -0.000523381, -0.000234606, -3.82541e-05, -0.000243389, 0.000236763, 0.000540961, 0.000313806, -0.000164914, 0.000121702, -0.000217908, -6.62244e-05, 0.000250185, -0.000329929, -0.000451751, -0.000358721, -0.00012612, -0.000183873, -0.000255856, 9.80424e-05, 0.000301926, -0.000544314, 0.000526772, -0.000253549, 0.000234948, 0.000469414, -0.000568672, -0.000183567, -0.000102362, 0.000288643, -0.000514732, 5.5121e-05, 0.000625836, 4.29179e-05, -0.000167475, -0.000503724, 0.000355008, -0.000344599, -0.00123496, -0.000416843, -0.000451202, 0.000602589, 0.000167059, 5.17323e-05, -0.0018111, 0.00123278, 7.1179e-05, 4.63616e-05, 0.000364333, 0.000157638, 0.000363261, 0.000370612, 0.000288982, 0.00048447, -0.000182994, -0.00226977, -0.000258994, -0.000242978, -0.000399047, -0.000746712, -2.49559e-05, 4.7423e-05, -0.000453643, 0.000364503, -0.000266476, 0.000221073, -0.00104993, 0.000504374, 0.000331489, -0.000625105, -0.000336766, 0.00155639, -0.00077863, 0.000515384, -0.00122451, -0.00051978, 1.6791e-05, 0.000334936, -0.000644452, -0.00169128, 5.75711e-05
# 2.23584e-05, -4.29689e-05, -3.87624e-05, 3.65037e-05, 3.02748e-05, 0.00038602, -2.22962e-05, 6.38801e-06, -3.18399e-05, 5.27811e-05, -6.20631e-05, 1.51935e-05, -0.000587679, 7.41168e-05, 0.000181745, -0.000139751, 6.65206e-05, 0.000722404, 4.93336e-05, -5.0359e-05, 9.47511e-05, -0.000519812, 0.000145345, -0.000321901, 0.00019512, -6.35145e-05, 8.08951e-05, -0.000431357, -0.000300398, -6.55246e-05, -0.000376004, 0.000242983, 0.00016393, -0.000254499, -0.000318703, 0.000315439, 6.70956e-06, 0.000272008, -0.000272249, 0.000306116, -0.000138183, 0.000214627, -1.9174e-05, -0.00012911, -0.000150561, -0.000183257, 3.91869e-05, 0.000147634, 0.000170503, -0.000154042, 0.00025439, -0.000774524, 0.000217831, 0.00032142, -7.60019e-05, 0.000187407, 9.91899e-05, 6.33655e-05, 0.000378106, -0.000563448, -0.000279502, -0.000156685, 6.66606e-05, -0.00109256, 0.000738288, 0.000457249, 0.000249449, -0.00144857, 0.000976209, 2.52093e-05, -0.0010134, 8.49342e-05, 0.000280042, 0.000744462, 0.000393977, -0.000146001, -0.00155991, 0.000711905, 0.000813473, -0.0004975, 0.000523427, 0.00127519, -0.00140818, -0.00167486, -0.000195958, -0.00143644, 0.00110936, -0.000116674, 0.000144771, -1.2262e-05, 0.000488444, -0.00126104, 0.000447427, -0.000751689, 0.0012309, 0.000926827, -0.000227374, 7.64076e-05, 0.000277392, 0.000949923, 0.000177692, 0.00048604, -0.000335075, -0.000377151, 0.00030736, 0.000233658, -0.0016373, -0.000392698, -0.00213384, 0.000215883, 4.747e-05, -3.34655e-05, -0.000133682
# -7.05296e-06, 0.000152933, 2.2989e-05, -3.36143e-05, 1.89392e-05, -2.22962e-05, 0.000392113, 1.53685e-05, 1.89585e-06, -4.76548e-05, -4.85166e-05, -2.85597e-05, 0.000116327, 1.9289e-05, -0.000239548, -0.000331061, -7.88511e-05, -0.000609112, 0.000169537, -1.64255e-05, -1.42013e-05, -0.000207326, 0.000299227, 0.000485857, 0.000426444, -0.000625791, -0.000187084, 0.00010673, 0.000168317, 0.000202065, -4.02163e-05, -9.37966e-05, -0.000377896, -0.000626675, -0.000439872, -0.000692196, 0.000174669, -0.000268429, -1.95018e-05, 0.000148172, -0.00027279, -0.00027838, 0.000340637, -9.52211e-05, 3.83825e-06, -0.000576077, -0.000384181, -0.000204848, -0.000234176, -0.000146718, -6.54833e-05, -0.000281137, 0.000131055, -0.000147424, -0.000465801, 0.000188513, -2.38285e-05, 0.000102127, -0.00045144, -0.000359424, -8.38011e-05, -3.65077e-05, 0.000228812, -0.000694667, 0.000158667, -0.000212508, 0.000267303, -0.000744367, 0.000291671, -0.000145799, -0.000440396, 0.000183334, -0.000634618, -0.000851744, -0.00122658, 0.00140757, -0.000685299, -0.00171468, -0.000337343, -0.00114884, -0.00101857, 0.000626411, 0.00062708, 0.0012034, 0.000169385, -0.000399208, 0.00032657, 0.00137127, 0.000740573, -0.000815601, -0.000405526, 0.00070119, 0.000106139, -0.000834476, -0.000114977, 0.000713861, 0.000690765, -0.000653586, -0.00107532, 0.000335672, -0.000172771, 0.000366692, -0.000775629, 0.000127644, 0.000157837, -0.000688268, -0.000804686, -0.000295442, 0.000440198, 0.000306597, 0.000433866, -0.000980286, -0.000509749
# 4.56603e-05, 2.31429e-05, -2.72082e-05, 3.60421e-05, 1.4154e-05, 6.38801e-06, 1.53685e-05, 0.000379311, -5.10166e-05, 2.57922e-05, 5.26441e-05, -2.17065e-05, 9.11249e-05, 0.000600881, -0.000692777, 0.000354622, -0.000266229, -0.000352439, 0.000236252, 0.000551135, 0.000113745, -0.000109073, 0.000152387, 9.8644e-05, -0.000274797, 7.57367e-05, 0.00032744, -0.000256858, 0.000109041, 0.000114692, -0.000132902, 0.000243615, -0.000505274, -4.10892e-05, 3.2816e-05, 0.000444421, -6.64753e-05, -0.000328863, 0.000464571, -0.000575496, -0.000112021, -0.000727501, -0.000160576, -3.9885e-05, -0.000491557, 4.90709e-05, 2.8102e-05, -7.87645e-05, -0.000351164, -0.00068828, -0.000494186, -0.000215607, -0.000709283, 6.52409e-05, -0.000192674, -0.000405311, -3.14074e-05, -0.000424298, 0.000249479, -0.000228711, 0.000252043, -0.000118147, 2.80447e-05, -0.000351637, 0.00160037, -0.00111754, 0.000564481, -0.00108534, -0.00110087, -0.0017509, 7.39587e-05, 0.0017047, -0.00114953, 0.000233597, 0.000199255, -0.000836188, -0.000493165, -0.000668072, -0.000282628, -0.000541056, -8.20697e-05, 0.0012232, 0.00056229, 0.000504746, -0.000142253, -0.000440636, 0.000938354, -0.000451466, -0.000597325, 0.000108787, -0.000763266, 0.000951539, -0.0010067, 0.000501003, 0.000625044, -0.00012611, 0.000429797, -6.80905e-05, -0.000220661, 0.000234142, -4.07487e-05, -0.000422117, 0.00209865, 0.000842546, 0.000328378, 0.000132126, 0.000313786, 0.00125357, -6.00701e-05, 0.000917858, -0.000363213, -0.00101602, -0.000169444
# -6.29805e-05, 0.00011141, -3.734e-05, -2.30745e-05, 1.90612e-05, -3.18399e-05, 1.89585e-06, -5.10166e-05, 0.000442193, -4.56259e-05, 6.75248e-07, -6.33381e-05, 0.000521159, 7.74113e-05, -0.0002351, -0.000371766, -4.54954e-05, -0.000131566, -5.9189e-05, -0.000376558, 0.000192524, -0.000489839, -0.000366736, -3.06677e-05, -4.03297e-05, 0.000443513, -7.15552e-05, 0.000399518, -0.00069315, -0.000599947, 9.48818e-05, 0.000712554, 0.000549659, -0.00076497, -0.000214385, -8.53861e-05, -0.000449292, 0.00025572, -0.000882683, 0.000318626, -0.000152293, -0.000244256, -0.000145234, -0.000117244, 0.000352475, 1.01993e-05, -0.000729506, -0.000542473, -0.000302907, -0.000182871, -4.83124e-05, -1.86406e-05, 0.000231495, 0.000211618, -0.0003098, -0.000711156, 3.24858e-05, 0.000398618, -0.000149013, -0.000126893, 3.52005e-05, -0.000216611, 0.000264512, 0.000242098, 7.36055e-05, 0.000291831, 7.65157e-05, -0.000155266, -6.03723e-05, 0.000859815, 0.000385179, -0.000182488, 0.00124269, -0.000290953, -0.000574991, -0.0013371, -0.000488217, -0.000538001, 0.000331041, 0.00179916, -0.000699445, -0.00163649, 0.000285069, 0.00129324, -9.78753e-05, -0.000601062, 0.00076544, -0.00141865, 0.00111144, -0.00068009, 4.10271e-05, 0.000917683, 0.000644848, 0.00134307, 0.000130085, -0.000775578, 0.0015365, 0.00101475, 5.39035e-05, -0.000220104, -0.000245484, -0.000689735, 0.000144244, 0.000668853, -4.91623e-05, 0.00147295, -0.000126828, -0.00114578, -0.00108103, -0.000100171, 9.24981e-05, -0.000403219, -0.00101325
# 2.20554e-05, 5.47765e-05, -3.51338e-05, 4.04279e-05, -3.71641e-05, 5.27811e-05, -4.76548e-05, 2.57922e-05, -4.56259e-05, 0.000426015, -0.000113568, -0.000393509, -0.000161581, -0.00042617, -0.000469761, -0.000105718, 3.11164e-05, -0.000192834, -3.69865e-05, 1.8412e-05, -0.000644036, -0.000610692, 2.67512e-05, -0.000343868, -0.000383822, -0.00025474, -0.000332393, -1.55421e-05, -6.94081e-05, -0.000270226, -0.000364641, -0.00015014, -0.000480984, -4.59015e-05, -5.84232e-05, 7.12237e-05, -0.000233923, 0.00012656, 0.000293549, -0.000711975, -2.90066e-05, 0.000200601, -0.000275318, -1.53106e-05, 0.000210013, -1.85728e-05, 0.000165747, -0.000416844, -0.000238894, -1.29527e-05, -8.13225e-05, -0.000234094, -0.00059372, -0.000515286, -0.00036129, -0.000150244, -0.000444915, -0.000131251, 0.000114238, 0.000146531, -0.000158354, -0.00108605, -0.000131849, 0.000998726, 0.000231606, 0.000343368, 0.000678338, 0.000128181, -7.03838e-06, 0.000362407, 0.0009195, -0.00102038, -0.000189032, 0.000268427, 8.78719e-05, 0.00147683, 0.000199969, -0.00132235, -0.00055972, -0.000158923, -0.000330516, 0.000197607, -0.000561967, -0.0015818, -0.00124113, 0.000857526, 0.000422607, -8.44074e-05, -0.000437617, 0.00011445, 0.00018192, -0.000110444, -0.000681095, -0.000500164, -0.000687817, -0.00181421, -0.000771324, -0.000371531, -1.49596e-05, 0.000281531, 0.000620724, -4.27886e-05, 0.000189867, 0.00081435, -0.000381615, 0.000652437, -0.000242504, -0.000216596, -0.000833142, -0.000859342, 0.000423405, 0.00076023, 0.000793721
# 7.68475e-05, -0.000132264, 0.000217804, -6.03612e-05, 3.64567e-05, -6.20631e-05, -4.85166e-05, 5.26441e-05, 6.75248e-07, -0.000113568, 0.0129695, 0.000965293, -0.010545, 0.00814249, 0.000886827, 0.00372581, 0.000653951, -0.00524629, -0.00303193, 0.00968484, 0.0160149, 0.0288929, -0.0014083, 0.0096824, -0.00516975, -0.00197952, 0.011174, -0.0068082, -0.00147462, -0.00257302, 0.0112835, -0.0167699, 0.00338426, 0.0103567, 0.0158033, -0.00978619, -0.0163712, -0.0178688, -0.00474613, -0.00312303, -0.00261959, -0.0111701, -0.00483042, 0.00343038, -0.011647, -0.0137988, -0.00235987, 0.000154867, 0.00774793, -0.00369813, -0.00238541, 0.0088871, 0.00995152, 0.00174013, 0.00299967, -0.00935568, -0.000364401, 0.00205033, 0.00766458, 0.00714959, 0.00246765, 0.00697062, 0.000909092, -0.00164339, -0.000813326, 0.00154535, 0.00437575, 0.00336548, 0.00232406, 0.00418856, -0.00503546, -0.00659817, 0.00676228, 0.000787936, -0.00143835, -0.00344475, -0.00716762, -0.00399193, -0.00149634, 0.00103058, -0.000930612, -0.00346755, 0.000301718, 0.00436808, -0.00452703, -0.00382804, 0.00173392, 0.000169736, -0.00108337, -0.00175453, 0.00380369, -0.00545971, -0.000988133, 0.00590145, 0.00358282, -0.00401899, 0.00146661, 0.00407193, -0.00183476, -0.000469279, 0.00475855, -0.000102749, -0.00453634, -0.0057664, -0.00383188, 0.0020525, -0.00246225, 0.00283096, 0.00229802, -0.000724712, 0.0024678, -0.00798113, 0.00311459
# 0.000331071, -0.000807311, 0.000101693, -0.00011523, -9.70852e-06, 1.51935e-05, -2.85597e-05, -2.17065e-05, -6.33381e-05, -0.000393509, 0.000965293, 0.0315045, -0.0235794, 0.00139453, 0.00325403, 0.00177131, -0.00107198, 0.0012557, -0.00504736, -0.00791085, 0.00843038, 0.0135123, -0.00153935, 0.00904963, -0.000361123, 4.61546e-05, 0.0104559, -0.00363978, 0.00523148, -0.00216907, -0.0058326, -0.00169875, -0.000728001, -0.0027583, 0.00987974, -0.0054471, -0.000550159, -0.00767473, -0.00114693, -0.00160751, 0.00921982, 0.00669068, 0.00157148, 0.00206968, -0.000468857, 0.0142027, 0.00224246, 0.0104012, 0.00843983, -0.00403735, -0.00417434, -0.00554808, 0.00274525, 0.00827516, 0.0058366, -0.00508367, 0.00338272, -0.00156926, 0.00240003, -0.00412268, 0.00146849, 0.0165678, -0.00947447, -0.0074862, 0.000123657, -0.00329031, -0.0021238, 0.000646376, 0.00259151, -0.000863772, -0.00260863, 0.0117796, -0.0132923, -0.00315064, 0.00706415, 0.00186244, 0.00879521, 0.0178576, 0.000716685, 0.00186973, -0.000128062, 0.00227511, -0.00711239, -0.00372116, 0.00434058, 0.00581498, -0.00146853, 0.00629514, 0.00216845, -0.00767539, -0.00401554, -0.00619073, -0.00311051, 0.00417619, 0.0103507, -0.0146223, 0.00666233, -0.0178432, -0.00270287, 0.00151596, -0.000197016, -0.000800021, -0.00434163, -0.00488446, 0.00877961, 0.000525081, 0.00584509, 0.00461166, -0.00207191, 0.00245876, 0.010211, -0.00334176, 0.00176992
# -0.000537082, -0.000187461, 0.000207576, 0.000772449, -0.000776413, -0.000587679, 0.000116327, 9.11249e-05, 0.000521159, -0.000161581, -0.010545, -0.0235794, 0.201905, 0.000570209, -4.246e-05, 0.00189234, 0.00996545, -0.0103971, 0.0193128, 0.0206143, -0.0133856, -0.0129953, 0.00613, -0.00551945, 0.00460149, 0.0066897, -0.0157384, 0.0123597, -0.0139112, 0.00691767, 0.0103118, -0.00782234, 0.00362394, 0.0139816, -0.00963546, 0.00603137, 0.0124103, 0.00286428, 0.000643033, 0.0055718, -0.0205504, -0.022063, 0.00507461, -0.0091688, -0.00131296, -0.0246678, 0.000822242, -0.00620905, -0.0189293, 0.00897198, 0.0201616, 0.0132794, -0.0110948, -0.0105151, -0.0128944, 0.00698669, -0.0111686, 0.0129638, -0.00600148, -0.00298312, 0.000937446, -0.0341824, 0.0356834, 0.0457676, -0.0160938, 0.00355998, -0.000711755, -0.0249254, -0.072428, 0.0324063, 0.108549, 0.11468, -0.00782448, 0.049932, -0.06886, -0.00497166, 0.043828, -0.0295057, -0.0374527, -0.00837258, 0.0457411, -0.03891, 0.0324289, 0.0533205, 0.0792881, -0.047364, -0.0551335, -0.0226279, -0.013452, -0.0225743, 0.00550077, -0.0336843, 0.000737039, 0.016397, -0.0270543, -0.0228412, -0.0253895, 0.0192026, 0.0243999, -0.0152148, -0.0325775, 0.027916, 0.0542172, 0.0209478, -0.0230651, -0.0391179, 0.0216915, -0.0130117, 0.0432, 0.0358921, -0.0088416, 0.071328, -0.0307658
# -7.78929e-05, -0.00980858, -0.000256532, -0.000557715, -0.000352518, 7.41168e-05, 1.9289e-05, 0.000600881, 7.74113e-05, -0.00042617, 0.00814249, 0.00139453, 0.000570209, 0.0835453, 0.011165, 0.0175584, 0.0122996, 0.00573143, 0.0116947, 0.0310561, 0.0231722, 0.0291646, 0.00597804, 0.0178119, 0.00950867, 0.00826566, 0.0253153, 0.00781475, 0.010654, 0.0168663, 0.0249928, 0.00551818, 0.0129141, 0.0188149, 0.0241286, 0.0160313, -0.0030445, -0.000785801, 0.00449919, 0.00622046, 0.0212555, 0.00688462, 0.0096237, 0.0175863, -0.00360521, 0.00228134, 0.014072, 0.0170078, 0.0121872, 0.00697829, 0.00817207, 0.0155924, 0.0206673, 0.0142103, 0.0107793, 0.00496043, 0.0145463, 0.01235, 0.0185109, 0.0151164, 0.0126162, 0.0238971, 0.0131154, -0.0889043, 0.00719053, -0.00413916, 0.0141743, -0.000164679, 0.000391006, -0.00902852, -0.00652543, 0.00565869, 0.00785435, 0.00420111, -0.0146976, 0.0121708, -0.005589, -0.00645242, -0.00108429, -0.00723582, -0.00988356, -0.00453353, 0.0135207, 0.00529207, -0.00211408, -0.0319352, -0.0167619, -0.00847114, 0.00826041, 0.000680273, -0.00589129, 0.00111604, -0.00222064, 0.00891274, -0.0042797, 0.00313756, -0.000301322, 0.0190261, 0.00293637, -0.00124455, 0.00164379, 0.00718957, -0.000871738, -0.0111429, -0.00100724, 0.00341095, -0.00558313, 0.00637473, 0.00141729, 0.00330558, 0.00674002, -0.0140562, -0.0054703
# -7.66121e-05, -0.0095613, 0.000360515, -1.30802e-06, -9.76944e-05, 0.000181745, -0.000239548, -0.000692777, -0.0002351, -0.000469761, 0.000886827, 0.00325403, -4.246e-05, 0.011165, 0.0807064, 0.0160812, 0.0190336, 0.0165829, 0.0153846, 0.019114, 0.014403, 0.0138285, 0.0108079, 0.0103988, 0.00939313, 0.0168062, 0.0155875, 0.021826, 0.0135752, 0.0138125, 0.0148107, 0.00558732, 0.0137077, 0.0172362, 0.0178036, 0.0125195, 0.0096807, 0.0101353, 0.0120816, 0.0137969, 0.0171207, 0.0123062, 0.0227574, 0.0139076, 0.0190401, 0.00779275, 0.0096303, 0.00992918, 0.0161257, 0.0147141, 0.0161992, 0.0070173, 0.0132037, 0.0130296, 0.013806, 0.0112902, 0.0159458, 0.0105636, 0.011129, 0.00941651, 0.00996859, 0.00961201, 0.0189877, -0.00560579, -0.0998652, -0.0117852, -0.0175146, -0.00987342, -0.0101769, -0.00648383, 0.00833518, 0.0170058, -0.0111318, 0.0130788, 0.0123098, -0.00515583, 0.00301713, -0.0130494, 0.00668393, 0.000407035, -0.00619541, 0.00973953, -0.000555734, -0.0125333, 0.00709803, -0.00829121, 0.0101139, -0.00658461, 0.00958399, -0.01397, 3.87875e-05, 0.00353431, -0.0102796, 0.00952267, -0.00509519, 0.00131572, 0.0010768, 0.0175903, 0.0103405, -0.00319505, -0.000508114, 0.0169477, 0.00349216, -0.00271638, -0.000616936, 0.0223138, 0.000127468, -0.00620319, 0.0203155, 0.00348563, 0.0103137, 0.0174933, -0.00920254
# 0.000118735, -0.00940173, -0.00028312, 0.000220336, -0.000403201, -0.000139751, -0.000331061, 0.000354622, -0.000371766, -0.000105718, 0.00372581, 0.00177131, 0.00189234, 0.0175584, 0.0160812, 0.0696372, 0.0182926, 0.013638, 0.0147474, 0.019141, 0.015969, 0.0313861, 0.017086, 0.0185795, 0.010117, 0.0159555, 0.0221166, 0.01279, 0.00907613, 0.00728888, 0.014261, 0.00567026, 0.0139976, 0.0198214, 0.0186702, 0.0089502, 0.0110822, 0.00906102, 0.00995516, 0.0142131, 0.0134857, 0.00639718, 0.0114356, 0.0184425, 0.0124228, 0.00410519, 0.014082, 0.0147764, 0.0141787, 0.00625265, 0.00529611, 0.0099567, 0.0114022, 0.0166436, 0.0163643, 0.0127591, 0.0155655, 0.0121286, 0.0185357, 0.0144241, 0.00503249, 0.0146556, 0.0092759, 0.00118504, -0.0034111, -0.08401, 0.00164478, -0.0027509, 0.00249221, -0.0144354, -0.00848495, -0.00909067, -0.0052337, -0.00795855, 0.0106822, -0.00340767, 0.00208019, -0.005214, -0.0072991, -0.00114313, 0.00859476, -0.00798618, 0.0125285, -0.0022988, 0.0043887, -0.000179898, 0.00342463, -0.00728635, -0.00303314, 0.000667817, 0.00142985, 0.00155825, 0.00573105, -0.00989472, -0.00923744, -0.0106586, -0.00131017, 0.00307295, 0.00212254, 0.00912688, 0.00990977, 0.0125814, 0.0143989, -0.0133382, -0.0101299, -0.0112168, -0.016648, -0.00585043, 0.0051083, -0.00234337, 0.0129573, 0.00532668, 0.0156176
# -0.00049304, -0.00917499, 0.000302355, -0.000404468, -0.000399352, 6.65206e-05, -7.88511e-05, -0.000266229, -4.54954e-05, 3.11164e-05, 0.000653951, -0.00107198, 0.00996545, 0.0122996, 0.0190336, 0.0182926, 0.0834124, 0.0167737, 0.0241478, 0.016089, 0.0138951, 0.0198208, 0.014393, 0.0137444, 0.0123572, 0.0098191, 0.0139684, 0.0123401, 0.00059767, 0.0120236, 0.0170087, 0.00166965, 0.0139039, 0.0159987, 0.0154811, 0.0131168, 0.0139378, 0.0136422, 0.00511795, 0.0146489, 0.0192639, 0.00123384, 0.0173374, 0.0154116, 0.0166336, 0.0106508, 0.0104363, 0.010333, 0.00905187, 0.0194673, 0.0122438, 0.00555941, 0.0180851, 0.0115807, 0.00742213, 0.01519, 0.0158676, 0.0171282, 0.0137414, 0.0159714, 0.0143174, 0.0122378, 0.0121555, 0.00231012, -0.0203902, -0.00573588, -0.11517, 0.00734601, -0.0186156, 0.0014738, -0.00100705, -0.00746458, -0.012276, 0.00325458, -0.000950633, 0.0149572, -0.00384546, -0.00231732, 0.0202587, -0.0156443, -0.00649946, 0.00737933, 0.00211703, -4.47435e-05, 0.0111747, -0.0171307, -0.000184768, -0.00949434, 0.0251213, -0.00735885, -0.000820313, 0.00768081, 0.0104577, -0.0030819, 0.000727711, -0.0120458, -0.000816071, 0.005823, 0.0135814, -0.00991176, 0.00435063, 0.0132393, 0.00418965, 0.00297008, 0.000554751, -0.0100266, -0.00129115, -0.0155888, 0.00983279, -0.00240965, 0.0089431, 0.0163615, 0.00186195
# -2.54265e-05, -0.0108159, -0.000432043, 6.94722e-05, 0.000174813, 0.000722404, -0.000609112, -0.000352439, -0.000131566, -0.000192834, -0.00524629, 0.0012557, -0.0103971, 0.00573143, 0.0165829, 0.013638, 0.0167737, 0.0957611, 0.00660691, 0.0138943, 0.00945135, 0.00454134, 0.0169776, 0.0155909, 0.0229282, 0.0105834, 0.0118597, 0.0179405, 0.0142206, 0.0168859, 0.00238072, 0.0176736, 0.0173593, 0.00401984, 0.00730182, 0.0247527, 0.0226301, 0.0340804, 0.0162111, 0.021753, 0.0243009, 0.0234907, 0.0205476, 0.0128845, 0.0111816, 0.0164299, 0.0161476, 0.0115632, 0.0139406, 0.0173003, 0.0117857, 0.0091436, 0.0149874, 0.0170229, 0.0186202, 0.0141703, 0.0129538, 0.00829355, 0.0124342, 0.0129494, 0.0174601, 0.0204196, 0.00533857, 0.00337232, -0.00299701, -0.000321647, 0.000700568, -0.105224, 0.0215147, -0.0128955, -0.0137959, -0.0172887, -0.00354947, -0.0115162, 0.00439619, 0.00875273, -0.00742553, 0.0221831, 0.00412195, -0.00436536, 0.000219052, 0.0135179, -0.0100462, -0.0111805, 0.00194227, 8.35835e-05, -0.00204735, -0.0384528, 0.012295, -0.00115733, -0.00057397, -0.00772997, -0.00129077, 0.0031559, 0.0389254, 0.0168066, -0.0131859, 0.00180735, -0.00658141, 0.00975521, 0.0178819, 0.000720798, -0.00131739, 0.00211798, 0.00253381, 0.00366598, -0.0137666, 0.00739013, -0.0158297, -0.00861603, -0.00086958, -0.00483419, 0.0164001
# -0.00010992, -0.00968947, -0.000406451, -0.000250606, -0.000403222, 4.93336e-05, 0.000169537, 0.000236252, -5.9189e-05, -3.69865e-05, -0.00303193, -0.00504736, 0.0193128, 0.0116947, 0.0153846, 0.0147474, 0.0241478, 0.00660691, 0.113895, 0.0161321, 0.0135742, 0.00775215, 0.0163032, 0.0100256, 0.0122331, 0.00733231, 0.0154048, 0.00769254, 0.00563588, 0.0232303, 0.0141483, 0.0172467, 0.0118119, 0.0106908, 0.00993337, 0.0173903, 0.0169145, 0.022725, 0.0158025, 0.0105378, 0.0193444, 0.0139688, 0.031889, 0.0132705, 0.0145079, 0.00830057, 0.0145279, 0.0114607, 0.0124463, 0.0142004, 0.0111398, 0.0125212, 0.00586706, 0.00893193, 0.0135624, 0.0167346, 0.0171306, 0.0107234, 0.0180384, 0.004086, 0.0105927, 0.0013621, 0.0144295, -0.00314459, -0.0162088, -0.0239478, -0.0107437, 0.00193743, -0.1558, 0.00281443, -0.00740185, 0.00517046, -0.0242806, 0.0178404, 0.00110593, 0.00370389, 0.00779381, -0.00517363, 0.0108412, -0.0156285, 0.0170004, -0.0124675, 0.0123788, -0.00550786, 0.0149207, -0.0235067, -0.00559026, -0.00568531, -0.00880303, -0.00547623, -0.00503671, -0.00545639, -0.0234141, -0.00813458, -0.0206325, -0.0112917, 0.00807425, 0.00342583, 0.00178903, -0.0109921, -0.00926986, 0.0118877, 0.0198282, 0.022609, -0.00100156, -0.00703772, -0.00174744, 0.0132415, -0.00340125, 0.00875923, -0.000432545, 0.0212338, 0.00717154
# -6.58522e-05, -0.0102185, -0.000235139, 0.000776945, -0.000435327, -5.0359e-05, -1.64255e-05, 0.000551135, -0.000376558, 1.8412e-05, 0.00968484, -0.00791085, 0.0206143, 0.0310561, 0.019114, 0.019141, 0.016089, 0.0138943, 0.0161321, 0.0881061, 0.0193964, 0.0363942, 0.0139926, 0.0166989, 0.00879029, 0.00884592, 0.0231822, 0.00717384, 0.00836353, 0.0166138, 0.0212125, -0.00658713, 0.0163075, 0.0238911, 0.0285402, 0.0066275, -0.00361167, 0.000978034, 0.0087058, 0.00784604, 0.0121784, -0.00524922, 0.00926314, 0.0195829, 0.00377524, -0.0129041, 0.0116928, 0.0107582, 0.0134016, 0.00869023, 0.018418, 0.0149477, 0.0234872, 0.0130449, 0.0122124, 0.0120794, 0.0101854, 0.0156189, 0.0215535, 0.0201956, 0.0129093, 0.0126727, 0.0200612, 0.00156973, -0.00793698, -2.72047e-05, 0.00756198, -0.00329737, -0.0237603, -0.0956652, 0.0251292, 0.00855198, -0.0117785, 0.0128811, -0.0115724, 0.00245912, -0.000562929, 0.00683767, 0.00335359, -0.00477994, 0.00368214, 0.000874151, 0.0196128, 0.0105537, 0.00306513, -0.00913603, 0.00512593, -0.0208272, 0.000582867, -0.0024389, 0.0115081, 0.00645321, -0.00389623, 0.0132975, 0.00412035, 0.0120555, -0.013615, 0.0155195, 0.0130852, 0.00744866, -0.0161506, 0.023682, 0.0149105, -0.0010891, 0.00457052, 0.00364854, -0.0157392, 0.000443926, 0.000477506, 0.00153083, 0.0085437, -0.0124765, 0.00811209
# -0.000183435, -0.00973579, -4.57012e-05, 6.35594e-05, 0.000492964, 9.47511e-05, -1.42013e-05, 0.000113745, 0.000192524, -0.000644036, 0.0160149, 0.00843038, -0.0133856, 0.0231722, 0.014403, 0.015969, 0.0138951, 0.00945135, 0.0135742, 0.0193964, 0.0881834, 0.050683, 0.0139297, 0.0301014, 0.00282527, 0.0111248, 0.0283641, 0.00358314, 0.0122839, 0.00680002, 0.0299438, -0.00773014, 0.0193122, 0.0258356, 0.0345523, -0.00150808, -0.00708495, -0.00694707, 0.0106506, 0.0116346, 0.0149526, 0.000337388, 0.0157288, 0.0196729, -0.000263027, 0.000257114, 0.0122207, 0.0131746, 0.0249306, 0.00928899, 0.00940387, 0.0225576, 0.0285071, 0.0216248, 0.0214424, 0.00243576, 0.013581, 0.0151763, 0.0241095, 0.0147076, 0.0143927, 0.0242329, 0.0174345, 0.000772934, 0.00617528, 0.00139374, 0.0168249, -0.00220601, -0.00560176, 0.0158593, -0.0915612, 0.0060813, 0.00234809, -0.00146322, 0.006569, 0.00381201, -0.010894, 0.0106313, -0.000642806, 0.0171599, -0.0048956, -0.00261162, -0.00535126, -0.00696392, -0.00288031, -0.0141245, -0.0188967, -0.0176896, -0.00860394, -0.0129125, 0.00332645, -0.0208203, -0.00263433, 0.0149838, 0.00169177, -0.0105494, -0.000911085, 0.00857351, 0.00359786, -0.00293277, 0.00449164, 0.00318657, -0.000872901, 0.000965098, -0.00672169, -0.00279287, -0.00111993, 0.00481347, 0.00106829, 0.0187227, 0.0104206, -0.0101817, 0.00891278
# 0.000249658, -0.00959173, 0.000620219, 4.81381e-05, 5.39745e-05, -0.000519812, -0.000207326, -0.000109073, -0.000489839, -0.000610692, 0.0288929, 0.0135123, -0.0129953, 0.0291646, 0.0138285, 0.0313861, 0.0198208, 0.00454134, 0.00775215, 0.0363942, 0.050683, 0.131067, 0.0155206, 0.0402144, -0.00121446, 0.0072347, 0.0431319, -0.00717758, 0.00539777, 0.000784244, 0.0362219, -0.0336318, 0.0219893, 0.0440261, 0.0564417, -0.0108747, -0.0174236, -0.030869, 0.00403543, -0.00150453, 0.0136563, -0.0168201, 0.0104786, 0.0186424, -0.0109467, -0.0109698, 0.01153, 0.011159, 0.0353103, -0.00226507, 0.0130057, 0.0244202, 0.036354, 0.0142288, 0.0238646, -0.0132813, 0.0103603, 0.0128306, 0.0292299, 0.0254362, 0.0244985, 0.033743, 0.0147875, -0.00609515, -0.00216967, -0.0154687, 0.00897127, -0.000483548, 0.00614206, 0.00735944, -0.00858989, -0.0775995, -0.00421816, -1.64157e-05, -0.00119099, 0.00517029, -0.00822407, 0.0106198, -0.00472672, 0.0105338, 0.00496584, -0.0161686, -0.00982318, 0.00839901, 0.00064864, -0.0166489, -0.00664233, -0.0242009, -0.0147174, 0.000505949, 0.00046819, -0.00422311, -0.00222153, 0.00249048, 0.00344379, -0.0125525, -0.0145021, 0.0114443, -0.00177516, 0.00587994, 0.00562993, 0.0122784, -0.0108073, -0.00790214, -0.0126996, -0.00450235, 0.00149656, 0.0150078, 0.0166602, 0.00709232, -0.00113497, -0.0129169, 0.00136565
# -0.00052718, -0.0102353, -0.000153103, -7.18594e-06, 0.000124863, 0.000145345, 0.000299227, 0.000152387, -0.000366736, 2.67512e-05, -0.0014083, -0.00153935, 0.00613, 0.00597804, 0.0108079, 0.017086, 0.014393, 0.0169776, 0.0163032, 0.0139926, 0.0139297, 0.0155206, 0.09159, 0.0144481, 0.0121852, 0.0122152, 0.00979403, 0.0151915, 0.0213038, 0.0175873, 0.0075907, 0.0194873, 0.011991, 0.0118533, 0.00978138, 0.0190035, 0.0239424, 0.0166122, 0.0156928, 0.0145689, 0.0175269, 0.0139039, 0.0178192, 0.0182081, 0.0150282, 0.00872203, 0.021233, 0.0101878, 0.0127255, 0.00884294, 0.0153473, 0.0129739, 0.011217, 0.0129741, 0.0103554, 0.0215083, 0.0190122, 0.016225, 0.0140378, 0.013766, 0.00837183, 0.0150779, 0.0158094, 0.00986836, 0.00736427, -0.00194751, 0.0114174, -0.0196922, -0.0178834, -0.00314929, -0.00105699, -0.00110717, -0.131013, 0.00093165, 0.0140841, 0.0265274, -0.00110713, 0.0185734, -0.0120489, 0.00402185, 0.0187731, -0.00086787, 0.01233, -0.00444191, 0.0279512, -0.0252412, -0.00530192, -0.0223821, -0.00265143, 0.00153359, -0.00514916, 0.00959822, 0.00315629, -0.00683123, -0.000488893, 0.0159306, -0.0215566, 0.0027682, 0.0166798, 0.0217595, -0.00437664, 0.00302737, 0.00601158, 0.00967629, -0.00124752, -0.0362413, -0.00713572, -0.00880869, 0.0116518, 0.0109914, 0.00229862, -0.0144269, 0.0149634
# 7.36575e-05, -0.0106037, -2.01363e-05, -0.000143353, -0.000369647, -0.000321901, 0.000485857, 9.8644e-05, -3.06677e-05, -0.000343868, 0.0096824, 0.00904963, -0.00551945, 0.0178119, 0.0103988, 0.0185795, 0.0137444, 0.0155909, 0.0100256, 0.0166989, 0.0301014, 0.0402144, 0.0144481, 0.0847331, 0.0125612, 0.00737372, 0.0289916, 0.0155882, 0.0132689, 0.00814237, 0.0170949, 0.00213859, 0.0122798, 0.0205868, 0.0246141, 0.00615403, 0.00681699, -0.00370858, 0.00975339, 0.0177479, 0.0217653, 0.00411475, 0.0143696, 0.0227836, 0.00471353, 0.000695046, 0.0137936, 0.0167279, 0.0222419, 0.00577525, 0.00944469, 0.0117401, 0.020666, 0.0151927, 0.0186871, 0.00539866, 0.0177799, 0.0125015, 0.0214296, 0.0177617, 0.0141716, 0.0248754, 0.0118749, 0.0153237, 0.0103505, 0.00253087, 0.00814766, -0.0067314, 0.00515967, 0.0147305, -0.00679602, 0.00386214, 0.000763526, -0.10507, -0.0153262, 0.00611361, -0.0097675, -0.00961246, -0.00359943, 0.00583525, -0.00216517, 0.0135058, 0.00554346, 0.0152916, 0.00547751, -0.00670076, -0.0126378, -0.00394086, 0.0139018, -0.0113834, -0.0121833, -0.00907313, 0.00334678, -0.00738042, -0.00441596, -0.00724261, -0.00746746, -0.000730503, -0.00376854, 0.0071216, 0.0144019, 0.0240459, 0.0045567, 0.014779, 0.0012561, 0.0179429, 0.0060064, 0.00359887, -9.48912e-05, 0.00573316, 0.0131115, 0.00086174, 0.0067363
# 2.7789e-06, -0.00844182, -0.000541175, -0.00097652, -2.1585e-05, 0.00019512, 0.000426444, -0.000274797, -4.03297e-05, -0.000383822, -0.00516975, -0.000361123, 0.00460149, 0.00950867, 0.00939313, 0.010117, 0.0123572, 0.0229282, 0.0122331, 0.00879029, 0.00282527, -0.00121446, 0.0121852, 0.0125612, 0.113398, 0.016047, 0.00729571, 0.0171597, 0.0186233, 0.0113746, 0.00675769, 0.0252071, 0.0058443, 0.00945795, 0.00912229, 0.0193156, 0.0191775, 0.0310606, 0.0118898, 0.0139871, 0.018082, 0.0128998, 0.0167016, 0.00797878, 0.0137268, 0.0118127, 0.0132074, 0.0161225, 0.00447129, 0.0189328, 0.024539, 0.00558479, 0.0102963, 0.013669, 0.00899563, 0.0149472, 0.00866567, 0.010417, 0.00465809, 0.00586293, 0.0104964, 0.0175469, 0.0140525, 0.00122621, 0.00111034, 0.0100607, -0.0135148, -0.0263139, 0.0106032, -0.00484024, -0.00237971, -0.000577571, -0.0022634, -0.0111699, -0.15551, -0.0180898, 0.00152128, 0.00494634, -0.0064743, 0.00940013, 0.000868585, 0.00246298, -0.00174727, -0.0141236, 0.00164917, -0.000884438, -0.0121421, -0.0263912, 0.00497108, -0.00717269, -0.011726, 0.00711615, -0.0145013, -0.00511131, 0.00809733, 0.00666001, -0.00622768, -0.0113481, 0.00836326, -0.0199382, -0.0176204, 0.0110096, 0.00900826, 0.0111502, -0.00252068, -0.013457, 0.00133551, 0.00749092, 0.00641747, 0.00133326, 0.0159248, -0.00557433, 0.0037742
# 2.58782e-06, -0.00825474, -0.000364898, 0.000149296, -0.000709568, -6.35145e-05, -0.000625791, 7.57367e-05, 0.000443513, -0.00025474, -0.00197952, 4.61546e-05, 0.0066897, 0.00826566, 0.0168062, 0.0159555, 0.0098191, 0.0105834, 0.00733231, 0.00884592, 0.0111248, 0.0072347, 0.0122152, 0.00737372, 0.016047, 0.105112, 0.00876514, 0.021866, 0.0154561, 0.00603391, 0.0116493, 0.0122766, 0.0174638, 0.0200103, 0.0109571, 0.0158199, 0.0161207, 0.0091919, 0.00575601, 0.0159232, 0.0159483, 0.0215021, 0.0149988, 0.0113441, 0.0100847, 0.00814147, 0.0162822, 0.0117612, 0.00956266, 0.0137574, 0.00993714, 0.000367451, 0.00710213, 0.0130174, 0.00740769, 0.00474492, 0.01699, 0.00339682, 0.0138814, 0.00398134, 0.0135013, 0.0134351, 0.00310231, -0.00141074, -0.000312996, -0.00376258, 0.01353, 0.00484439, 0.00822717, -0.00888573, -0.00785809, 0.0081788, -0.0189924, 0.00215602, -0.0165876, -0.128527, 0.00110809, 0.00645511, -0.0203748, 0.0205829, -0.00758046, 0.0172902, -0.00133725, -0.0264705, 0.0161953, -0.0251609, -0.00421048, -0.0186154, 0.0179894, -0.00220082, 0.00138424, -0.00428619, -0.00239643, 0.00735296, 0.0118854, -0.00265807, -0.00333766, -0.00112739, 0.0107416, -0.00333483, 0.00761329, 0.0140253, 0.0103103, 0.00965668, -0.000174353, 0.0048665, -0.0174635, 0.0106044, -0.00137285, 0.0129639, 0.00142816, -0.00870817, 0.0279073
