# stan_version_major = 2
# stan_version_minor = 38
# stan_version_patch = 0
# model = survival_model
# start_datetime = 2026-03-12 11:40:34 UTC
# method = sample (Default)
#   sample
#     num_samples = 2000
#     num_warmup = 1000 (Default)
#     save_warmup = false (Default)
#     thin = 1 (Default)
#     adapt
#       engaged = true (Default)
#       gamma = 0.05 (Default)
#       delta = 0.8 (Default)
#       kappa = 0.75 (Default)
#       t0 = 10 (Default)
#       init_buffer = 75 (Default)
#       term_buffer = 50 (Default)
#       window = 25 (Default)
#       save_metric = false (Default)
#     algorithm = hmc (Default)
#       hmc
#         engine = nuts (Default)
#           nuts
#             max_depth = 10 (Default)
#         metric = dense_e
#         metric_file =  (Default)
#         stepsize = 1 (Default)
#         stepsize_jitter = 0 (Default)
#     num_chains = 1 (Default)
# id = 1 (Default)
# data
#   file = /Users/dansprague/Documents/PhaseSkate/benchmarks/scaling/data/data_H10.json
# init = 2 (Default)
# random
#   seed = 43
# output
#   file = /Users/dansprague/Documents/PhaseSkate/benchmarks/scaling/stan_output/output_H10_chain2.csv
#   diagnostic_file =  (Default)
#   refresh = 100 (Default)
#   sig_figs = 8 (Default)
#   profile_file = profile.csv (Default)
#   save_cmdstan_config = false (Default)
# num_threads = 1 (Default)
# stanc_version = stanc3 v2.38.0
# stancflags = 
lp__,accept_stat__,stepsize__,treedepth__,n_leapfrog__,divergent__,energy__,log_alpha,beta_0,beta.1,beta.2,beta.3,beta.4,beta.5,beta.6,beta.7,beta.8,log_sigma_int,log_sigma_slope,rho,z_int.1,z_int.2,z_int.3,z_int.4,z_int.5,z_int.6,z_int.7,z_int.8,z_int.9,z_int.10,z_slope.1,z_slope.2,z_slope.3,z_slope.4,z_slope.5,z_slope.6,z_slope.7,z_slope.8,z_slope.9,z_slope.10
# Adaptation terminated
# Step size = 0.309225
# Elements of inverse mass matrix:
# 0.00201786, -0.000535821, 5.53799e-05, 0.000478733, -0.000244519, 0.000103341, -0.000285282, -0.000145471, 0.00012832, 0.000209943, -0.000292651, -0.000195251, -0.00122663, 0.000434167, 0.00228502, -0.000561592, 0.000573757, 0.00116496, 0.000952707, -0.000762985, 0.000302034, 0.00097218, 0.000682484, 0.000187723, 0.00136008, 0.00375226, -0.00114232, -0.000442855, 0.00451879, -0.000241926, -0.00155471, -0.00264882, -0.00413158
# -0.000535821, 0.0226548, -0.000120499, 0.000118631, -1.85117e-05, -2.67188e-05, 0.000645836, -0.00013994, 0.000658705, -2.94194e-05, 0.000743578, 0.00767437, -0.0021535, -0.037225, -0.0392991, -0.0422831, -0.0423158, -0.0360595, -0.0437114, -0.0393195, -0.0375578, -0.0384587, -0.0449231, -0.012136, -0.00853765, 0.0106439, 0.00247761, -0.00362729, 0.00101046, 0.002747, -0.00242267, 0.00412471, 0.00242814
# 5.53799e-05, -0.000120499, 0.00219053, 2.19275e-05, 0.000220761, -0.000393168, -0.000188841, 0.000286013, 0.00014269, -2.21269e-06, -0.000990058, 0.000859419, -0.00168922, 0.000231875, 0.00267572, -4.6024e-05, 0.00101565, 0.000197919, 0.000660713, 0.00128281, -0.000187595, 0.000620915, -0.000999466, 0.000566061, 0.000435086, 0.00252439, 0.000836957, 0.0030367, 0.000290452, 0.00125003, -0.00149569, -0.00529466, -0.00250392
# 0.000478733, 0.000118631, 2.19275e-05, 0.00241436, -0.000179771, 0.000227066, 8.66021e-05, 0.000203696, 5.00048e-05, 0.00017791, 0.000355169, -0.000504323, 0.00332581, 0.000749399, -0.00165102, 0.00126972, -0.00114287, -0.00284705, -0.000439329, -0.00341289, 0.000769367, -0.00111025, -0.00379819, 0.00398897, -9.42403e-05, 0.00384789, -0.00040255, 0.000431927, -0.00596698, 0.00140074, 0.00167385, 0.00119695, 0.00344795
# -0.000244519, -1.85117e-05, 0.000220761, -0.000179771, 0.00183031, -0.000113909, 0.000142063, 0.000196539, 7.24616e-05, -2.60576e-05, 0.000765307, -0.00087352, 0.00148607, 0.00248334, 0.000317952, 0.00111221, 0.00110003, -0.000954443, 0.000179209, 0.000455128, 0.00039228, -0.000692472, 0.000175466, -0.00319092, -0.000880603, -0.000275786, 0.00171969, 0.00114705, 0.00283602, 0.00278557, 0.000633378, -0.00308178, -0.00296422
# 0.000103341, -2.67188e-05, -0.000393168, 0.000227066, -0.000113909, 0.00178487, -6.50732e-05, -0.000219013, -0.000109572, -0.000100083, 0.000277449, -0.00250398, 0.00220105, 0.000194377, -0.00123246, 0.000844849, 0.000259866, -0.00226333, 0.000816212, -0.000349951, 0.000533451, 0.00169837, 0.000113571, 0.00045742, 0.000827306, -0.00143907, -0.0026921, -0.000573963, 0.000388323, -0.00171079, -0.00138147, -0.00176404, 0.00266173
# -0.000285282, 0.000645836, -0.000188841, 8.66021e-05, 0.000142063, -6.50732e-05, 0.00211906, -8.14864e-05, 0.000112741, -7.37478e-05, 1.74631e-05, -4.81804e-05, 0.00124774, -0.00162755, -6.3949e-05, 0.00138369, 0.000327903, -0.000360038, 0.000711093, -0.00199862, -0.000743739, 0.00201442, -0.000627001, 7.46653e-05, -0.000981502, -0.00162049, -0.00514795, 0.000151787, -0.00186469, -0.00144439, 0.000778463, -0.00241469, 0.00169047
# -0.000145471, -0.00013994, 0.000286013, 0.000203696, 0.000196539, -0.000219013, -8.14864e-05, 0.00238227, -0.000120315, 6.25543e-05, 0.000161042, 0.000829273, -0.00265304, 0.000204284, -0.00169612, 0.000238328, -0.00012414, 0.00100609, -0.000237174, -0.000776428, 0.0025038, 0.00128466, -0.00188727, 0.00290518, 0.000855543, 0.00297937, 0.00195119, -0.000785728, 0.000401802, -0.000512511, 0.00125579, -0.00183578, 0.00342857
# 0.00012832, 0.000658705, 0.00014269, 5.00048e-05, 7.24616e-05, -0.000109572, 0.000112741, -0.000120315, 0.00164837, 9.29729e-06, 0.000515119, -0.000353156, -0.0023461, -0.00155432, 0.000965293, -0.00121181, -0.000435125, -0.000831849, -0.00126889, 0.000595014, -0.000140208, -0.000837279, -0.00162363, 9.01528e-06, 0.000523675, 0.00402265, 0.00275541, 0.00121201, 0.000392806, -0.00360836, -0.000559622, -0.000389983, -0.000377725
# 0.000209943, -2.94194e-05, -2.21269e-06, 0.00017791, -2.60576e-05, -0.000100083, -7.37478e-05, 6.25543e-05, 9.29729e-06, 0.00218494, -0.000625773, 0.000587999, -0.00380834, -4.41437e-05, 0.00102929, -0.00271411, -9.76624e-05, -0.00050148, 7.89136e-05, -0.0018019, -0.00184263, 0.00205764, 0.000419518, 0.000898005, 0.000903643, 0.00538736, 0.00205258, 5.71241e-05, 0.00404207, -0.00129802, -0.00308628, -0.0031476, -0.00153735
# -0.000292651, 0.000743578, -0.000990058, 0.000355169, 0.000765307, 0.000277449, 1.74631e-05, 0.000161042, 0.000515119, -0.000625773, 0.0678843, -0.0208725, -0.0309826, 0.035678, -0.0287568, -0.0157124, 0.0164912, -0.0506287, -0.0746514, 0.0422363, 0.0773202, 0.000828385, -0.0226093, 0.0117675, -0.0218764, 0.00880493, -0.000143568, 0.00307031, 0.0125822, -0.0119557, -0.0213031, 0.00594697, -0.00158301
# -0.000195251, 0.00767437, 0.000859419, -0.000504323, -0.00087352, -0.00250398, -4.81804e-05, 0.000829273, -0.000353156, 0.000587999, -0.0208725, 0.255951, -0.0447844, -0.0149288, 0.0140351, -0.0885061, -0.00567563, 0.0434528, -0.012846, 0.0226321, 0.0239253, -0.00313402, -0.00724072, -0.00444303, -0.0108636, 0.0756786, 0.0287384, -0.038166, 0.0353272, -0.0349067, 0.0126099, 0.00417169, -0.00275827
# -0.00122663, -0.0021535, -0.00168922, 0.00332581, 0.00148607, 0.00220105, 0.00124774, -0.00265304, -0.0023461, -0.00380834, -0.0309826, -0.0447844, 0.687676, 0.0209281, -0.0517474, 0.0952606, -0.00285777, -0.0543399, 0.024464, -0.052592, -0.0256351, -0.00457254, 0.0053856, 0.109556, -0.0424306, -0.139945, 0.0504003, -0.107604, -0.144122, 0.173261, 0.245564, 0.0131463, -0.0384341
# 0.000434167, -0.037225, 0.000231875, 0.000749399, 0.00248334, 0.000194377, -0.00162755, 0.000204284, -0.00155432, -4.41437e-05, 0.035678, -0.0149288, 0.0209281, 0.187459, 0.0551762, 0.0653637, 0.0771674, 0.0214747, 0.0418441, 0.0848152, 0.0988729, 0.0644963, 0.0579052, -0.0709293, -0.0131303, -0.0104586, 0.0076279, 0.000258122, 0.000333806, -0.0113635, 0.0214297, -0.0124818, 0.00496713
# 0.00228502, -0.0392991, 0.00267572, -0.00165102, 0.000317952, -0.00123246, -6.3949e-05, -0.00169612, 0.000965293, 0.00102929, -0.0287568, 0.0140351, -0.0517474, 0.0551762, 0.251755, 0.081387, 0.084923, 0.107788, 0.117247, 0.0717597, 0.0384585, 0.0548944, 0.0886287, 0.00316563, -0.147735, -0.00772979, -0.017907, 0.0172633, 0.0159414, -0.0390059, -0.0149265, -0.00470037, -0.0181554
# -0.000561592, -0.0422831, -4.6024e-05, 0.00126972, 0.00111221, 0.000844849, 0.00138369, 0.000238328, -0.00121181, -0.00271411, -0.0157124, -0.0885061, 0.0952606, 0.0653637, 0.081387, 0.229863, 0.0699689, 0.0510834, 0.112197, 0.034432, 0.0346014, 0.0627231, 0.0936339, 0.0236045, -0.00872825, -0.151501, -0.0364103, 0.0192511, -0.0517743, 0.0405969, 0.0389741, -0.00541594, -0.00438415
# 0.000573757, -0.0423158, 0.00101565, -0.00114287, 0.00110003, 0.000259866, 0.000327903, -0.00012414, -0.000435125, -9.76624e-05, 0.0164912, -0.00567563, -0.00285777, 0.0771674, 0.084923, 0.0699689, 0.188222, 0.0705547, 0.0704891, 0.102337, 0.10071, 0.0724261, 0.0857186, 0.0478303, 0.00728356, -0.0217591, -0.127097, -0.00530102, 0.0179157, -0.02439, -0.00195611, 0.0043211, -0.018265
# 0.00116496, -0.0360595, 0.000197919, -0.00284705, -0.000954443, -0.00226333, -0.000360038, 0.00100609, -0.000831849, -0.00050148, -0.0506287, 0.0434528, -0.0543399, 0.0214747, 0.107788, 0.0510834, 0.0705547, 0.254982, 0.125093, 0.0474994, 0.00652581, 0.0625487, 0.105495, 0.0149828, 0.0464036, -0.00739887, -0.0137812, -0.130369, 0.00871731, -0.0228924, -0.00380235, 0.00987519, -0.0244397
# 0.000952707, -0.0437114, 0.000660713, -0.000439329, 0.000179209, 0.000816212, 0.000711093, -0.000237174, -0.00126889, 7.89136e-05, -0.0746514, -0.012846, 0.024464, 0.0418441, 0.117247, 0.112197, 0.0704891, 0.125093, 0.272342, 0.0191619, -0.0192135, 0.0740384, 0.121647, 0.00535389, 0.0288669, -0.0245927, -0.0295264, 0.00842959, -0.108535, 0.00454589, 0.0328018, -0.013891, 0.00562409
# -0.000762985, -0.0393195, 0.00128281, -0.00341289, 0.000455128, -0.000349951, -0.00199862, -0.000776428, 0.000595014, -0.0018019, 0.0422363, 0.0226321, -0.052592, 0.0848152, 0.0717597, 0.034432, 0.102337, 0.0474994, 0.0191619, 0.202545, 0.133599, 0.0644984, 0.0674887, 0.022585, 0.00905605, 0.0137884, -0.0147932, -0.00770647, 0.0239709, -0.113145, -0.0205581, -0.00473023, -0.00835532
# 0.000302034, -0.0375578, -0.000187595, 0.000769367, 0.00039228, 0.000533451, -0.000743739, 0.0025038, -0.000140208, -0.00184263, 0.0773202, 0.0239253, -0.0256351, 0.0988729, 0.0384585, 0.0346014, 0.10071, 0.00652581, -0.0192135, 0.133599, 0.26533, 0.0615881, 0.0467057, 0.0612702, -0.00742543, 0.0121373, 0.000183017, -0.00250021, -0.00378721, -0.0190524, -0.111584, 0.00894623, 0.00112039
# 0.00097218, -0.0384587, 0.000620915, -0.00111025, -0.000692472, 0.00169837, 0.00201442, 0.00128466, -0.000837279, 0.00205764, 0.000828385, -0.00313402, -0.00457254, 0.0644963, 0.0548944, 0.0627231, 0.0724261, 0.0625487, 0.0740384, 0.0644984, 0.0615881, 0.185307, 0.0884891, 0.00528645, 0.0250938, -0.00451004, -0.0089763, -0.0236818, 0.0174751, -0.00660903, -0.00596833, -0.127536, -0.0168845
# 0.000682484, -0.0449231, -0.000999466, -0.00379819, 0.000175466, 0.000113571, -0.000627001, -0.00188727, -0.00162363, 0.000419518, -0.0226093, -0.00724072, 0.0053856, 0.0579052, 0.0886287, 0.0936339, 0.0857186, 0.105495, 0.121647, 0.0674887, 0.0467057, 0.0884891, 0.225289, 0.000890237, 0.0246089, -0.0211169, -0.0243919, -0.0131093, -0.0347077, 0.0194354, 0.00847051, -0.0277006, -0.161287
# 0.000187723, -0.012136, 0.000566061, 0.00398897, -0.00319092, 0.00045742, 7.46653e-05, 0.00290518, 9.01528e-06, 0.000898005, 0.0117675, -0.00444303, 0.109556, -0.0709293, 0.00316563, 0.0236045, 0.0478303, 0.0149828, 0.00535389, 0.022585, 0.0612702, 0.00528645, 0.000890237, 0.616891, 0.0368457, 0.0208275, -0.000415098, -0.0144946, -0.0259862, 0.0296905, 0.0397929, 0.0668019, 0.035463
# 0.00136008, -0.00853765, 0.000435086, -9.42403e-05, -0.000880603, 0.000827306, -0.000981502, 0.000855543, 0.000523675, 0.000903643, -0.0218764, -0.0108636, -0.0424306, -0.0131303, -0.147735, -0.00872825, 0.00728356, 0.0464036, 0.0288669, 0.00905605, -0.00742543, 0.0250938, 0.0246089, 0.0368457, 0.601948, -0.0421918, -0.00560115, -0.0197109, 0.0367203, -0.0151839, 0.00681385, -0.00519547, 0.0319683
# 0.00375226, 0.0106439, 0.00252439, 0.00384789, -0.000275786, -0.00143907, -0.00162049, 0.00297937, 0.00402265, 0.00538736, 0.00880493, 0.0756786, -0.139945, -0.0104586, -0.00772979, -0.151501, -0.0217591, -0.00739887, -0.0245927, 0.0137884, 0.0121373, -0.00451004, -0.0211169, 0.0208275, -0.0421918, 0.70377, 0.0797177, -0.0644828, 0.0749633, -0.0172821, -0.0302971, 0.0511763, -0.0146397
# -0.00114232, 0.00247761, 0.000836957, -0.00040255, 0.00171969, -0.0026921, -0.00514795, 0.00195119, 0.00275541, 0.00205258, -0.000143568, 0.0287384, 0.0504003, 0.0076279, -0.017907, -0.0364103, -0.127097, -0.0137812, -0.0295264, -0.0147932, 0.000183017, -0.0089763, -0.0243919, -0.000415098, -0.00560115, 0.0797177, 0.613491, -0.0396239, 0.0478721, 0.0251291, 0.0306161, 0.00520649, 0.02957
# -0.000442855, -0.00362729, 0.0030367, 0.000431927, 0.00114705, -0.000573963, 0.000151787, -0.000785728, 0.00121201, 5.71241e-05, 0.00307031, -0.038166, -0.107604, 0.000258122, 0.0172633, 0.0192511, -0.00530102, -0.130369, 0.00842959, -0.00770647, -0.00250021, -0.0236818, -0.0131093, -0.0144946, -0.0197109, -0.0644828, -0.0396239, 0.710348, 0.0447612, 0.00450422, -0.039033, -0.0133188, 0.0216426
# 0.00451879, 0.00101046, 0.000290452, -0.00596698, 0.00283602, 0.000388323, -0.00186469, 0.000401802, 0.000392806, 0.00404207, 0.0125822, 0.0353272, -0.144122, 0.000333806, 0.0159414, -0.0517743, 0.0179157, 0.00871731, -0.108535, 0.0239709, -0.00378721, 0.0174751, -0.0347077, -0.0259862, 0.0367203, 0.0749633, 0.0478721, 0.0447612, 0.834698, -0.0807795, -0.0574989, -0.0616453, 0.0230492
# -0.000241926, 0.002747, 0.00125003, 0.00140074, 0.00278557, -0.00171079, -0.00144439, -0.000512511, -0.00360836, -0.00129802, -0.0119557, -0.0349067, 0.173261, -0.0113635, -0.0390059, 0.0405969, -0.02439, -0.0228924, 0.00454589, -0.113145, -0.0190524, -0.00660903, 0.0194354, 0.0296905, -0.0151839, -0.0172821, 0.0251291, 0.00450422, -0.0807795, 0.663903, 0.0407424, 0.0485259, -0.071701
# -0.00155471, -0.00242267, -0.00149569, 0.00167385, 0.000633378, -0.00138147, 0.000778463, 0.00125579, -0.000559622, -0.00308628, -0.0213031, 0.0126099, 0.245564, 0.0214297, -0.0149265, 0.0389741, -0.00195611, -0.00380235, 0.0328018, -0.0205581, -0.111584, -0.00596833, 0.00847051, 0.0397929, 0.00681385, -0.0302971, 0.0306161, -0.039033, -0.0574989, 0.0407424, 0.584147, 0.0488136, -0.0313186
# -0.00264882, 0.00412471, -0.00529466, 0.00119695, -0.00308178, -0.00176404, -0.00241469, -0.00183578, -0.000389983, -0.0031476, 0.00594697, 0.00417169, 0.0131463, -0.0124818, -0.00470037, -0.00541594, 0.0043211, 0.00987519, -0.013891, -0.00473023, 0.00894623, -0.127536, -0.0277006, 0.0668019, -0.00519547, 0.0511763, 0.00520649, -0.0133188, -0.0616453, 0.0485259, 0.0488136, 0.53478, 0.0634862
# -0.00413158, 0.00242814, -0.00250392, 0.00344795, -0.00296422, 0.00266173, 0.00169047, 0.00342857, -0.000377725, -0.00153735, -0.00158301, -0.00275827, -0.0384341, 0.00496713, -0.0181554, -0.00438415, -0.018265, -0.0244397, 0.00562409, -0.00835532, 0.00112039, -0.0168845, -0.161287, 0.035463, 0.0319683, -0.0146397, 0.02957, 0.0216426, 0.0230492, -0.071701, -0.0313186, 0.0634862, 0.666227
-793.92892,0.95429157,0.30922453,4,15,0,813.29159,0.38941189,2.3825672,0.32390874,-0.44339839,0.25196021,-0.053598727,0.38331952,-0.11492273,0.37835429,-0.23413244,-0.20559462,-1.3942323,0.54683678,-0.5126158,0.41025572,0.4301823,-0.1695939,0.62642786,1.1934601,-0.68585765,-1.1541541,0.2154416,0.096960565,-0.0095721067,-0.53552812,-0.096407382,0.23155475,-1.6683536,0.8228531,-1.580614,-0.2132473,-0.55772104,0.60158477
-794.46884,0.99273203,0.30922453,4,15,0,803.77918,0.38600222,2.188677,0.22253841,-0.3651744,0.25050739,-0.18756363,0.36673574,-0.12706793,0.38102267,-0.31927255,-0.56970233,-1.6756865,0.081032621,-0.24426774,1.2569884,0.44757255,0.16543985,1.2101198,1.8604006,-0.82364736,-0.8571717,0.41238423,0.49383294,-0.12858111,-0.86729269,3.8138473,-0.092082817,0.26805024,0.81150394,0.78173489,-1.5157943,0.60245955,-0.2328591
-796.12054,0.92285818,0.30922453,4,15,0,811.67314,0.38945485,2.632333,0.31898301,-0.41720097,0.24480677,-0.099681814,0.3458855,-0.08341162,0.35810946,-0.2377001,-1.1823874,-1.0497394,0.012553513,-2.0158289,0.72366803,-0.26065152,-1.287572,1.5909819,0.93604341,-1.5798579,-1.977385,-1.2300177,-0.2557254,-0.042163046,0.089493256,0.35361681,-0.20943805,-1.1049525,0.29063004,-1.9550172,-0.88270164,-0.67309127,0.22375175
-792.97282,0.93085966,0.30922453,4,15,0,807.91662,0.40567219,2.2251495,0.29441846,-0.3880733,0.19029054,-0.1671298,0.31136273,-0.12230653,0.35237304,-0.35246415,-0.85172854,-2.0395536,0.2224061,-0.21735663,1.0241063,0.61137292,0.023433793,1.7934319,2.0224251,-0.70080814,-1.1241018,0.043691102,0.46414467,0.46830073,0.38741595,0.67040708,-1.1008426,0.80729625,0.41349711,-1.1252211,-0.41191289,0.67244103,0.044583438
-794.48115,0.95794945,0.30922453,4,15,0,810.72352,0.43194394,2.400406,0.34637447,-0.40562562,0.21802787,-0.089795181,0.30770465,-0.068202303,0.32532694,-0.26849446,-0.92548776,-1.1820578,0.62809387,-0.47579544,0.47536228,-0.20675036,-0.2977488,1.4217849,1.8206019,-1.0670194,-1.2800118,-0.30516875,0.11205945,0.32819191,0.083590798,1.8863143,0.41509632,-1.0410623,0.85569233,0.99672058,-1.1799411,-0.39048055,0.42919231
-800.80278,0.92318829,0.30922453,3,7,0,811.65667,0.45103662,2.4222004,0.33917364,-0.39439781,0.21261135,-0.1113431,0.33974616,-0.038486933,0.30908178,-0.25907654,-0.97776657,-0.86297497,0.56045551,-0.46363661,0.12494866,-0.23673932,-0.18967017,1.5484109,1.8104716,-1.2380351,-1.138232,-0.40740524,0.35897368,0.1005449,-0.1668969,1.802939,-0.38979952,-1.1707198,0.24812443,1.7745882,-0.75040079,-0.25542114,0.42476265
-806.91073,0.67476453,0.30922453,4,15,0,817.17485,0.3501796,2.51388,0.27227719,-0.43305049,0.33795103,-0.16043745,0.35368656,-0.18243049,0.46228182,-0.29278691,-0.78591686,-1.6187813,-0.22462528,-1.8140799,1.5637369,0.4675375,-0.92226061,0.63554986,0.84624406,-1.1468898,-2.185044,-0.32046433,0.0082738884,-0.24592986,-0.98082612,0.79148495,0.44046851,0.21172774,0.69861849,-3.5026443,-0.41603337,0.33766028,-0.65140478
-808.52314,0.9970212,0.30922453,4,15,0,820.24421,0.41673973,2.2096741,0.32090748,-0.34026332,0.16988044,-0.1195428,0.36207024,-0.013708194,0.29792829,-0.26687902,-1.0040872,-0.95509189,0.53178003,0.26508985,0.30923096,0.19872123,-0.082024796,2.1934342,2.0188647,-1.0740316,-0.59705936,-0.05397826,0.61624182,-1.0671649,0.34122461,2.418353,-0.86364111,-1.6729191,0.96336607,2.0872561,-1.2732305,-0.46218402,0.45039474
-805.91124,1,0.30922453,4,15,0,828.77393,0.41493278,2.2799875,0.37664665,-0.35122047,0.20572403,-0.1254321,0.34096134,-0.040969956,0.33569956,-0.2755693,-0.93092221,-1.5936766,0.51951121,0.20121946,0.39333444,0.25722522,-0.14191329,2.0730048,2.3223327,-1.1586999,-1.1898513,-0.3553242,0.035405355,-1.5425399,-0.10249191,2.3522551,0.089485664,-0.81034454,1.0653216,1.9607018,-1.4742047,-0.23806149,0.77839971
-803.67224,0.95826362,0.30922453,4,15,0,824.01943,0.3594998,2.4028449,0.2277991,-0.42415897,0.21000579,-0.099008164,0.29713201,-0.15701395,0.36405498,-0.25764592,-1.0486539,-1.5288804,0.12028496,-0.011354339,0.98001893,-0.27139621,-0.21829453,2.2035345,2.1772821,-1.4849381,-2.0095807,-0.56611659,0.077435467,-2.86266,-0.74825374,1.9870486,-0.77510428,-1.3311856,0.97141458,1.7240102,-1.7473272,0.22428681,0.3619493
-800.99421,0.86238085,0.30922453,4,15,0,823.02507,0.39293568,2.5746096,0.36659187,-0.39229089,0.27696146,-0.16211917,0.43076656,-0.056161357,0.41664343,-0.26004374,-1.215511,-1.6197991,0.47152344,-2.5110558,0.56609438,0.38953942,-1.4057356,0.5997788,1.1967538,-1.4151096,-2.3407053,-0.76434388,-0.26266607,1.4904397,-0.89036826,0.7012669,0.17321547,-0.310828,-0.29540303,-2.9759613,0.06186963,0.76882687,-0.48806821
-795.50007,0.95990096,0.30922453,4,15,0,813.99388,0.39462684,2.1447089,0.23320605,-0.40318775,0.20815852,-0.12550249,0.27062035,-0.17046832,0.32859441,-0.32385328,-0.85118587,-1.2953999,-0.18212481,0.17269375,1.5598493,0.31204849,0.16433593,1.8971062,2.4774418,-0.76428296,-1.0386129,0.36448982,1.453563,-1.2092332,-0.25252509,1.6480917,-0.69724043,-0.46262767,0.65228428,0.70508364,-1.2620176,-0.88014029,-0.008739571
-794.87671,0.95290623,0.30922453,4,15,0,813.66266,0.40909028,2.5474295,0.37616138,-0.45659855,0.26558561,-0.19958762,0.42568815,-0.065850652,0.41557737,-0.25926058,-0.98627439,-1.4191217,0.58996692,-1.0197401,0.60607883,0.22039858,-0.49811367,1.056213,0.77442279,-0.94646937,-1.9443226,-0.44925396,-0.1555216,0.51326396,-0.32469729,1.6868337,-0.043730374,-0.31336852,1.1795339,-2.6217745,-0.73836965,0.32984586,-0.74746301
-790.60555,0.94923799,0.30922453,4,15,0,805.6853,0.42209924,2.3498557,0.26501873,-0.32818606,0.21799723,-0.11434912,0.2500243,-0.15167591,0.35995473,-0.24810467,-0.47979284,-0.67960753,-0.24621545,-0.80710774,1.082404,-0.4364211,0.044953878,0.86209101,1.2490059,-0.58754321,-1.3138167,-0.062797289,-0.096535762,-0.20223056,-0.45598656,1.8054886,-0.26553533,-0.33231391,0.96957086,0.060666209,-0.69509489,-0.5154137,0.38791215
-796.1697,0.6706306,0.30922453,4,15,0,806.23305,0.39151565,2.5152569,0.32666846,-0.4589125,0.24491685,-0.18471342,0.44708951,-0.030621067,0.41398092,-0.30862131,-0.99175401,-1.5278194,0.11124539,-1.3274136,1.0686573,0.07279322,-1.2528825,1.6187058,1.1421392,-1.4242317,-1.3133443,-0.24484598,0.41945627,0.61037752,-0.8182716,2.7903634,0.62193341,-0.97304767,0.48255201,-1.5676613,-1.9550272,0.86549112,-0.41622726
-791.69672,0.98757055,0.30922453,4,15,0,809.01098,0.36847333,2.3015146,0.36433129,-0.39299247,0.28418368,-0.15440889,0.37727791,-0.047406715,0.36075839,-0.323919,-0.87120278,-1.5759606,0.17762902,-0.68451455,1.2172653,0.59573106,-0.19994105,1.817899,1.6184161,-1.0782771,-0.93853831,-0.48558273,0.83674317,0.3424524,-0.15287581,1.7465022,0.61201084,-0.69750624,1.3982637,-1.5155867,-1.0087603,0.93372148,-0.35181774
-793.26275,0.98116822,0.30922453,4,15,0,803.7341,0.41797677,2.6384782,0.34783351,-0.45617647,0.29230706,-0.13909402,0.33965229,-0.081910783,0.42904981,-0.39068327,-0.5877528,-1.1276742,0.26232701,-0.68932354,-0.12969925,-0.44419887,-0.87994889,0.067981458,0.79665282,-1.0570378,-1.3907706,-0.63228213,0.1710186,-1.2520341,-0.072988267,1.6137881,0.24587967,0.3862021,1.410526,-0.46987208,-1.7813547,-0.070113484,-0.44334303
-794.75894,0.77423097,0.30922453,4,15,0,808.82827,0.32590349,2.3283377,0.22085799,-0.37255259,0.19365721,-0.1084442,0.34290161,-0.057091459,0.30395527,-0.1856108,-0.71492603,-0.98129823,0.66357545,-1.1004668,1.0031879,0.39866324,-0.46976829,1.2977966,1.1439479,-0.75377304,-1.0748576,-0.042285291,-0.10277079,1.482676,-0.26638967,1.5046003,-0.029806024,-1.1138687,-0.48334841,-1.1612316,-0.17870472,0.022563377,0.23158537
-795.24183,0.8817565,0.30922453,4,15,0,813.15286,0.42066499,2.479073,0.24166535,-0.40274085,0.18501502,-0.11970787,0.28654825,-0.037862839,0.2677564,-0.25033924,-0.65559319,-1.5006092,0.39901482,-0.92916281,0.036795512,-0.068682148,-0.73438523,0.81685737,1.2523333,-0.86091633,-1.6366243,-0.56621321,0.59456458,-0.83076203,-0.20751585,1.8812927,-1.0694026,0.00075853806,-0.69978478,-0.92870191,-0.40128757,1.1154677,-0.20936958
-800.15761,0.87271341,0.30922453,4,15,0,819.17668,0.34490493,2.4591294,0.3327523,-0.35944972,0.30770837,-0.10352416,0.41220397,-0.158951,0.48619025,-0.31806888,-1.0285348,-1.5763807,0.12309712,-1.1004838,1.6455365,0.27944667,-0.38411222,1.5245952,1.2309633,-1.4888136,-1.6360009,-0.31867239,-0.49254844,-1.0370013,-0.76104315,2.2672361,0.79411937,-0.48468302,2.1046252,-0.76611562,-0.42623753,-0.7865463,0.773454
-801.23861,0.65550482,0.30922453,4,15,0,817.99088,0.38719905,2.2356261,0.26139753,-0.43752833,0.24360072,-0.19039444,0.24961138,-0.10120403,0.34636764,-0.21456552,-0.85965491,-1.0857768,0.70560471,-0.57912397,0.67214539,0.78399261,-0.13927176,0.82575763,2.107343,-1.1324124,-0.74862804,0.20602563,1.4972325,1.3234526,-0.10688051,-0.57894989,-0.37339543,0.37582671,0.21223101,0.64577379,-1.4525573,-0.47644467,-1.4520737
-789.26014,0.95337735,0.30922453,4,15,0,811.41306,0.35942064,2.5321484,0.29277348,-0.43868406,0.22218961,-0.09543753,0.38359003,-0.079573675,0.44067006,-0.36302721,-0.55528229,-1.1937126,-0.2797534,-0.82415421,0.43546698,0.095947641,-0.31041514,0.83386224,0.91155364,-0.81302158,-1.1646791,-0.54822294,-0.28840065,-0.58196208,-0.871271,2.1029406,-0.49717331,-0.86877668,1.3661532,-1.8199073,-1.1413495,0.2959005,0.075697618
-793.13716,0.93247936,0.30922453,4,15,0,803.92173,0.41854668,2.1571704,0.26033653,-0.32626581,0.24034375,-0.18483965,0.38103959,-0.16687375,0.32823636,-0.28343587,-0.59714914,-1.4724835,0.52226623,-0.24728657,0.75419508,0.86250538,-0.36066545,1.4770674,1.7652193,-0.77136596,-0.82578971,0.52835736,0.84245731,0.38470628,0.65335436,0.12447225,0.24700185,0.03619392,-0.076982119,0.49792846,-0.93977304,-0.87105269,0.27917002
-790.33112,0.9987386,0.30922453,4,15,0,802.16658,0.36581076,2.3830578,0.26145253,-0.41425614,0.28728249,-0.14969636,0.38666812,-0.074786784,0.4060257,-0.2500439,-0.57772182,-1.5996059,-0.04989554,-0.84917964,0.68376157,0.38430772,-0.10203127,0.84345132,0.96259971,-0.58410793,-1.0892456,-0.45897083,-0.27600634,-0.18251472,-0.96017854,1.3495993,0.40027143,-0.61426112,1.5927527,-0.67419159,-2.1836149,1.1450049,0.23025325
-793.78437,0.92557499,0.30922453,4,15,0,808.01464,0.34767039,2.5207495,0.368432,-0.48214142,0.2886402,-0.16412167,0.35572468,-0.13061855,0.28409301,-0.27875876,-0.74138467,-1.2311269,0.48411469,-0.94031745,0.76683958,-0.22132638,-0.37198039,0.87168447,0.90307922,-1.2729307,-1.5645113,0.1487551,0.43797451,0.11638827,-1.5134988,1.6556986,0.15040184,-0.28146129,0.55393923,0.58709295,-0.51358977,-0.84465016,-1.8944671
-789.68588,0.99760197,0.30922453,4,15,0,803.1889,0.472853,2.5122465,0.25340914,-0.35995042,0.20308802,-0.07240082,0.33364777,-0.091117755,0.4242704,-0.34186545,-0.49939939,-1.3155306,0.59550436,-0.71807709,0.51008092,0.33841298,-0.66664571,0.66606265,0.9371314,-0.74799493,-1.3310247,-0.49807134,-0.21299245,-0.44531562,-0.88835878,1.173425,-0.13766716,-0.64697932,1.6589695,-0.84005396,-0.23849124,0.044028251,1.5617041
-794.14779,0.76955432,0.30922453,4,15,0,805.17193,0.31859541,2.3789926,0.3349897,-0.41503613,0.30684905,-0.21576923,0.37075729,-0.12151464,0.35273502,-0.26276858,-0.56335286,-2.0038214,0.077037818,-0.52161347,0.79402,0.27808706,-0.64880268,0.90835588,1.5365045,-0.74940685,-1.3511665,-0.3455474,0.25896509,0.42366085,0.54578862,1.428516,0.47046743,-0.61123574,-1.7617501,0.17164901,-1.1132037,0.081662299,-1.3928677
-794.77893,0.93111082,0.30922453,4,15,0,811.63661,0.3164308,2.4657018,0.34192093,-0.40222095,0.30784614,-0.24110233,0.38790145,-0.12108049,0.34861725,-0.27244474,-0.52749086,-1.9753018,0.14234443,-0.66305055,0.55378296,0.17929825,-0.61494063,0.63693929,1.2372025,-1.0402129,-1.5739617,-0.26303651,0.11755131,0.40796374,0.44573541,1.5866345,0.36189334,-0.48816715,-1.7903078,0.6560654,-0.91627462,-0.36193072,-1.27988
-800.30744,0.92077221,0.30922453,4,15,0,814.74284,0.40725533,2.4494097,0.26623062,-0.46484718,0.21191686,-0.035973524,0.40730244,-0.17998132,0.39207419,-0.33559402,-0.80202981,-2.0643816,0.6143208,-0.35226415,0.48611993,0.38204701,-0.55242267,1.1042833,1.5536955,-0.82725227,-1.6724758,-0.091142724,0.33769969,1.313338,-0.30999398,0.63668283,-1.1444364,0.4090155,2.1671281,-0.9724178,0.14862459,0.75513658,-0.65041938
-796.30292,0.99146721,0.30922453,4,15,0,815.059,0.466204,2.2429072,0.2282617,-0.32916463,0.1992273,-0.11810016,0.29196907,-0.1439742,0.39315988,-0.29796752,-0.90025588,-1.9263807,0.47236391,-0.5659252,0.98775458,0.57280219,-0.3170311,1.2001485,2.0308217,-1.0389971,-1.2213497,0.090271745,0.26564353,-1.5373249,1.1785611,0.94277764,0.60425533,-1.4876797,0.40841752,-0.66740924,-1.0703721,-0.83973912,1.6491067
-796.6586,0.9798456,0.30922453,4,15,0,809.02488,0.40041832,2.4983863,0.29810983,-0.46288704,0.18384097,-0.091839152,0.38290958,-0.19027799,0.36754399,-0.33097606,-0.31525579,-2.6014212,0.51972513,-0.46643155,0.41642843,0.040837904,-0.32061823,0.48174042,1.138282,-0.77458612,-1.2330799,-0.27682098,-0.17981621,1.274576,-0.72979878,0.79412897,-1.3581571,-1.1416534,-0.19096962,-0.8532104,0.11814336,1.6168362,-0.62005834
-796.72654,0.92944444,0.30922453,4,15,0,813.71909,0.37274082,2.4783795,0.29743559,-0.34804219,0.26533983,-0.21239454,0.40012725,0.021651228,0.34898713,-0.25214571,-0.35426084,-1.5201785,0.2735965,-0.76525157,0.5840059,0.59683347,-0.20229406,0.56723353,0.77383432,-0.93574954,-0.66148247,-0.27495599,0.25767423,-0.49169406,-0.78434526,0.44035468,-0.099561378,0.60686946,0.62724964,0.64653339,-2.6857963,-0.69419312,-0.84592121
-798.82156,0.77011065,0.30922453,4,15,0,818.53075,0.39429532,2.4275431,0.33947015,-0.49714017,0.23040836,-0.11792724,0.34670431,-0.14274621,0.42812656,-0.27707064,-0.86782347,-1.957649,-0.097636671,-0.67448363,0.76156426,-0.11844166,-0.9558696,1.7117567,1.3615698,-1.0478261,-2.3122613,-0.25853366,-0.13541373,0.68661106,-0.61613961,2.1558773,-0.51486172,-0.75191212,0.51347603,-1.944144,0.34562801,-0.59516286,-0.2847496
-798.47495,0.98166178,0.30922453,4,15,0,811.77683,0.35696473,2.5525006,0.24089368,-0.31780939,0.22787476,-0.17433843,0.35326904,-0.065093157,0.34299026,-0.30949045,-0.30856749,-1.3393607,-0.29635832,-0.86530562,0.3581797,0.12588154,-0.40309272,-0.072889596,0.6199144,-1.0161222,-0.71252613,0.024988504,0.03687958,-1.0139187,-1.2781497,2.0390434,-0.27023825,-0.074768498,0.13880354,0.37013576,-1.8957939,-0.27028535,0.23824447
-783.89687,0.99235835,0.30922453,4,15,0,811.90756,0.41548296,2.4216808,0.28171375,-0.38223793,0.22277749,-0.19815521,0.30132369,-0.10944766,0.35881417,-0.23881372,-0.45688127,-0.98020617,0.2633014,-0.84928263,0.74895801,-0.075933821,-0.23257656,0.93513905,1.058237,-0.71845073,-1.1339345,-0.39206229,0.20297915,-0.14167826,-0.90211534,1.3261221,-0.81670496,-0.5914533,0.4132106,-1.0647297,-0.51912651,0.074847464,0.87417175
-784.57386,0.8148432,0.30922453,4,15,0,797.21336,0.38749953,2.5995674,0.29316695,-0.44445857,0.26370123,-0.10427799,0.45742644,-0.11038956,0.40514512,-0.30710815,-0.45302768,-1.1008021,-0.20141696,-1.1939971,0.46336177,-0.23228511,-0.39193008,0.69466443,0.74141132,-1.1156571,-1.1847441,-0.37782855,0.074581829,0.17222336,-0.49805874,1.5793491,-0.39847038,-0.10228104,0.45793258,-0.80396034,-1.9479087,-0.63390684,-0.72671753
-787.17914,0.50614942,0.30922453,4,15,0,802.3681,0.42921298,2.7101538,0.32087369,-0.46352702,0.2536053,-0.21576404,0.37798908,-0.11970072,0.4220379,-0.37464615,-0.20253602,-0.8817553,0.22445991,-0.57979965,0.17318833,-0.26737012,-0.66080413,0.60722229,0.54864238,-0.42013315,-1.1418143,-0.64707424,-0.23200854,-0.30778513,0.10524825,1.0366413,0.2019246,-1.2424382,0.27047701,-1.0253481,-0.40446115,0.70237618,0.43580726
-789.4588,0.76773786,0.30922453,4,15,0,804.6215,0.39381166,2.8869462,0.26190698,-0.40911963,0.28509966,-0.12567937,0.40050889,-0.12577637,0.47225267,-0.28221596,-0.44434107,-1.3875972,0.28397444,-1.3813508,-0.16075017,-0.5535256,-0.7591153,0.26546867,0.42215843,-1.7809364,-1.7047475,-0.39349072,-0.29028153,-0.20701761,-0.39148911,2.19351,0.0417657,-0.70950722,1.4745474,0.089898209,-0.83830631,-1.3721909,-0.46810253
-785.52742,0.9326685,0.30922453,4,15,0,800.0199,0.37986308,2.3332981,0.32368498,-0.408914,0.20733254,-0.19224324,0.30635805,-0.069298777,0.35018956,-0.34426316,-0.46419216,-1.3465115,0.5415656,-0.54226417,0.79651918,0.42383241,-0.41689027,0.74655491,1.0619339,-0.54005956,-1.0401083,-0.25507818,0.18476443,0.7223844,-0.65044159,0.93356011,-0.2288857,-0.50590833,-0.24966846,-0.52721019,-0.45310417,1.1742015,0.14364664
-790.98507,0.92167749,0.30922453,4,15,0,799.52647,0.39620729,2.3135542,0.23488349,-0.37120918,0.23240291,-0.16043917,0.387793,-0.11573031,0.37346615,-0.27078266,-0.63135763,-1.6926722,-0.37304139,-0.58966443,0.84172909,0.093894636,-0.39116333,1.0579293,1.6107658,-0.97223584,-1.3289836,0.2311732,0.72651283,-0.66891198,1.0232276,1.7916153,-0.28653453,-0.71570883,-0.43211385,-1.0984867,-0.97946255,1.0431049,-0.7665787
-789.63799,0.93413841,0.30922453,4,15,0,806.63315,0.38682929,2.677636,0.3228731,-0.42510472,0.24030821,-0.11444031,0.33353931,-0.10159932,0.33943483,-0.33256341,-0.22401353,-1.2941753,0.31912918,-1.097753,0.32557912,-0.096713101,-0.41979244,0.68944443,0.16715446,-0.73198766,-1.1280581,-0.84412534,-0.52764311,0.91862884,-1.5927934,1.4692848,-0.63011183,-1.1664921,0.82875969,-0.186134,-0.85836391,1.0789734,1.0526616
-792.62905,0.99997873,0.30922453,4,15,0,805.91391,0.46479673,2.4136673,0.23712141,-0.39891011,0.26156714,-0.12250052,0.31095855,-0.094076381,0.39962233,-0.22429823,-1.0664289,-1.3824751,0.17119858,-1.2320088,0.80340875,-0.15793243,-0.8964219,0.80217722,1.8785307,-1.1477692,-1.7935932,-0.014161396,0.89239857,-0.64413232,0.21817615,0.78862418,0.46464618,0.2284336,-0.55637934,-1.0556496,-0.7795954,-1.0360886,-1.468905
-801.71397,0.89559905,0.30922453,4,15,0,814.6575,0.26557737,2.5160926,0.38167376,-0.44993645,0.19643828,-0.17337952,0.37140869,-0.085239221,0.31395729,-0.39457008,-0.7663911,-1.9610968,0.15087379,-0.67284699,0.3958378,0.61677824,-0.67496413,1.2353147,0.88343647,-1.2979283,-1.8961869,-0.86418413,-0.18634955,-0.87473163,-1.2534086,1.6194402,-1.08774,-0.2076793,1.6059081,-0.043271948,-2.2479308,0.42358185,0.77725747
-803.04181,0.94722022,0.30922453,4,15,0,821.0549,0.47882266,2.4210643,0.20379348,-0.38752301,0.30776514,-0.1207669,0.36695167,-0.10665619,0.42489681,-0.25011065,-0.82303898,-2.3539545,0.78979667,-0.77523102,0.82026981,0.93560484,-0.29280674,1.2654345,1.4073019,-0.94575525,-2.0552577,-0.56635544,0.10075285,0.15045506,0.86649559,-1.5521065,0.84407955,-0.7478297,0.31623824,-2.0544152,1.9765822,0.44788887,0.16284608
-806.03919,0.80686407,0.30922453,4,15,0,822.43913,0.36452722,2.2343966,0.37290779,-0.42053367,0.1696174,-0.14363394,0.3243357,-0.12947448,0.35839273,-0.33530208,-0.38590954,-1.9415297,0.23325083,-0.072783332,1.1281144,0.18096979,0.25842722,1.3434035,1.33816,-0.67293919,-0.48346191,-0.2935471,0.56035848,-0.39404135,-1.3855576,3.9375897,-1.5787512,-0.21372725,0.96014794,0.61620787,-3.3598726,0.089816852,-0.53092832
-803.94574,0.9901382,0.30922453,4,15,0,818.2525,0.42166205,2.4097178,0.20803843,-0.39319037,0.33267089,-0.14572335,0.37894046,-0.099365947,0.40516046,-0.22421424,-1.1640143,-1.1402413,0.75492908,-1.1699293,0.39429381,0.99060822,-1.0298482,0.70680139,1.4998422,-0.96068805,-2.0915594,0.60171094,0.090548304,0.5665792,0.20966903,-0.72816439,1.5234591,-0.87835279,-0.066458044,-1.7552713,1.798755,-1.0032847,0.072331316
-806.23059,0.97825058,0.30922453,4,15,0,820.03822,0.43698919,2.6182061,0.24713684,-0.39693154,0.27406192,-0.12891873,0.39882248,-0.13727365,0.42891391,-0.23591048,-1.286654,-1.431007,0.75848715,-1.3722537,-0.35663728,0.32739107,-1.0374422,0.47790448,1.4573259,-1.3019388,-2.2949291,0.10298386,-0.21845563,0.06035316,0.8742119,-0.41222932,0.15200692,0.12166896,0.47822978,-1.6253665,1.9210792,-1.491498,-0.60602047
-798.01647,1,0.30922453,4,15,0,817.74674,0.33278882,2.2680618,0.29561625,-0.38308487,0.20310385,-0.10752925,0.34708077,-0.040388552,0.32720453,-0.35052912,-0.059340256,-1.7571149,-0.17058781,-0.36480785,0.84928866,0.13025092,-0.36136612,1.1861264,0.87966159,-0.7496409,-0.54611031,-0.16076934,0.15958992,-0.423671,-0.90395113,2.4054488,-0.33789103,-0.86872123,1.0254585,-0.37726667,-2.4933433,0.81505647,1.1153337
-791.47525,0.99616441,0.30922453,4,15,0,807.15497,0.47359147,2.4067028,0.25133026,-0.45437481,0.26631472,-0.11983816,0.352368,-0.14171767,0.36739976,-0.27739303,-0.93350251,-0.77124029,0.56632917,-0.79500339,0.67773518,0.77343162,-0.61869518,1.4960097,1.4981287,-1.166092,-1.4157753,0.28522323,0.68135945,0.91523877,-1.2871125,0.73650598,0.52467185,-1.5042468,-0.42137324,-0.12580471,-0.57187791,-0.46234545,-0.32512368
-797.83182,0.86307936,0.30922453,4,15,0,810.27164,0.50478465,2.3449427,0.24192722,-0.36217528,0.19132869,-0.14530455,0.33123581,-0.14997657,0.41533491,-0.23769926,-1.1810769,-1.1614944,0.43014596,-1.1401312,1.8447726,0.37270079,-0.99402065,1.0618356,1.1873703,-0.69978602,-1.9313561,0.18996485,0.55276797,0.51455533,-0.82891413,1.2328712,1.3704054,0.53648324,0.086438917,-1.2016925,-0.032519359,-0.70416615,-0.75450849
-795.12237,0.98562813,0.30922453,4,15,0,812.05694,0.33426889,2.5933142,0.35416263,-0.4503855,0.28929091,-0.13485728,0.36232263,-0.065625289,0.30389906,-0.32100547,-0.74456755,-1.1722088,-0.33941179,-1.2964753,-0.28324263,-0.34327801,-0.48981856,1.3902096,1.6538637,-1.3529743,-1.6112998,-0.76154744,-0.08213283,-0.67530176,-0.22307794,2.3017668,-1.1759984,-1.3902401,0.57387284,-1.5415488,-1.7841435,0.29536706,0.093736243
-796.78383,0.88753151,0.30922453,4,15,0,810.22539,0.4639468,2.116515,0.23061582,-0.33610403,0.2362587,-0.12981178,0.38613041,-0.1390694,0.44089136,-0.25665323,-0.52270692,-0.74126731,0.041923344,-0.30416029,1.7643471,0.56235377,-0.058710839,1.2454747,1.196752,-0.11849449,-0.80044946,0.69578769,0.8494871,0.43367857,0.34305657,0.99717634,0.83441383,-0.28844832,1.0407672,-0.17626558,-0.57031177,-0.615958,-0.34234799
-794.34774,0.99923588,0.30922453,4,15,0,815.71669,0.4386167,2.1827755,0.23078738,-0.39766155,0.22591726,-0.10939345,0.31297658,-0.11797416,0.39847444,-0.33255136,-0.83727578,-1.6283542,-0.39901074,-0.71074559,1.7936903,0.9112537,-0.096114689,2.0604338,2.3507356,-0.67428786,-0.54808516,0.37292808,0.76238169,-0.69648806,-0.83950228,1.906627,0.17740299,0.19123926,-0.59913586,-1.3922284,-1.9453636,-0.89231836,0.053031244
-794.73535,0.96828559,0.30922453,4,15,0,809.30007,0.42561751,2.3998299,0.30979121,-0.41924436,0.20325354,-0.12705344,0.37472457,-0.1512717,0.42016099,-0.3243835,-1.0120207,-0.83313294,0.62843878,-0.76573662,0.84975244,0.21009392,-0.88816308,1.1931378,1.3052633,-0.65238708,-1.1313702,-0.64379787,0.37503598,0.73256957,0.058818588,1.7832132,-0.17085868,-1.4425888,0.57832523,-0.095954573,-0.32088063,1.4122557,-0.12533245
-793.42041,0.99804214,0.30922453,4,15,0,804.47931,0.36771553,2.6458314,0.32377759,-0.40385159,0.26099529,-0.20120123,0.39033525,-0.092833428,0.33031911,-0.26830597,-0.65791558,-1.0709857,-0.36361755,-1.577479,0.35207055,-0.44486702,-0.55679853,0.81190441,1.0280043,-1.6728866,-2.1824921,-0.37511311,-0.2121095,-0.82884298,-1.1458593,1.3513439,-0.28279347,0.15714535,0.57059256,-1.7589447,-1.2262088,-1.1213049,0.031543598
-794.67699,0.7493896,0.30922453,4,15,0,811.0394,0.38002388,2.3389675,0.2555944,-0.41099901,0.23124473,-0.11957276,0.35867874,-0.16507095,0.3836652,-0.33576184,-0.93323723,-1.3486508,0.55920371,-0.75724949,0.43179124,0.25630304,-0.085733402,1.1306901,1.5306299,-1.2669192,-0.97337355,-0.61054803,-0.032446331,0.13211431,1.2081346,2.2510788,-0.66729376,-1.2507019,0.88704899,0.82110177,-1.7567361,0.79392044,-0.61353103
-795.25181,0.95189789,0.30922453,4,15,0,815.67566,0.43796682,2.2994024,0.31866859,-0.39989486,0.25865091,-0.16933457,0.29078959,-0.1753746,0.37790941,-0.2873821,-1.2351788,-1.3947362,0.1201862,-0.58927166,1.4082337,0.84032108,0.013003386,1.703202,1.3604406,-0.89725325,-2.3079518,0.17610365,0.64458452,0.16784775,-0.95711927,0.84185763,-0.18277702,-0.37614913,1.5738513,-1.0553294,-0.47830404,0.53602335,-0.71287496
-794.98243,0.97178466,0.30922453,4,15,0,814.67929,0.38519978,2.4969688,0.29742223,-0.39022141,0.20091691,-0.10334799,0.4115326,-0.040370264,0.36955619,-0.23319839,-0.83804307,-1.0212305,0.51845825,-1.5244567,0.14769359,-0.36464386,-0.99004001,0.69651454,2.0146324,-1.2994919,-1.1682864,-0.4838987,0.042753513,0.58474925,0.30759319,2.6479971,0.37650772,-1.0326258,-1.4100991,-0.094855047,-1.0197885,-0.60181053,0.64221706
-792.43378,0.93922212,0.30922453,4,15,0,809.34239,0.48397006,2.412009,0.24336004,-0.39918683,0.29184152,-0.16322777,0.30531807,-0.12177491,0.36148713,-0.30464691,-0.53995282,-1.6807362,0.079714045,-0.33154552,0.86199999,0.62443645,-0.3022013,0.80112564,0.7450447,-0.87722476,-1.5361354,-0.31849087,0.024075389,-0.53106489,-1.6915388,0.5484921,-0.32896329,-0.0071777258,1.6336761,-0.70831265,-0.58898728,1.3850934,-0.30712421
