# stan_version_major = 2
# stan_version_minor = 38
# stan_version_patch = 0
# model = survival_model
# start_datetime = 2026-03-12 11:41:56 UTC
# method = sample (Default)
#   sample
#     num_samples = 2000
#     num_warmup = 1000 (Default)
#     save_warmup = false (Default)
#     thin = 1 (Default)
#     adapt
#       engaged = true (Default)
#       gamma = 0.05 (Default)
#       delta = 0.8 (Default)
#       kappa = 0.75 (Default)
#       t0 = 10 (Default)
#       init_buffer = 75 (Default)
#       term_buffer = 50 (Default)
#       window = 25 (Default)
#       save_metric = false (Default)
#     algorithm = hmc (Default)
#       hmc
#         engine = nuts (Default)
#           nuts
#             max_depth = 10 (Default)
#         metric = dense_e
#         metric_file =  (Default)
#         stepsize = 1 (Default)
#         stepsize_jitter = 0 (Default)
#     num_chains = 1 (Default)
# id = 1 (Default)
# data
#   file = /Users/dansprague/Documents/PhaseSkate/benchmarks/scaling/data/data_H25.json
# init = 2 (Default)
# random
#   seed = 45
# output
#   file = /Users/dansprague/Documents/PhaseSkate/benchmarks/scaling/stan_output/output_H25_chain4.csv
#   diagnostic_file =  (Default)
#   refresh = 100 (Default)
#   sig_figs = 8 (Default)
#   profile_file = profile.csv (Default)
#   save_cmdstan_config = false (Default)
# num_threads = 1 (Default)
# stanc_version = stanc3 v2.38.0
# stancflags = 
lp__,accept_stat__,stepsize__,treedepth__,n_leapfrog__,divergent__,energy__,log_alpha,beta_0,beta.1,beta.2,beta.3,beta.4,beta.5,beta.6,beta.7,beta.8,log_sigma_int,log_sigma_slope,rho,z_int.1,z_int.2,z_int.3,z_int.4,z_int.5,z_int.6,z_int.7,z_int.8,z_int.9,z_int.10,z_int.11,z_int.12,z_int.13,z_int.14,z_int.15,z_int.16,z_int.17,z_int.18,z_int.19,z_int.20,z_int.21,z_int.22,z_int.23,z_int.24,z_int.25,z_slope.1,z_slope.2,z_slope.3,z_slope.4,z_slope.5,z_slope.6,z_slope.7,z_slope.8,z_slope.9,z_slope.10,z_slope.11,z_slope.12,z_slope.13,z_slope.14,z_slope.15,z_slope.16,z_slope.17,z_slope.18,z_slope.19,z_slope.20,z_slope.21,z_slope.22,z_slope.23,z_slope.24,z_slope.25
# Adaptation terminated
# Step size = 0.263398
# Elements of inverse mass matrix:
# 0.00101566, -4.45099e-05, -0.000139483, 5.30443e-05, -6.07795e-05, 7.0309e-05, -1.17965e-05, 0.000129902, -0.000135859, 9.4924e-06, -0.000257381, -0.000581706, -0.00138333, -0.00113815, -0.0004828, -4.75165e-05, -0.000375001, -0.000440383, 7.25078e-05, -0.000952061, -0.000129475, 0.000262304, -0.00015792, 9.69921e-07, 0.000876126, 0.000711051, 0.000527395, 0.0012264, -0.000159311, 0.000680269, 0.000532481, -0.000371994, -9.27852e-05, -0.00039689, -0.000715318, 0.000866485, 0.000856352, -0.00103372, 0.00128006, 0.000126834, 0.000850086, -8.10558e-05, -0.000929042, -0.000760596, -0.000774451, -0.000608561, -0.00112271, -9.06129e-05, -0.000868942, -0.00208719, -0.00126115, 0.000336829, -0.00255217, 0.00166691, -0.000431908, -0.00175173, 0.00039335, 0.000198943, -0.000829876, -0.00120511, 0.0017902, -0.00197219, -0.000907693
# -4.45099e-05, 0.0138285, 0.000550524, 0.000220835, 0.000296076, -6.69535e-05, 0.000293142, -3.96645e-05, -0.000186939, 0.000145653, -0.00071088, 0.000635872, -0.00366036, -0.0247814, -0.0203907, -0.0222223, -0.0221458, -0.0179607, -0.0208727, -0.0217169, -0.0234122, -0.021546, -0.0215293, -0.0188676, -0.0204459, -0.0211127, -0.0196342, -0.0209335, -0.0189622, -0.0185704, -0.0207155, -0.0191528, -0.0203286, -0.0198883, -0.0230126, -0.0170488, -0.0154669, -0.0202429, 0.00446705, -0.0032811, 0.00984727, 1.52649e-05, 5.87142e-06, 0.00365336, -0.00257145, -0.00294556, -0.00166059, -0.00130078, -0.00684209, -0.00634783, -0.00127647, 0.000920613, -0.000872673, 0.00158947, -0.0104059, -0.00523875, -0.000151927, 0.00541046, -0.00436722, -0.00145607, -0.0131195, -0.00112689, 3.73165e-05
# -0.000139483, 0.000550524, 0.00100181, -2.52881e-05, 6.66216e-05, 2.85427e-05, -4.92333e-05, -9.25649e-06, 0.000130315, -4.28314e-05, -8.30841e-05, 0.0012731, -0.000203369, -0.000234012, 0.000158461, -9.57036e-05, -0.00153434, -0.00046022, -0.00134443, -0.000106952, -5.16676e-06, -0.00113751, -0.000596293, 0.000601439, -0.000400927, 0.000134142, -0.001923, -0.00184955, 0.00131086, -0.00118265, 2.45896e-05, -0.00120989, -0.00141222, -0.00088796, -0.00114446, -0.000539803, -0.000339402, 0.000374575, -0.00110106, 0.000995397, 0.000971112, 0.00289697, -0.00121302, 0.0025106, -0.000261634, -0.00090241, -0.000666016, 0.0015057, -0.00454464, 0.00374421, -0.00076325, 0.0014311, 0.00299067, -0.0016278, 0.00153907, -0.000926586, 0.00171382, 0.00354148, 0.00175304, 0.000677115, 0.000457934, 0.000862791, -0.00355371
# 5.30443e-05, 0.000220835, -2.52881e-05, 0.000838165, 3.85324e-05, 4.28858e-05, -2.93193e-05, -2.76963e-05, -0.000150536, 1.88875e-05, 0.000124539, -4.28978e-05, -0.000587345, -0.00104647, -0.000859839, -0.000902004, -0.00108295, -0.00112391, -6.20336e-06, -0.000605492, -0.000926414, -0.000202799, -0.000828602, -0.00193074, -6.66586e-05, -0.00118169, -0.000460375, -0.000382129, -0.00157324, -0.00107089, -0.00029862, -0.00156409, -0.000658589, -0.00033519, -0.00056321, -0.000693663, -0.000568108, -0.000879197, 0.000631293, -0.000736764, -0.000453869, 0.00168546, 0.000177249, 0.000941564, 0.000624906, 0.000799586, -0.0012509, -0.0016435, 0.000623501, -0.00254908, 0.00252072, -7.94526e-05, -0.000747974, 0.000124554, -0.000846481, 0.00168614, 0.000206814, 0.000866584, -0.000222191, -0.00170052, -0.000160589, -8.64862e-05, -0.000884273
# -6.07795e-05, 0.000296076, 6.66216e-05, 3.85324e-05, 0.000797285, -2.47942e-05, -9.61221e-05, -0.000135684, -3.87294e-05, -6.92229e-06, -0.000198472, 0.000286555, -5.7208e-05, -1.97176e-05, -0.000571695, -0.000678741, -0.000117274, 2.51889e-05, 0.000320926, 0.000286705, -0.000389551, -0.0011011, -0.00025061, -0.000526264, -0.000600926, -0.00105184, -1.7493e-05, -7.53408e-05, 0.000436841, -0.000125158, -5.78205e-05, -0.000210932, 7.10198e-07, -0.000129705, -0.00151344, -0.000727975, 0.000111449, 3.28437e-05, -0.000166502, 0.00255997, 0.00061336, 0.00213627, 0.00119902, -0.00123092, -0.00165192, 0.000193273, 0.00151276, -0.00062484, 0.00140156, 0.00161382, 0.000844907, 0.00236593, 0.00189767, -0.00166526, -0.000425935, -0.000842912, -6.58639e-05, -0.00120704, 0.000510864, 0.00330989, 0.00069978, -8.68192e-05, -0.0012755
# 7.0309e-05, -6.69535e-05, 2.85427e-05, 4.28858e-05, -2.47942e-05, 0.000816542, -1.16769e-05, -3.17191e-05, -4.45066e-05, -1.05786e-06, 0.000253144, -0.00091977, 0.000664068, 0.000206735, -0.000784276, 0.000561714, -0.00042973, -0.000490485, -0.000466353, -9.93302e-05, 0.000147801, 7.95385e-06, -0.00030972, -0.000400564, 0.000492513, 0.000555688, -0.000469895, 5.64054e-06, 0.000962652, 9.1161e-05, 0.000915005, -0.000628103, -0.000737463, 0.000356344, 0.000159267, -0.000232615, -0.000110506, 0.000241154, -0.000123463, -0.0001777, -0.000461614, 0.00217844, 0.00146764, 0.00102889, 0.000406315, 0.00345966, -5.19077e-06, 0.000844415, 0.00150545, 0.000209321, -0.00180831, -8.2045e-05, -0.00122433, -0.00196559, 2.42809e-05, -0.000473651, 0.000547503, 0.00380361, -0.00186535, 3.96561e-05, 0.00206467, -0.00370569, -0.00186929
# -1.17965e-05, 0.000293142, -4.92333e-05, -2.93193e-05, -9.61221e-05, -1.16769e-05, 0.00084343, -9.96819e-05, -1.75882e-05, 7.00445e-05, -1.40098e-07, -0.000122728, 0.00155107, -0.000362183, -0.000681064, -0.000379149, -0.000573504, -0.000214676, -0.000643925, -0.00108593, -0.000748331, 0.000683201, -0.000538144, -0.00122992, -0.000272062, -0.00141719, -0.000563467, -0.000212717, 0.000419692, 0.000372127, -0.00115366, -0.000179957, -0.000815104, -7.80422e-05, 7.78928e-05, 0.00026641, -0.00133197, -0.00114365, 0.000766533, -0.000496932, -0.000115678, -0.00242114, 0.00082923, 0.00103807, -0.000410422, 0.0008579, -0.0020727, 0.00194647, -0.000776498, 4.42333e-05, -0.00111534, -0.000612086, 6.00207e-05, -0.00247884, -0.00184735, 1.14741e-05, -0.00074098, 0.000925322, 0.000498221, 0.000250574, -0.00319378, 0.000282626, 0.00283844
# 0.000129902, -3.96645e-05, -9.25649e-06, -2.76963e-05, -0.000135684, -3.17191e-05, -9.96819e-05, 0.000771703, 5.73829e-05, 6.05258e-05, -5.39863e-05, -0.00140191, 0.000776772, -0.000644284, 0.000262883, -0.000387919, -3.56281e-05, 0.000299748, 4.76099e-05, -0.000423779, 0.000196419, 0.000508161, 0.000344781, -0.000281701, 0.000380493, 0.000392856, 0.000997658, 0.000509824, -0.00106863, 0.000644676, 5.00994e-05, 0.000731631, -0.000478382, -0.000118648, 0.00150788, -0.000362792, 0.000535369, -4.51325e-05, 0.00174055, -0.0024078, 0.00232522, -0.00138841, -0.00116732, 2.60012e-05, 0.0013169, -0.000323739, 0.00117723, 0.000734714, 0.00141046, -0.000823613, -0.000308155, -0.000879115, -0.00120363, 0.00151153, -0.00102754, 0.000171782, 4.07271e-05, 0.00096337, -0.00162963, -0.00347664, 0.00270214, -0.00115584, -0.000559921
# -0.000135859, -0.000186939, 0.000130315, -0.000150536, -3.87294e-05, -4.45066e-05, -1.75882e-05, 5.73829e-05, 0.000860992, 1.83759e-05, 4.32342e-05, -0.000285219, -0.000401834, 0.00143055, 0.000447154, 0.000169591, 0.000227451, 0.00134979, -1.34193e-05, 2.00972e-05, 0.00137409, 0.000621843, 0.00180846, 0.000856888, 0.000218022, 0.00142223, 0.00171006, -0.000456863, 0.00194763, -1.34291e-05, 0.00127639, 0.000116483, -6.72882e-05, 0.000925636, 0.000621625, 6.34532e-05, 0.000245608, 0.00114027, 0.00082691, -0.00052016, 0.00152292, 0.000673665, -0.00246736, 0.001482, 0.00291823, -0.00249948, 6.51083e-05, 0.000708896, -0.00313305, 0.00183361, -0.00116679, -0.00173088, 0.00170496, -0.00125799, -0.000649182, -0.00417118, 0.00117606, 0.00248936, -0.00267146, 0.000570603, 0.000659939, 0.000943823, -0.00158559
# 9.4924e-06, 0.000145653, -4.28314e-05, 1.88875e-05, -6.92229e-06, -1.05786e-06, 7.00445e-05, 6.05258e-05, 1.83759e-05, 0.000899089, 0.000226398, -0.000132267, 2.42051e-05, 0.00025523, 3.86646e-05, -0.000179427, -0.00082231, -0.00086121, -0.000642541, 0.00025435, 0.00103284, 0.000716514, -0.000315185, 0.000276785, 0.000404181, 4.42552e-05, -0.000109526, -7.62387e-05, -0.0010809, -0.000973391, 0.000571869, -0.000522367, -0.00117783, -0.000182956, -0.000889299, -0.000448558, -0.000891739, -0.00109527, -0.00151455, 0.000118631, -0.000785858, 2.88725e-05, 0.00180177, 8.04468e-05, -0.000683713, -0.00303728, -0.00252692, 0.000131681, 0.000193361, -0.00283692, -0.000425184, -0.000747959, -0.000989353, -0.00165679, 0.00147047, -0.00200052, -0.00203863, -8.88471e-05, 0.000984993, -0.000284603, -0.000552282, -0.000501803, 0.00121985
# -0.000257381, -0.00071088, -8.30841e-05, 0.000124539, -0.000198472, 0.000253144, -1.40098e-07, -5.39863e-05, 4.32342e-05, 0.000226398, 0.0290363, 0.00332881, -0.0259314, 0.00540949, -0.0211837, 0.0115921, -0.00101907, -0.0163405, -0.0148933, 0.0192834, 0.0261343, 0.0444782, 0.00223475, 0.0133178, -0.00690463, -0.00740217, 0.0023547, -0.0137488, -0.0337982, 0.00177818, 0.026511, -0.00769362, 0.00551042, 0.0209587, 0.0198691, -0.0205736, -0.0412599, 0.00646014, -0.00992641, -0.00310964, -0.00776845, 0.0104974, -0.00821622, 0.00434618, -0.00528679, 0.000676315, -0.00771515, 0.0104774, -0.000151834, -0.00805027, 0.00723925, -0.00924187, 0.0139243, -0.00590137, 0.00333426, -0.0024912, -3.98334e-05, 0.0084992, -0.000146253, 0.0281268, -0.0111514, -0.0340919, 0.000644878
# -0.000581706, 0.000635872, 0.0012731, -4.28978e-05, 0.000286555, -0.00091977, -0.000122728, -0.00140191, -0.000285219, -0.000132267, 0.00332881, 0.170329, -0.0738183, 0.00370793, -0.0128021, 0.0175627, 0.00894265, -0.00632114, -0.00151972, 0.0239613, 0.005134, 0.0262892, -0.00615192, 0.0230487, 0.004045, 0.00470937, -0.0449032, -0.0135805, -0.00147197, 0.027683, 0.0150167, -0.0691918, 0.00269499, -0.00752204, -0.0775333, 0.0177103, -0.0344842, 0.0172221, -0.0503606, 0.0286647, -0.0654112, -0.0198263, 0.0410236, 0.0173674, -0.0409584, -0.0289008, -0.0726192, -0.0211395, -0.018057, -0.00680524, 0.00944936, 0.0289481, 0.0256026, 0.00983277, -0.0343793, -0.001056, 0.115953, 0.0123612, 0.00811448, 0.0718388, -0.0197477, 0.0592647, -0.0145293
# -0.00138333, -0.00366036, -0.000203369, -0.000587345, -5.7208e-05, 0.000664068, 0.00155107, 0.000776772, -0.000401834, 2.42051e-05, -0.0259314, -0.0738183, 0.42383, 0.0202582, 0.0303132, -0.00897617, -0.00261118, -0.000128246, -0.0066175, -0.0166157, -0.00390764, -0.0217624, 0.02254, -0.0233753, 0.00326291, -0.00173548, 0.0476243, -0.0148466, 0.00769298, -0.0255779, -0.0194562, 0.080691, -0.00341546, 0.00620855, 0.0976261, -0.0102728, 0.00232439, -0.00672967, 0.0259312, -0.0649737, 0.0654195, -0.0164252, -0.0738496, -0.035152, 0.0713871, 0.113778, 0.209173, -0.0339223, 0.106944, 0.0174675, -0.0391161, -0.00502624, -0.0204544, -0.118277, 0.0448625, 0.126384, -0.0971106, 0.0509554, 0.0743668, -0.0375528, -0.0329078, -0.0711937, 0.046525
# -0.00113815, -0.0247814, -0.000234012, -0.00104647, -1.97176e-05, 0.000206735, -0.000362183, -0.000644284, 0.00143055, 0.00025523, 0.00540949, 0.00370793, 0.0202582, 0.126186, 0.0484217, 0.0463568, 0.0395981, 0.0226631, 0.0309961, 0.0439902, 0.041802, 0.0440967, 0.0506462, 0.0473779, 0.0349083, 0.041913, 0.0335125, 0.0428518, 0.0323097, 0.024433, 0.0410853, 0.0291491, 0.0321555, 0.0420474, 0.0465634, 0.02406, 0.0180614, 0.0416119, -0.058459, 0.0189013, -0.011843, 0.0212709, 0.0135508, -0.00717858, -0.00492396, 0.0276605, 0.010024, 0.0098985, 0.0126487, 0.0418468, -0.020629, -0.00351932, -0.0111277, -0.0151237, 0.035897, 0.0124738, 0.00373314, -0.00904826, -0.000186974, -0.00681981, 0.020906, -0.0131105, -0.00229247
# -0.0004828, -0.0203907, 0.000158461, -0.000859839, -0.000571695, -0.000784276, -0.000681064, 0.000262883, 0.000447154, 3.86646e-05, -0.0211837, -0.0128021, 0.0303132, 0.0484217, 0.145292, 0.0310774, 0.0300875, 0.0459418, 0.0377408, 0.0170379, 0.0212339, -0.00384332, 0.0377197, 0.0192485, 0.0372299, 0.042029, 0.0297312, 0.0390687, 0.0633199, 0.0303327, 0.0166147, 0.0422069, 0.0201834, 0.0136814, 0.0263075, 0.0477038, 0.0579631, 0.0168509, 0.00921511, -0.0665408, 0.00243034, -0.00351683, -0.00420638, -0.00943874, 0.00517819, 0.0054587, 0.0123026, -0.011871, 0.00911072, 0.0440648, -0.0108142, 0.0125697, -0.00360837, 0.00804313, 0.00759654, 0.00423575, 0.0217213, -0.00521958, 0.014459, -0.0266667, 0.0197747, 0.0193504, 0.00250943
# -4.75165e-05, -0.0222223, -9.57036e-05, -0.000902004, -0.000678741, 0.000561714, -0.000379149, -0.000387919, 0.000169591, -0.000179427, 0.0115921, 0.0175627, -0.00897617, 0.0463568, 0.0310774, 0.10258, 0.0368387, 0.023747, 0.0275971, 0.0470654, 0.0497683, 0.0489492, 0.0370087, 0.0471707, 0.0296365, 0.0288424, 0.0311297, 0.0261532, 0.0177868, 0.0250755, 0.0454877, 0.0235914, 0.0428086, 0.0399701, 0.0313686, 0.0247496, 0.0126232, 0.0301842, -0.0161697, 0.00689902, -0.101506, -0.000279041, 0.00581423, -0.00726061, -0.00835188, 0.012513, -0.0024878, 0.0146522, -0.00584598, 0.0160134, 0.00599683, -0.00532152, 0.0138509, -0.0192952, 0.0219023, -0.000592819, -0.000758678, -0.0259168, 0.00523682, 0.0290986, 0.0193774, 0.00147969, 0.00458932
# -0.000375001, -0.0221458, -0.00153434, -0.00108295, -0.000117274, -0.00042973, -0.000573504, -3.56281e-05, 0.000227451, -0.00082231, -0.00101907, 0.00894265, -0.00261118, 0.0395981, 0.0300875, 0.0368387, 0.101777, 0.023207, 0.0376188, 0.035115, 0.0272526, 0.0307634, 0.0325372, 0.0353347, 0.0323061, 0.0360962, 0.0304829, 0.0340209, 0.0301458, 0.0350072, 0.0338353, 0.0200579, 0.036434, 0.0311287, 0.0284272, 0.0289767, 0.0286439, 0.0350186, -0.0113955, 0.0060064, -0.0281697, -0.0815061, 0.0124132, -0.0102896, 0.0139986, 0.0276447, 0.00250538, -0.0050853, 0.017791, 0.0190044, -0.0136332, 0.000890562, 0.00382454, -0.0100125, -0.00350487, 0.0110701, 0.0246579, -0.0177897, 0.00910325, 0.0237392, 0.0176961, -0.0026618, 0.000453291
# -0.000440383, -0.0179607, -0.00046022, -0.00112391, 2.51889e-05, -0.000490485, -0.000214676, 0.000299748, 0.00134979, -0.00086121, -0.0163405, -0.00632114, -0.000128246, 0.0226631, 0.0459418, 0.023747, 0.023207, 0.154561, 0.04093, 0.0179954, 0.0197313, -0.00349975, 0.0266994, 0.0165759, 0.0265598, 0.0298521, 0.025759, 0.0409577, 0.0471694, 0.038935, 0.00984479, 0.0363689, 0.0352563, 0.00964246, 0.0137447, 0.0436253, 0.0482377, 0.0246106, -0.0175928, -0.0080109, -0.0110581, -0.00621013, -0.137321, 0.00944373, -0.00834604, -0.0144051, 0.00291584, -0.0164801, 0.00194316, 0.000325811, -0.00172752, 0.0220584, 0.00162286, 0.0138441, -0.00813367, -0.0193741, -0.00127723, -0.0368655, 0.0171305, -0.00225284, 0.0142025, 0.0468598, -0.00566082
# 7.25078e-05, -0.0208727, -0.00134443, -6.20336e-06, 0.000320926, -0.000466353, -0.000643925, 4.76099e-05, -1.34193e-05, -0.000642541, -0.0148933, -0.00151972, -0.0066175, 0.0309961, 0.0377408, 0.0275971, 0.0376188, 0.04093, 0.132479, 0.0308391, 0.0162482, 0.00506384, 0.0369767, 0.0133056, 0.0369941, 0.0424022, 0.0259365, 0.0495282, 0.0439622, 0.0329873, 0.0128536, 0.0251155, 0.0422534, 0.0134596, 0.0177103, 0.0349132, 0.0473546, 0.0259537, 0.00960684, 0.0151862, -0.0283091, -0.0177811, 0.00226495, -0.114512, -0.00349952, 0.00581398, -0.0138079, -0.000643531, 0.0209217, 0.0053002, -0.00464466, 0.0194029, -0.0132142, 0.0138343, 0.0078699, 0.00111577, -0.00206796, -0.0328856, 0.0130409, -0.0118193, 0.0560278, 0.0163607, 0.0111129
# -0.000952061, -0.0217169, -0.000106952, -0.000605492, 0.000286705, -9.93302e-05, -0.00108593, -0.000423779, 2.00972e-05, 0.00025435, 0.0192834, 0.0239613, -0.0166157, 0.0439902, 0.0170379, 0.0470654, 0.035115, 0.0179954, 0.0308391, 0.110025, 0.0546638, 0.0640038, 0.0350771, 0.0412221, 0.0250426, 0.0286994, 0.0290421, 0.0272478, 0.00543432, 0.0247557, 0.0509102, 0.012725, 0.0342213, 0.0433904, 0.0306089, 0.0156956, -0.000110346, 0.0399459, -0.00786998, 0.00729097, -0.0289744, 0.0057862, -0.00976035, -0.0181016, -0.0785775, 0.00857113, -0.004243, 0.00266469, 0.00966191, 0.0156933, 0.00363091, -0.00473478, 0.0216912, -0.00437365, 0.0421829, 0.0105593, 0.0184446, 0.017224, 0.0210414, 0.0376725, 0.0182102, -0.0276116, -0.00278101
# -0.000129475, -0.0234122, -5.16676e-06, -0.000926414, -0.000389551, 0.000147801, -0.000748331, 0.000196419, 0.00137409, 0.00103284, 0.0261343, 0.005134, -0.00390764, 0.041802, 0.0212339, 0.0497683, 0.0272526, 0.0197313, 0.0162482, 0.0546638, 0.125879, 0.0745749, 0.0410606, 0.05038, 0.0328169, 0.0368062, 0.0416662, 0.0157449, 0.00445339, 0.0278256, 0.0609472, 0.0269563, 0.0385686, 0.0560022, 0.0494647, 0.00132644, -0.0128623, 0.041012, -0.0135704, -0.00288158, -0.027822, 0.0326928, -0.0132255, 0.00855046, 0.0223854, -0.0903407, 0.00332141, 0.00876716, -0.00347756, -0.0115983, 0.0213869, -0.0118979, 0.0203147, -0.0128203, 0.0467443, 0.00986256, 0.00746033, 0.00716793, 0.0103896, 0.0397636, 0.0268375, -0.020996, 0.0008973
# 0.000262304, -0.021546, -0.00113751, -0.000202799, -0.0011011, 7.95385e-06, 0.000683201, 0.000508161, 0.000621843, 0.000716514, 0.0444782, 0.0262892, -0.0217624, 0.0440967, -0.00384332, 0.0489492, 0.0307634, -0.00349975, 0.00506384, 0.0640038, 0.0745749, 0.161753, 0.0447013, 0.0505072, 0.0201263, 0.0249597, 0.0272381, 0.0125222, -0.0242222, 0.0353818, 0.0777863, 0.00897999, 0.0373934, 0.0609312, 0.0647046, -0.00430622, -0.0512021, 0.0429602, -0.0232878, -0.0130114, -0.0173894, 0.0054408, 0.00815732, -0.00476093, -0.0176481, 0.00443128, -0.0935606, 0.00833506, 0.0120941, -0.0062837, -0.00721949, -0.0146368, 0.0127312, -0.01888, -0.00710067, 0.00837103, 0.0141397, 0.0391597, 0.00733194, 0.0418766, -0.0148751, -0.039089, 0.0220644
# -0.00015792, -0.0215293, -0.000596293, -0.000828602, -0.00025061, -0.00030972, -0.000538144, 0.000344781, 0.00180846, -0.000315185, 0.00223475, -0.00615192, 0.02254, 0.0506462, 0.0377197, 0.0370087, 0.0325372, 0.0266994, 0.0369767, 0.0350771, 0.0410606, 0.0447013, 0.132493, 0.0305662, 0.0290212, 0.0363591, 0.0251801, 0.0232661, 0.0287161, 0.0210515, 0.0363687, 0.0343715, 0.024073, 0.0339579, 0.0429657, 0.0258968, 0.0180118, 0.0384313, -0.00780578, 0.00718788, -0.00957077, -0.001809, 0.0002176, 0.00366127, -0.00953658, 0.0135187, -0.00361506, -0.115467, 0.0093009, 0.0370634, 0.00754213, 0.0124756, 0.0106406, -0.0219974, 0.0278801, -0.000416224, -0.0159564, -0.014483, 0.00291455, 0.00617449, 0.00215077, -0.0132713, -0.0154904
# 9.69921e-07, -0.0188676, 0.000601439, -0.00193074, -0.000526264, -0.000400564, -0.00122992, -0.000281701, 0.000856888, 0.000276785, 0.0133178, 0.0230487, -0.0233753, 0.0473779, 0.0192485, 0.0471707, 0.0353347, 0.0165759, 0.0133056, 0.0412221, 0.05038, 0.0505072, 0.0305662, 0.10449, 0.0203199, 0.0315592, 0.0189428, 0.0180612, 0.0104718, 0.0248268, 0.0482738, 0.0111113, 0.0284036, 0.03646, 0.0240876, 0.0190742, 0.00311225, 0.0321159, -0.0242846, 0.0176223, -0.0383114, 0.00278099, 0.00226647, -0.00118937, -0.00838085, -0.0161566, -0.00224261, 0.00296723, -0.0893949, 0.0263924, -0.00225374, 0.00464616, 0.0296046, -0.0128344, 0.0229198, -0.0120117, 0.00459138, -0.00503837, 0.0167797, 0.0316526, -0.00840527, -0.00295478, 0.00358392
# 0.000876126, -0.0204459, -0.000400927, -6.66586e-05, -0.000600926, 0.000492513, -0.000272062, 0.000380493, 0.000218022, 0.000404181, -0.00690463, 0.004045, 0.00326291, 0.0349083, 0.0372299, 0.0296365, 0.0323061, 0.0265598, 0.0369941, 0.0250426, 0.0328169, 0.0201263, 0.0290212, 0.0203199, 0.120157, 0.0407386, 0.0267922, 0.0393017, 0.0378798, 0.021268, 0.0263469, 0.0171892, 0.0342838, 0.0181878, 0.0202788, 0.0326733, 0.048473, 0.0205178, -0.000943796, 0.00984415, -0.00516694, 0.00767658, 0.0183252, -0.00520805, 0.0164802, -0.0103485, 0.00610804, 0.0135103, 0.022062, -0.10925, -0.0195433, 0.0130366, 0.00131229, 0.0167675, 0.0205281, -0.00199855, 0.00983399, -0.0028692, -0.00409876, -0.00658953, 0.052724, -0.035647, -0.000579976
# 0.000711051, -0.0211127, 0.000134142, -0.00118169, -0.00105184, 0.000555688, -0.00141719, 0.000392856, 0.00142223, 4.42552e-05, -0.00740217, 0.00470937, -0.00173548, 0.041913, 0.042029, 0.0288424, 0.0360962, 0.0298521, 0.0424022, 0.0286994, 0.0368062, 0.0249597, 0.0363591, 0.0315592, 0.0407386, 0.121053, 0.0235412, 0.0307652, 0.040609, 0.031002, 0.0345564, 0.0173877, 0.0293123, 0.0251618, 0.0242494, 0.0356498, 0.0486889, 0.0320977, -0.0221997, -0.0145126, -0.0042147, 0.00156345, 0.00278316, -0.0112391, 0.0109518, -0.0096001, -0.00201136, 0.0104242, -0.00104754, 0.000848695, -0.0915386, 0.0100518, 0.00593514, -0.0195674, 0.0243804, -0.0224504, 0.035607, 0.0187986, -0.00662743, -0.0080598, 0.0328498, 0.0142766, 0.0118304
# 0.000527395, -0.0196342, -0.001923, -0.000460375, -1.7493e-05, -0.000469895, -0.000563467, 0.000997658, 0.00171006, -0.000109526, 0.0023547, -0.0449032, 0.0476243, 0.0335125, 0.0297312, 0.0311297, 0.0304829, 0.025759, 0.0259365, 0.0290421, 0.0416662, 0.0272381, 0.0251801, 0.0189428, 0.0267922, 0.0235412, 0.124113, 0.0264781, 0.0182452, 0.0198368, 0.0305786, 0.0498404, 0.0366313, 0.0371921, 0.0653403, 0.00622854, 0.0279217, 0.0152678, 0.0191986, 0.0015484, 0.00559284, -0.000329671, -0.0269305, 0.00149412, 0.0438638, 0.0017602, 0.0374963, 0.0027579, 0.00766921, 0.0114426, 0.00760105, -0.113034, -0.00539219, -0.0243872, 0.0189229, 0.0209952, -0.037253, 0.0032057, 0.00115083, -0.016361, 0.0266274, -0.0101272, 0.0135582
# 0.0012264, -0.0209335, -0.00184955, -0.000382129, -7.53408e-05, 5.64054e-06, -0.000212717, 0.000509824, -0.000456863, -7.62387e-05, -0.0137488, -0.0135805, -0.0148466, 0.0428518, 0.0390687, 0.0261532, 0.0340209, 0.0409577, 0.0495282, 0.0272478, 0.0157449, 0.0125222, 0.0232661, 0.0180612, 0.0393017, 0.0307652, 0.0264781, 0.173455, 0.0489298, 0.0307319, 0.00934365, 0.0233534, 0.0290233, 0.0153609, 0.0113232, 0.0364712, 0.0434061, 0.0201839, -0.0346856, 0.0182143, 0.010368, 0.0024895, 0.0219065, -0.0121661, -0.0111552, -0.00620006, -0.0250857, 0.026027, 0.00666275, 0.00883028, 0.00256903, 0.0215216, -0.183555, 0.0446417, 0.00887896, 0.00616034, 0.00755523, -0.00880399, -0.00352662, -0.0350555, 0.032916, 0.0234432, 0.0101352
# -0.000159311, -0.0189622, 0.00131086, -0.00157324, 0.000436841, 0.000962652, 0.000419692, -0.00106863, 0.00194763, -0.0010809, -0.0337982, -0.00147197, 0.00769298, 0.0323097, 0.0633199, 0.0177868, 0.0301458, 0.0471694, 0.0439622, 0.00543432, 0.00445339, -0.0242222, 0.0287161, 0.0104718, 0.0378798, 0.040609, 0.0182452, 0.0489298, 0.167273, 0.0272464, 0.00379856, 0.0316291, 0.0206321, 0.0045083, -0.00905423, 0.0614116, 0.0692883, 0.0279893, 0.00531717, 0.0131342, 0.000870321, 0.0262123, 0.0183373, 0.0190356, 0.00764652, -0.0120906, 0.00959802, 0.0222046, 0.00266548, 0.0398054, -0.0191869, 0.0336603, -0.00422452, -0.0566604, 0.0121684, -0.0188459, 0.00318103, -0.0096659, 0.00308283, -0.0141844, 0.0209224, 0.0699038, -0.0183003
# 0.000680269, -0.0185704, -0.00118265, -0.00107089, -0.000125158, 9.1161e-05, 0.000372127, 0.000644676, -1.34291e-05, -0.000973391, 0.00177818, 0.027683, -0.0255779, 0.024433, 0.0303327, 0.0250755, 0.0350072, 0.038935, 0.0329873, 0.0247557, 0.0278256, 0.0353818, 0.0210515, 0.0248268, 0.021268, 0.031002, 0.0198368, 0.0307319, 0.0272464, 0.124362, 0.0195385, 0.0228652, 0.0242127, 0.0260114, 0.0179185, 0.0238791, 0.0142912, 0.0307939, 0.00620883, 0.00307807, -0.0162266, -0.0108501, -0.0234718, -0.00569705, -0.00572144, -0.00972108, -0.0243123, 0.00722652, 0.0110645, -0.00156944, -0.0107912, 0.00557918, -0.00455286, 0.00802939, -0.125679, 0.0203263, 0.00931312, -0.00823486, 0.0159366, 0.0278989, 0.0237369, 0.0347558, 0.0183163
# 0.000532481, -0.0207155, 2.45896e-05, -0.00029862, -5.78205e-05, 0.000915005, -0.00115366, 5.00994e-05, 0.00127639, 0.000571869, 0.026511, 0.0150167, -0.0194562, 0.0410853, 0.0166147, 0.0454877, 0.0338353, 0.00984479, 0.0128536, 0.0509102, 0.0609472, 0.0777863, 0.0363687, 0.0482738, 0.0263469, 0.0345564, 0.0305786, 0.00934365, 0.00379856, 0.0195385, 0.121909, 0.0195884, 0.0334886, 0.0489662, 0.0401878, 0.0087931, -0.016044, 0.042154, -0.0073726, -0.0206843, -0.018669, 0.0160511, -0.00181576, 0.000777124, 0.00645982, 0.00119384, -0.008007, 0.0160725, 0.00349699, 0.00532724, 0.00280975, -0.0064265, 0.03505, -0.00244934, 0.0301879, -0.0889602, 0.00522992, 0.00888144, -0.00134721, 0.0362977, 0.0203682, -0.011239, -0.00642336
# -0.000371994, -0.0191528, -0.00120989, -0.00156409, -0.000210932, -0.000628103, -0.000179957, 0.000731631, 0.000116483, -0.000522367, -0.00769362, -0.0691918, 0.080691, 0.0291491, 0.0422069, 0.0235914, 0.0200579, 0.0363689, 0.0251155, 0.012725, 0.0269563, 0.00897999, 0.0343715, 0.0111113, 0.0171892, 0.0173877, 0.0498404, 0.0233534, 0.0316291, 0.0228652, 0.0195884, 0.162848, 0.0219494, 0.0234575, 0.0718659, 0.0221281, 0.028298, 0.0203842, 0.0422389, -0.0281605, 0.00948453, 0.00750358, -0.0372164, -0.00750811, 0.0277524, 0.0308348, 0.060401, -0.000285527, 0.0380782, 0.0289822, 0.0109036, -0.0137203, 0.0066295, -0.0300537, 0.0131317, 0.0173617, -0.16312, -0.026252, 0.0349232, -0.0384228, -0.00431951, 0.00650908, -0.000946906
# -9.27852e-05, -0.0203286, -0.00141222, -0.000658589, 7.10198e-07, -0.000737463, -0.000815104, -0.000478382, -6.72882e-05, -0.00117783, 0.00551042, 0.00269499, -0.00341546, 0.0321555, 0.0201834, 0.0428086, 0.036434, 0.0352563, 0.0422534, 0.0342213, 0.0385686, 0.0373934, 0.024073, 0.0284036, 0.0342838, 0.0293123, 0.0366313, 0.0290233, 0.0206321, 0.0242127, 0.0334886, 0.0219494, 0.103734, 0.0314549, 0.0324365, 0.0279801, 0.0295376, 0.0304823, -0.00209136, 0.01645, -0.0235042, -0.0172211, -0.0086885, 0.000915236, 0.00428416, 0.00190542, 0.00138664, 0.00227796, 0.00642639, -0.00704581, 0.000303453, -0.00595823, 0.0286447, 0.00814679, 0.0303947, -0.00107677, 0.000634857, -0.0910235, 0.00971741, 0.000892393, 0.0260698, -0.0124515, -0.00115063
# -0.00039689, -0.0198883, -0.00088796, -0.00033519, -0.000129705, 0.000356344, -7.80422e-05, -0.000118648, 0.000925636, -0.000182956, 0.0209587, -0.00752204, 0.00620855, 0.0420474, 0.0136814, 0.0399701, 0.0311287, 0.00964246, 0.0134596, 0.0433904, 0.0560022, 0.0609312, 0.0339579, 0.03646, 0.0181878, 0.0251618, 0.0371921, 0.0153609, 0.0045083, 0.0260114, 0.0489662, 0.0234575, 0.0314549, 0.0986535, 0.0549244, 0.00552276, -0.00263917, 0.0373244, -0.00598909, 0.00533056, -0.0158701, 0.00715526, 0.00165496, 0.00496508, 0.0154639, 0.00702891, 0.0175413, 0.0266239, 0.00327495, 0.0152816, -0.000891067, -0.00948493, 0.0075144, -0.00782202, 0.0292176, 0.00852966, 0.0182167, -0.00130783, -0.0727112, 0.0158139, 0.0195567, -0.0409515, -0.00154746
# -0.000715318, -0.0230126, -0.00114446, -0.00056321, -0.00151344, 0.000159267, 7.78928e-05, 0.00150788, 0.000621625, -0.000889299, 0.0198691, -0.0775333, 0.0976261, 0.0465634, 0.0263075, 0.0313686, 0.0284272, 0.0137447, 0.0177103, 0.0306089, 0.0494647, 0.0647046, 0.0429657, 0.0240876, 0.0202788, 0.0242494, 0.0653403, 0.0113232, -0.00905423, 0.0179185, 0.0401878, 0.0718659, 0.0324365, 0.0549244, 0.195158, -0.00647624, 0.000980125, 0.0261745, 0.0271945, -0.0372717, 0.0175138, -0.00295013, -0.027696, -0.0322464, 0.047833, 0.0423954, 0.0722715, 0.0201647, 0.0339549, 0.0205454, -0.00496626, -0.0370243, -0.0100952, -0.0368078, 0.024021, 0.0415283, -0.0498819, 0.000578712, 0.014013, -0.137567, 0.0134981, -0.0540957, 0.0293461
# 0.000866485, -0.0170488, -0.000539803, -0.000693663, -0.000727975, -0.000232615, 0.00026641, -0.000362792, 6.34532e-05, -0.000448558, -0.0205736, 0.0177103, -0.0102728, 0.02406, 0.0477038, 0.0247496, 0.0289767, 0.0436253, 0.0349132, 0.0156956, 0.00132644, -0.00430622, 0.0258968, 0.0190742, 0.0326733, 0.0356498, 0.00622854, 0.0364712, 0.0614116, 0.0238791, 0.0087931, 0.0221281, 0.0279801, 0.00552276, -0.00647624, 0.119748, 0.0565128, 0.0219384, -0.00868363, 0.00900787, -0.00805643, -0.0114466, 0.0022678, 0.0114969, -0.0198918, 0.00249138, 0.0101813, 0.00389694, -0.0064545, 0.0168923, -0.000583488, 0.0153011, 0.00901254, 0.00931079, 0.0118395, -0.00934625, 0.00278318, -0.0215686, -0.00366349, 0.00251113, -0.0866841, 0.0380631, -0.0162432
# 0.000856352, -0.0154669, -0.000339402, -0.000568108, 0.000111449, -0.000110506, -0.00133197, 0.000535369, 0.000245608, -0.000891739, -0.0412599, -0.0344842, 0.00232439, 0.0180614, 0.0579631, 0.0126232, 0.0286439, 0.0482377, 0.0473546, -0.000110346, -0.0128623, -0.0512021, 0.0180118, 0.00311225, 0.048473, 0.0486889, 0.0279217, 0.0434061, 0.0692883, 0.0142912, -0.016044, 0.028298, 0.0295376, -0.00263917, 0.000980125, 0.0565128, 0.247155, 0.0113666, 0.0328018, 0.0169597, 0.00830754, -0.0131637, 0.0221349, -0.0175212, -0.0119892, 0.00441307, 0.00729885, 0.0195844, 0.0012156, -0.00584282, -0.0121236, 0.0277397, 0.0126662, 0.0145778, 0.0412279, -0.0103465, -0.00634268, -0.0299428, -0.0228777, -0.0518475, 0.0451407, -0.105144, 0.00301687
# -0.00103372, -0.0202429, 0.000374575, -0.000879197, 3.28437e-05, 0.000241154, -0.00114365, -4.51325e-05, 0.00114027, -0.00109527, 0.00646014, 0.0172221, -0.00672967, 0.0416119, 0.0168509, 0.0301842, 0.0350186, 0.0246106, 0.0259537, 0.0399459, 0.041012, 0.0429602, 0.0384313, 0.0321159, 0.0205178, 0.0320977, 0.0152678, 0.0201839, 0.0279893, 0.0307939, 0.042154, 0.0203842, 0.0304823, 0.0373244, 0.0261745, 0.0219384, 0.0113666, 0.107368, -0.0125986, 0.0120553, -0.0107298, -0.000920151, 0.00972384, 0.00171087, -0.00298048, 0.000285085, 0.0116251, 0.00116652, 0.00271998, 0.0244317, -0.000821943, -0.0120644, 0.0107324, -0.00672525, 0.015382, 0.00283341, 0.0205248, 0.000203601, 0.0168423, 0.0229064, 0.00649236, 0.00618304, -0.0884377
# 0.00128006, 0.00446705, -0.00110106, 0.000631293, -0.000166502, -0.000123463, 0.000766533, 0.00174055, 0.00082691, -0.00151455, -0.00992641, -0.0503606, 0.0259312, -0.058459, 0.00921511, -0.0161697, -0.0113955, -0.0175928, 0.00960684, -0.00786998, -0.0135704, -0.0232878, -0.00780578, -0.0242846, -0.000943796, -0.0221997, 0.0191986, -0.0346856, 0.00531717, 0.00620883, -0.0073726, 0.0422389, -0.00209136, -0.00598909, 0.0271945, -0.00868363, 0.0328018, -0.0125986, 0.681552, -0.0216516, 0.0578893, 0.00839917, 0.0641465, -0.0394452, 0.0565871, -0.0107138, 0.0844836, 0.00205116, -0.017068, -0.0116759, 0.00658134, 0.0114684, 0.0017964, 0.00608159, 0.00936824, 0.0270372, -0.0512721, -0.0460948, -0.0387844, -0.0818233, 0.0156755, -0.0319573, 0.00321053
# 0.000126834, -0.0032811, 0.000995397, -0.000736764, 0.00255997, -0.0001777, -0.000496932, -0.0024078, -0.00052016, 0.000118631, -0.00310964, 0.0286647, -0.0649737, 0.0189013, -0.0665408, 0.00689902, 0.0060064, -0.0080109, 0.0151862, 0.00729097, -0.00288158, -0.0130114, 0.00718788, 0.0176223, 0.00984415, -0.0145126, 0.0015484, 0.0182143, 0.0131342, 0.00307807, -0.0206843, -0.0281605, 0.01645, 0.00533056, -0.0372717, 0.00900787, 0.0169597, 0.0120553, -0.0216516, 0.641124, -0.0242992, 0.0242656, 0.0135596, -0.0234662, 0.00861214, 0.00528724, -0.0149744, -0.0395787, -0.0366076, 0.00766238, 0.018706, -0.0493595, -0.0548483, -0.0151856, 0.00772847, 0.030296, -0.0217166, -0.0698138, -0.0164207, 0.0187028, 0.0341486, -0.0369026, -0.0274644
# 0.000850086, 0.00984727, 0.000971112, -0.000453869, 0.00061336, -0.000461614, -0.000115678, 0.00232522, 0.00152292, -0.000785858, -0.00776845, -0.0654112, 0.0654195, -0.011843, 0.00243034, -0.101506, -0.0281697, -0.0110581, -0.0283091, -0.0289744, -0.027822, -0.0173894, -0.00957077, -0.0383114, -0.00516694, -0.0042147, 0.00559284, 0.010368, 0.000870321, -0.0162266, -0.018669, 0.00948453, -0.0235042, -0.0158701, 0.0175138, -0.00805643, 0.00830754, -0.0107298, 0.0578893, -0.0242992, 0.667666, -0.0160963, -0.0327683, -0.00851474, 0.066502, -0.00505346, 0.104241, 0.028912, 0.0128444, 0.0185201, -0.0399667, 0.0333952, -0.0735899, -0.00474902, 0.0120103, 0.0131443, -0.007574, 0.0586532, -0.0162611, -0.0840271, 0.00680746, -0.0115205, 0.00827677
# -8.10558e-05, 1.52649e-05, 0.00289697, 0.00168546, 0.00213627, 0.00217844, -0.00242114, -0.00138841, 0.000673665, 2.88725e-05, 0.0104974, -0.0198263, -0.0164252, 0.0212709, -0.00351683, -0.000279041, -0.0815061, -0.00621013, -0.0177811, 0.0057862, 0.0326928, 0.0054408, -0.001809, 0.00278099, 0.00767658, 0.00156345, -0.000329671, 0.0024895, 0.0262123, -0.0108501, 0.0160511, 0.00750358, -0.0172211, 0.00715526, -0.00295013, -0.0114466, -0.0131637, -0.000920151, 0.00839917, 0.0242656, -0.0160963, 0.511197, -0.00856611, 0.0397864, -0.0151089, -0.0180687, -0.0154078, 0.0219995, 0.00342746, -0.0208093, 0.0461901, 0.00250561, 0.0256923, 0.0105513, 0.0272099, -0.0244575, -0.0437871, 0.01997, -0.0305467, 0.00279589, -0.0101025, 0.0121924, -0.0221498
# -0.000929042, 5.87142e-06, -0.00121302, 0.000177249, 0.00119902, 0.00146764, 0.00082923, -0.00116732, -0.00246736, 0.00180177, -0.00821622, 0.0410236, -0.0738496, 0.0135508, -0.00420638, 0.00581423, 0.0124132, -0.137321, 0.00226495, -0.00976035, -0.0132255, 0.00815732, 0.0002176, 0.00226647, 0.0183252, 0.00278316, -0.0269305, 0.0219065, 0.0183373, -0.0234718, -0.00181576, -0.0372164, -0.0086885, 0.00165496, -0.027696, 0.0022678, 0.0221349, 0.00972384, 0.0641465, 0.0135596, -0.0327683, -0.00856611, 0.666056, 0.0146511, 0.00760375, -0.0234909, -0.117422, 0.0503909, 0.0267293, 0.0100509, -0.0299842, 0.0280729, -0.0258381, -0.00814068, 0.0222925, -0.0127132, 0.0779843, 0.000962791, -0.0871765, -0.0225317, 0.0157398, -0.0230321, -0.000319092
# -0.000760596, 0.00365336, 0.0025106, 0.000941564, -0.00123092, 0.00102889, 0.00103807, 2.60012e-05, 0.001482, 8.04468e-05, 0.00434618, 0.0173674, -0.035152, -0.00717858, -0.00943874, -0.00726061, -0.0102896, 0.00944373, -0.114512, -0.0181016, 0.00855046, -0.00476093, 0.00366127, -0.00118937, -0.00520805, -0.0112391, 0.00149412, -0.0121661, 0.0190356, -0.00569705, 0.000777124, -0.00750811, 0.000915236, 0.00496508, -0.0322464, 0.0114969, -0.0175212, 0.00171087, -0.0394452, -0.0234662, -0.00851474, 0.0397864, 0.0146511, 0.585898, 0.0039883, -0.0532483, -0.0292253, -0.00900652, -0.0356637, 0.0294031, -0.0265467, -0.0433722, 0.0189345, 0.0157171, -0.0339448, 0.0235912, 0.0304325, 0.00680642, -0.0367348, 0.0462263, -0.0964517, 0.0616347, -0.0161599
# -0.000774451, -0.00257145, -0.000261634, 0.000624906, -0.00165192, 0.000406315, -0.000410422, 0.0013169, 0.00291823, -0.000683713, -0.00528679, -0.0409584, 0.0713871, -0.00492396, 0.00517819, -0.00835188, 0.0139986, -0.00834604, -0.00349952, -0.0785775, 0.0223854, -0.0176481, -0.00953658, -0.00838085, 0.0164802, 0.0109518, 0.0438638, -0.0111552, 0.00764652, -0.00572144, 0.00645982, 0.0277524, 0.00428416, 0.0154639, 0.047833, -0.0198918, -0.0119892, -0.00298048, 0.0565871, 0.00861214, 0.066502, -0.0151089, 0.00760375, 0.0039883, 0.477323, -0.0455947, 0.0836432, 0.0102216, 0.00690841, -0.0668942, 0.0223545, -0.051641, -0.0502292, -0.0412807, -0.00886959, 0.0039967, -0.0164325, -0.0251553, -0.0216487, -0.0664187, 0.0529943, 0.0276453, 0.00371053
# -0.000608561, -0.00294556, -0.00090241, 0.000799586, 0.000193273, 0.00345966, 0.0008579, -0.000323739, -0.00249948, -0.00303728, 0.000676315, -0.0289008, 0.113778, 0.0276605, 0.0054587, 0.012513, 0.0276447, -0.0144051, 0.00581398, 0.00857113, -0.0903407, 0.00443128, 0.0135187, -0.0161566, -0.0103485, -0.0096001, 0.0017602, -0.00620006, -0.0120906, -0.00972108, 0.00119384, 0.0308348, 0.00190542, 0.00702891, 0.0423954, 0.00249138, 0.00441307, 0.000285085, -0.0107138, 0.00528724, -0.00505346, -0.0180687, -0.0234909, -0.0532483, -0.0455947, 0.511739, 0.0235649, 0.00408209, 0.0577823, 0.060815, -0.0414656, 0.0105909, -0.0316588, -0.0254328, -0.0103292, 0.0930888, -0.0392559, -0.020482, 0.0141387, 0.00582611, 0.00469842, -0.0989961, -0.00418533
# -0.00112271, -0.00166059, -0.000666016, -0.0012509, 0.00151276, -5.19077e-06, -0.0020727, 0.00117723, 6.51083e-05, -0.00252692, -0.00771515, -0.0726192, 0.209173, 0.010024, 0.0123026, -0.0024878, 0.00250538, 0.00291584, -0.0138079, -0.004243, 0.00332141, -0.0935606, -0.00361506, -0.00224261, 0.00610804, -0.00201136, 0.0374963, -0.0250857, 0.00959802, -0.0243123, -0.008007, 0.060401, 0.00138664, 0.0175413, 0.0722715, 0.0101813, 0.00729885, 0.0116251, 0.0844836, -0.0149744, 0.104241, -0.0154078, -0.117422, -0.0292253, 0.0836432, 0.0235649, 0.637871, 0.0102231, 0.0684371, 0.0124133, 0.0169415, -0.00485101, 0.0199359, -0.0601631, 0.0883828, 0.069697, -0.0540695, -0.0581864, 0.04107, -0.0300136, -0.0380584, -0.104389, 0.00829965
# -9.06129e-05, -0.00130078, 0.0015057, -0.0016435, -0.00062484, 0.000844415, 0.00194647, 0.000734714, 0.000708896, 0.000131681, 0.0104774, -0.0211395, -0.0339223, 0.0098985, -0.011871, 0.0146522, -0.0050853, -0.0164801, -0.000643531, 0.00266469, 0.00876716, 0.00833506, -0.115467, 0.00296723, 0.0135103, 0.0104242, 0.0027579, 0.026027, 0.0222046, 0.00722652, 0.0160725, -0.000285527, 0.00227796, 0.0266239, 0.0201647, 0.00389694, 0.0195844, 0.00116652, 0.00205116, -0.0395787, 0.028912, 0.0219995, 0.0503909, -0.00900652, 0.0102216, 0.00408209, 0.0102231, 0.590261, 0.00365763, 0.00208701, -0.0507982, 0.0138429, -0.0145895, -0.00239114, 0.0178013, -0.02016, 0.00138732, 0.0239435, -0.0911626, -0.0150807, 0.0178102, -0.00556038, -0.00814239
# -0.000868942, -0.00684209, -0.00454464, 0.000623501, 0.00140156, 0.00150545, -0.000776498, 0.00141046, -0.00313305, 0.000193361, -0.000151834, -0.018057, 0.106944, 0.0126487, 0.00911072, -0.00584598, 0.017791, 0.00194316, 0.0209217, 0.00966191, -0.00347756, 0.0120941, 0.0093009, -0.0893949, 0.022062, -0.00104754, 0.00766921, 0.00666275, 0.00266548, 0.0110645, 0.00349699, 0.0380782, 0.00642639, 0.00327495, 0.0339549, -0.0064545, 0.0012156, 0.00271998, -0.017068, -0.0366076, 0.0128444, 0.00342746, 0.0267293, -0.0356637, 0.00690841, 0.0577823, 0.0684371, 0.00365763, 0.536425, -0.0608291, -0.0350417, 0.0294034, -0.0226615, 0.0253099, -0.00990768, 0.0420415, -0.0424872, -0.0212931, -0.00272598, 0.00822731, 0.0315468, -0.0349896, 0.0547902
