# stan_version_major = 2
# stan_version_minor = 38
# stan_version_patch = 0
# model = survival_model
# start_datetime = 2026-03-12 11:41:29 UTC
# method = sample (Default)
#   sample
#     num_samples = 2000
#     num_warmup = 1000 (Default)
#     save_warmup = false (Default)
#     thin = 1 (Default)
#     adapt
#       engaged = true (Default)
#       gamma = 0.05 (Default)
#       delta = 0.8 (Default)
#       kappa = 0.75 (Default)
#       t0 = 10 (Default)
#       init_buffer = 75 (Default)
#       term_buffer = 50 (Default)
#       window = 25 (Default)
#       save_metric = false (Default)
#     algorithm = hmc (Default)
#       hmc
#         engine = nuts (Default)
#           nuts
#             max_depth = 10 (Default)
#         metric = dense_e
#         metric_file =  (Default)
#         stepsize = 1 (Default)
#         stepsize_jitter = 0 (Default)
#     num_chains = 1 (Default)
# id = 1 (Default)
# data
#   file = /Users/dansprague/Documents/PhaseSkate/benchmarks/scaling/data/data_H25.json
# init = 2 (Default)
# random
#   seed = 44
# output
#   file = /Users/dansprague/Documents/PhaseSkate/benchmarks/scaling/stan_output/output_H25_chain3.csv
#   diagnostic_file =  (Default)
#   refresh = 100 (Default)
#   sig_figs = 8 (Default)
#   profile_file = profile.csv (Default)
#   save_cmdstan_config = false (Default)
# num_threads = 1 (Default)
# stanc_version = stanc3 v2.38.0
# stancflags = 
lp__,accept_stat__,stepsize__,treedepth__,n_leapfrog__,divergent__,energy__,log_alpha,beta_0,beta.1,beta.2,beta.3,beta.4,beta.5,beta.6,beta.7,beta.8,log_sigma_int,log_sigma_slope,rho,z_int.1,z_int.2,z_int.3,z_int.4,z_int.5,z_int.6,z_int.7,z_int.8,z_int.9,z_int.10,z_int.11,z_int.12,z_int.13,z_int.14,z_int.15,z_int.16,z_int.17,z_int.18,z_int.19,z_int.20,z_int.21,z_int.22,z_int.23,z_int.24,z_int.25,z_slope.1,z_slope.2,z_slope.3,z_slope.4,z_slope.5,z_slope.6,z_slope.7,z_slope.8,z_slope.9,z_slope.10,z_slope.11,z_slope.12,z_slope.13,z_slope.14,z_slope.15,z_slope.16,z_slope.17,z_slope.18,z_slope.19,z_slope.20,z_slope.21,z_slope.22,z_slope.23,z_slope.24,z_slope.25
# Adaptation terminated
# Step size = 0.257735
# Elements of inverse mass matrix:
# 0.00104529, -0.000127894, -0.000127441, 0.00017484, -0.000141281, 4.81405e-06, -1.06932e-05, -5.35056e-05, -0.000108697, 4.18482e-05, -0.000262622, 0.00156961, -0.00156261, -0.000376671, -0.000292336, 4.85753e-05, 0.000481346, 0.000642626, 0.000353859, 0.00042927, -4.64071e-05, -0.000604882, -0.00105125, 0.000273568, -0.000284698, -8.6095e-05, -0.000216723, -0.000745061, -0.000159972, 0.000205617, -0.000124976, -0.00181458, -0.000118399, 0.000376197, -0.00163294, 0.00073915, -0.000460798, 0.000420268, -0.00188032, 0.000694167, 0.00171572, 0.00021494, 0.000338753, 0.00248639, 0.000326125, -0.00110632, 0.000166035, -0.000290842, 0.000227278, -0.000155541, 0.00044355, 0.0016459, 0.00234871, -3.93421e-05, -0.00048773, 0.000494256, 0.00450686, 0.000741899, 0.00130193, 0.00201991, 0.000169555, 0.00260369, -0.00173039
# -0.000127894, 0.0138513, -2.73622e-05, -0.000114001, 9.61066e-05, 0.000142811, 2.73662e-05, -6.81961e-05, 0.000159778, -0.000182267, 0.000806388, -0.00658207, 0.00759626, -0.0227434, -0.0204216, -0.022593, -0.0204402, -0.0212163, -0.0201199, -0.022205, -0.0192416, -0.0189008, -0.0208366, -0.0244576, -0.0215931, -0.0215518, -0.0186144, -0.0227671, -0.0204573, -0.0226156, -0.0190428, -0.018001, -0.0182742, -0.0199925, -0.0177462, -0.0261222, -0.0208032, -0.0228738, 0.00410279, -0.00421006, 0.000360256, 0.00150663, -0.00449717, -0.00353368, -0.00160728, -0.00558134, -0.00311876, -0.00160248, -0.00197044, 0.00335988, 0.00195645, -0.00476697, 0.00481767, -0.000437217, -0.00487376, -0.0133713, -0.00248918, -0.00399679, 0.00347585, -0.000480224, -0.000905253, -0.00580721, 0.00209814
# -0.000127441, -2.73622e-05, 0.000858592, -0.000119519, 0.00012626, 1.00534e-05, -0.000105937, -7.118e-05, -8.15028e-06, -6.15138e-05, -0.000332889, 0.00129784, 0.000251633, 0.00104413, 0.000542292, 0.000861496, -0.000558492, -0.000459401, -0.00015559, -6.83894e-05, 0.000329351, -0.00122198, -0.000327575, 0.000903002, 0.00131753, 0.000773993, -0.000325042, -0.00118918, 0.00140646, -6.89796e-05, 0.000474399, -0.000634115, -0.000290386, -0.000903148, -0.00030753, 0.00143393, 0.00114978, 0.00170508, 0.000634412, -0.00142025, -0.000178594, 0.00314446, 0.00176379, 0.000556522, -0.000409924, 0.000116743, -0.000181932, 0.000507517, -0.000465833, -0.000753757, -0.00122664, -0.000112757, 0.00161008, -0.00135026, 0.000869007, -0.000198863, 0.000607087, -0.00203834, 0.000479632, 0.000885953, -0.00167013, -0.00150979, -0.00124066
# 0.00017484, -0.000114001, -0.000119519, 0.000910886, 4.54378e-06, -3.77481e-05, -6.12362e-05, -7.83526e-05, -6.67781e-05, 6.55252e-05, 0.000195133, -0.0010679, -0.00179397, 6.39738e-05, 0.000182858, -0.000504494, -0.000635277, 0.000659003, -0.000598363, -0.000334519, -0.000269669, -0.000504213, -0.000402886, -0.0012915, 3.95279e-05, -6.40625e-05, -0.000376915, -0.00017094, -0.000331936, -0.000523584, 0.00017248, -0.000469413, -0.000646441, 0.0010798, 0.00060438, 0.000182597, 0.000536305, -0.00054151, -0.000868013, 0.00149664, 0.00173785, -8.26789e-05, -0.000642439, 0.00156779, 0.000740681, 0.000843977, 0.000118276, 0.00282242, 0.000208755, -0.00189223, 4.00305e-08, 0.00145689, 0.00114641, -0.000210233, 0.00128564, -0.00152877, 0.000578446, 0.00167044, -0.00223198, -0.00100532, 0.000186081, -0.00038017, 0.00155873
# -0.000141281, 9.61066e-05, 0.00012626, 4.54378e-06, 0.0007839, -1.49384e-05, 1.68122e-06, -6.02113e-05, -7.99186e-07, -6.98093e-05, 0.000136017, 0.000913585, 0.000836671, 0.000718285, 0.000489276, 0.000691286, -0.00046346, -0.00101425, 0.000362925, 0.000335187, 0.000273233, 0.000102529, 5.46113e-05, 0.000815393, 0.000937222, 0.0011395, 0.00106586, -0.000364956, -0.000199486, 0.000318434, 0.000145062, 0.000461171, -0.00060586, 9.96937e-06, -0.000411614, -0.000563767, 0.000824843, 0.000503997, -0.000872868, -0.00279605, -0.000252546, -0.000904311, 0.000315788, -0.001905, -0.000166841, 0.000903215, 0.00120966, -0.000785566, -0.00267561, -0.00170506, -0.00139847, -0.00256354, -0.00131096, 0.000366149, -0.00265284, 0.00167723, -0.000723167, 0.000302738, 0.000348604, 0.0016195, -0.000903561, 0.0003347, -0.0020816
# 4.81405e-06, 0.000142811, 1.00534e-05, -3.77481e-05, -1.49384e-05, 0.000733963, -1.38892e-05, 8.65343e-05, -2.32662e-05, -8.77103e-05, -0.000258592, 0.00109998, -0.00161633, 0.000427219, 0.000767927, -5.22045e-05, 0.000179767, -0.00123476, 0.000209403, -0.000461244, -0.00114764, -0.00134635, -0.000139552, -0.00124097, -0.000146521, -0.000244237, -0.00120901, 0.000421667, 0.000229797, 0.00118233, -0.000177636, -0.000429464, -0.000465671, -0.000440422, -0.000861682, 9.06299e-05, -0.000306087, 0.000315631, -0.0013046, -0.00183274, 0.00109611, 0.000243504, 0.00098915, -0.000330223, -0.00157219, 0.00166992, 0.00148862, -0.000334211, 0.00154084, 0.000139274, 0.000406185, 0.00165463, -0.000868863, 0.00241797, -0.00063982, -0.00187978, -0.000255533, -0.000840475, 8.63918e-06, -0.00177112, 0.00198067, 0.00343685, -0.000381886
# -1.06932e-05, 2.73662e-05, -0.000105937, -6.12362e-05, 1.68122e-06, -1.38892e-05, 0.000825983, -3.23331e-05, -3.26779e-06, 3.84233e-05, 2.79086e-05, 0.000421489, 0.000286012, -0.000140183, 4.91083e-06, 0.000310117, -0.000405834, 0.000757412, 0.00010506, 0.000108994, -0.000231976, 0.00188089, -0.000216436, -0.000985097, 0.000153156, -0.00036469, -0.00052569, 0.000369326, -0.000111706, 0.000593644, -0.000144526, 0.00145127, -0.000542988, -0.000241393, -0.000197008, -0.000420124, 9.53526e-05, -6.44651e-05, 0.000638761, -0.0017488, 0.000258307, 0.000702654, -0.00204329, -0.00063924, 0.000458172, 0.00136543, -0.000103583, 0.000348924, -9.47589e-05, -0.000764925, 0.00190748, 0.000585722, -0.000709374, 0.00048863, -0.000353027, -0.000135194, -0.00125474, 0.00141406, 0.000447608, -0.000489795, 0.00070662, -0.00127809, 0.00152444
# -5.35056e-05, -6.81961e-05, -7.118e-05, -7.83526e-05, -6.02113e-05, 8.65343e-05, -3.23331e-05, 0.000742856, 3.00014e-05, 0.000109158, -0.000427097, -0.00176521, 0.00217304, -9.84164e-06, 0.000251997, -0.000151857, -0.000146411, -8.47512e-05, -0.000354961, -0.000121737, -0.00039652, 0.000104534, 0.000598914, -0.000424057, 0.000583554, -0.000327238, 0.000540659, 0.00120179, 0.000550358, -0.000217422, -0.00104463, -1.75222e-05, -0.000519144, -0.000259622, 0.000922841, 0.000230787, 3.53382e-05, -0.000203678, 0.000627211, -0.00176073, 0.000126196, -0.000797284, -0.00187982, 0.00153738, 0.000479593, 0.00156938, -0.000137174, -0.00132211, 0.00262399, -0.000928922, 0.000777759, -0.00122087, -0.00219322, 0.00048171, 9.36313e-05, 0.000696433, -9.7789e-05, -3.5006e-05, 0.0017608, -0.00191005, 0.0026437, 0.00097278, 0.000612632
# -0.000108697, 0.000159778, -8.15028e-06, -6.67781e-05, -7.99186e-07, -2.32662e-05, -3.26779e-06, 3.00014e-05, 0.000803105, -1.43948e-05, 0.000208704, 0.000876067, -2.40851e-05, 0.00125652, -0.00128802, 0.000345179, 0.000225046, -0.000825138, 0.000195214, 0.000213144, -0.000367945, -0.000353579, 0.000605257, -0.000735094, 0.000429947, 0.000775447, -0.000921166, -0.000992954, 3.49638e-05, 0.000353256, 0.00051859, -0.00017398, -0.000537208, 0.000205626, 0.000173307, -0.000806591, -0.00057729, -0.000584187, -0.000691221, 0.00148096, 0.000471808, 0.000409045, 0.000771606, 2.43451e-05, -0.000568663, -0.000584, 0.000565401, 0.000433063, 0.00106456, 0.000876779, -0.00104068, 0.000403107, -0.000141291, 0.000547261, -0.000923311, 0.000837104, 0.000807106, -0.000310211, -0.000548929, 0.000184202, 0.000194669, 0.000569561, -0.000672489
# 4.18482e-05, -0.000182267, -6.15138e-05, 6.55252e-05, -6.98093e-05, -8.77103e-05, 3.84233e-05, 0.000109158, -1.43948e-05, 0.00088699, -0.0003998, -6.24265e-05, 0.00255618, 0.000220488, 3.4448e-06, -0.000297495, -6.46481e-05, 0.0014737, -0.000213977, 0.00054047, -6.15811e-05, 0.000533624, 0.000269005, -6.85092e-05, -0.000845512, -0.000622964, -0.000304341, 0.00156608, 0.000971956, -0.000413405, -5.595e-05, -0.000281685, -0.000173434, 0.000506445, 0.000426806, 0.000171992, 7.92637e-05, -0.000448377, 0.000880725, 0.00191081, -0.000496875, -0.000655831, -0.00190878, 0.00174183, 3.33723e-05, -5.07756e-05, 0.000705123, -0.000292971, 0.00211813, -1.62442e-05, 0.00163011, -0.00174488, -0.00284469, -0.00201999, 0.00130147, 0.000697561, 0.000200702, 0.00112598, -0.000784274, -0.00219219, 0.000278253, 0.000568576, 0.000459373
# -0.000262622, 0.000806388, -0.000332889, 0.000195133, 0.000136017, -0.000258592, 2.79086e-05, -0.000427097, 0.000208704, -0.0003998, 0.0291448, 0.000732089, -0.0333308, 0.00253584, -0.0162815, 0.00652675, 0.000525126, -0.021501, -0.0144333, 0.0170935, 0.0237031, 0.0428708, 0.00303132, 0.0040984, -0.0098809, -0.00472052, -0.00550814, -0.0100623, -0.0367285, -0.00733728, 0.0216398, -0.0115214, 0.00814375, 0.0218577, 0.0215652, -0.021121, -0.0393246, -0.00127537, -0.0105696, 0.00894716, -0.00740669, 0.00400489, -0.00641685, -0.00344242, -0.00828855, 0.000814774, -0.00703297, 0.00748507, -0.00791315, 0.00925501, 0.00421221, 0.00527316, -0.00702616, 0.00168493, 0.00213111, -0.00649432, 0.0123145, -0.00525297, -0.00866421, 0.0119218, -0.0121988, -0.00520809, -0.00165374
# 0.00156961, -0.00658207, 0.00129784, -0.0010679, 0.000913585, 0.00109998, 0.000421489, -0.00176521, 0.000876067, -6.24265e-05, 0.000732089, 0.19106, -0.0825174, 0.0304791, 0.00716184, 0.0304668, 0.0196807, -0.0185349, 0.0236423, 0.0338272, 0.00667598, 0.0304984, 0.00348292, 0.0390871, 0.0172189, 0.0199564, -0.0473743, 0.0179999, 0.0105803, 0.0494969, 0.0333563, -0.0509042, 0.00735615, 0.0130347, -0.0772126, 0.0439406, -0.0354083, 0.0329436, -0.0115453, 0.0381559, -0.0131007, -0.00409893, 0.0578192, -0.0224392, -0.0231646, -0.0175217, -0.0231191, 0.00185073, -0.0682961, 0.012962, 0.00589216, 0.0585057, -0.0214508, 0.00890411, -0.0522014, -0.0287152, 0.119728, -0.0251058, -0.0217409, 0.0763634, -0.0338829, 0.111194, -0.0273397
# -0.00156261, 0.00759626, 0.000251633, -0.00179397, 0.000836671, -0.00161633, 0.000286012, 0.00217304, -2.40851e-05, 0.00255618, -0.0333308, -0.0825174, 0.459069, -0.0198351, 0.00144273, -0.0426939, -0.0181856, -0.00210149, -0.00526895, -0.0376061, -0.0184473, -0.0400566, 0.00184203, -0.0397567, -0.00284038, -0.00807809, 0.0463012, -0.0318891, 0.0112622, -0.0528407, -0.0292586, 0.0471336, -0.0165499, -0.0241284, 0.0522942, -0.0285027, 0.00407229, -0.0132465, 0.0574028, -0.0733245, 0.043022, 0.0265452, -0.06401, -0.00295037, 0.0646725, 0.0787808, 0.190554, 0.00152336, 0.0932073, -0.0360773, -0.00444252, -0.0812073, -0.0268243, -0.0441245, 0.0719574, 0.0983938, -0.0906449, 0.0397109, 0.101667, 0.0129669, -0.0418237, -0.150056, -0.00561197
# -0.000376671, -0.0227434, 0.00104413, 6.39738e-05, 0.000718285, 0.000427219, -0.000140183, -9.84164e-06, 0.00125652, 0.000220488, 0.00253584, 0.0304791, -0.0198351, 0.11503, 0.0256789, 0.0412824, 0.0266028, 0.0265542, 0.0343299, 0.0358786, 0.0373091, 0.0385931, 0.0442062, 0.045423, 0.0443193, 0.0460424, 0.0292976, 0.0386682, 0.0330555, 0.0383416, 0.0347413, 0.0241327, 0.0276943, 0.036485, 0.0416518, 0.0515603, 0.026206, 0.0495147, -0.0643284, 0.0148845, -0.0020686, 0.0274264, 0.0200354, 0.00747539, 0.0195833, 0.0160382, 0.0118604, 0.00372063, -0.0108334, -0.0113383, -0.0327157, 0.0114418, -0.0169192, 0.00402128, 0.00107823, 0.0435175, 0.0254285, 0.0132218, 0.00817322, -0.0109851, -0.014436, 0.0179229, -0.0412219
# -0.000292336, -0.0204216, 0.000542292, 0.000182858, 0.000489276, 0.000767927, 4.91083e-06, 0.000251997, -0.00128802, 3.4448e-06, -0.0162815, 0.00716184, 0.00144273, 0.0256789, 0.147745, 0.0296574, 0.035762, 0.0459749, 0.0466331, 0.0194444, 0.0176997, 0.00609962, 0.0252984, 0.0335782, 0.0369082, 0.0359225, 0.0283043, 0.0382592, 0.0488162, 0.0452363, 0.0229665, 0.0396074, 0.0209599, 0.0113837, 0.0135446, 0.0477933, 0.0496703, 0.032623, -0.00259132, -0.117625, 0.0262851, -0.019134, 0.01674, -0.0139119, 0.0109659, -0.00396256, -0.0021439, 0.00412979, 0.000363093, -0.0122683, -0.00593581, 0.00110817, -0.00448583, -0.00314185, 0.00133329, 0.0158891, -0.0220445, 0.0250345, -0.00455577, -0.00613049, 0.014424, 0.0316236, 0.00243417
# 4.85753e-05, -0.022593, 0.000861496, -0.000504494, 0.000691286, -5.22045e-05, 0.000310117, -0.000151857, 0.000345179, -0.000297495, 0.00652675, 0.0304668, -0.0426939, 0.0412824, 0.0296574, 0.108523, 0.0382886, 0.0273645, 0.0292292, 0.0446914, 0.0316352, 0.0450394, 0.039935, 0.041453, 0.0392542, 0.0366123, 0.019566, 0.0292479, 0.0297598, 0.037471, 0.0371398, 0.0275212, 0.0345609, 0.0358403, 0.0259368, 0.042239, 0.0271869, 0.0430342, -0.00409539, -0.00442235, -0.0591369, -0.00812824, 8.25268e-05, 0.0203852, -0.0113082, 0.00832251, -0.0107068, 0.00343379, 0.00737895, -0.00115146, -0.00488934, 0.00943883, 0.0109266, 0.00438137, -0.000759415, 0.0250941, 0.0368031, -0.00988756, 0.000870256, 0.0161577, 0.0112486, 0.0090037, -0.0351693
# 0.000481346, -0.0204402, -0.000558492, -0.000635277, -0.00046346, 0.000179767, -0.000405834, -0.000146411, 0.000225046, -6.46481e-05, 0.000525126, 0.0196807, -0.0181856, 0.0266028, 0.035762, 0.0382886, 0.0942926, 0.0306814, 0.031384, 0.0397846, 0.0302772, 0.0327662, 0.0323585, 0.0383472, 0.0316075, 0.0354445, 0.0238181, 0.0404893, 0.0291391, 0.0407836, 0.0386572, 0.0264453, 0.0297567, 0.0341628, 0.011319, 0.0305149, 0.0248138, 0.0363575, -0.00406832, 0.00477484, -0.0149865, -0.0982577, 0.0133331, -0.00152485, -0.00863917, 0.00162197, -0.00695916, 0.010614, -0.00293136, -0.000582379, -0.0118044, 0.0197502, -0.00302987, 0.0100257, -0.00625892, 0.0144127, 0.0101103, -0.00571928, -0.0134732, 0.03027, 0.0104621, 0.00294794, -0.00662069
# 0.000642626, -0.0212163, -0.000459401, 0.000659003, -0.00101425, -0.00123476, 0.000757412, -8.47512e-05, -0.000825138, 0.0014737, -0.021501, -0.0185349, -0.00210149, 0.0265542, 0.0459749, 0.0273645, 0.0306814, 0.185814, 0.0507827, 0.0163844, 0.0142756, -0.00032502, 0.0261769, 0.0271629, 0.038355, 0.0270569, 0.0311156, 0.0442132, 0.0648549, 0.0441729, 0.0134442, 0.030791, 0.0220404, 0.0209916, 0.0216423, 0.045466, 0.0747223, 0.0210258, 0.0175602, 0.00859983, -0.0116819, -0.00942788, -0.148364, -0.013961, 0.0240964, -0.0102081, -0.0102871, 0.0163706, 0.0188586, -0.0101986, 0.0148207, 0.00136307, 0.00236212, -0.0226787, 0.00854333, 0.048908, -0.0107484, 0.0377091, -0.0186385, -0.00206402, 0.0319525, -0.00845333, 0.031074
# 0.000353859, -0.0201199, -0.00015559, -0.000598363, 0.000362925, 0.000209403, 0.00010506, -0.000354961, 0.000195214, -0.000213977, -0.0144333, 0.0236423, -0.00526895, 0.0343299, 0.0466331, 0.0292292, 0.031384, 0.0507827, 0.128403, 0.0336581, 0.0143866, 0.0120159, 0.0262315, 0.0354352, 0.0389553, 0.0416374, 0.0289577, 0.0487207, 0.0413274, 0.042069, 0.0198254, 0.0198495, 0.0261209, 0.0162791, 0.0118206, 0.0555531, 0.0493507, 0.0418779, -0.01325, -0.0189619, 0.00144703, -0.0154879, -0.0139951, -0.131039, 0.00782763, 0.00121872, 0.00300367, -0.00695204, 0.00649273, -0.00597913, -0.0252163, 0.00522791, -0.0300241, 0.00816026, 0.00621959, 0.0305926, -0.00233487, -0.00277666, 0.00666078, -0.0165207, -0.0029102, 0.0114843, -0.00624041
# 0.00042927, -0.022205, -6.83894e-05, -0.000334519, 0.000335187, -0.000461244, 0.000108994, -0.000121737, 0.000213144, 0.00054047, 0.0170935, 0.0338272, -0.0376061, 0.0358786, 0.0194444, 0.0446914, 0.0397846, 0.0163844, 0.0336581, 0.120501, 0.0493517, 0.0637144, 0.037463, 0.0442749, 0.0282339, 0.0343145, 0.0195038, 0.0345434, 0.0160416, 0.0420245, 0.0466204, 0.00896134, 0.0343047, 0.0508856, 0.0257532, 0.0380434, 0.0114682, 0.0429505, -0.00722577, 0.0126644, 0.00296521, -0.00416746, -0.00140942, -0.0105263, -0.106529, 0.0108772, -0.00588167, -0.0163663, 0.00784952, 0.0174337, 0.010637, 0.0239832, -0.0294251, -0.00760203, 0.0142744, 0.0114518, 0.0208911, -0.0125675, -0.00967364, 0.0257668, -0.0334864, 0.0142003, -0.013347
# -4.64071e-05, -0.0192416, 0.000329351, -0.000269669, 0.000273233, -0.00114764, -0.000231976, -0.00039652, -0.000367945, -6.15811e-05, 0.0237031, 0.00667598, -0.0184473, 0.0373091, 0.0176997, 0.0316352, 0.0302772, 0.0142756, 0.0143866, 0.0493517, 0.121818, 0.0691811, 0.032694, 0.041822, 0.0255463, 0.0292423, 0.0313347, 0.0267482, 0.00987065, 0.0264759, 0.0439429, 0.0101592, 0.0335005, 0.0519532, 0.0447812, 0.0212318, -0.0101428, 0.0189622, -0.00591328, 0.0008597, 0.00531404, -0.00188213, -0.014978, 0.00038444, 0.000176568, -0.0970594, 0.0024071, 0.0174719, -0.0104962, 0.017217, -0.00266118, 0.000157181, -0.00414799, -0.021722, 0.0098642, 0.0378987, 0.0129522, 0.00625339, 0.00469249, 0.030261, -0.00553236, 0.0148902, 0.0133602
# -0.000604882, -0.0189008, -0.00122198, -0.000504213, 0.000102529, -0.00134635, 0.00188089, 0.000104534, -0.000353579, 0.000533624, 0.0428708, 0.0304984, -0.0400566, 0.0385931, 0.00609962, 0.0450394, 0.0327662, -0.00032502, 0.0120159, 0.0637144, 0.0691811, 0.158497, 0.0389412, 0.0490633, 0.0138768, 0.0218551, 0.0113858, 0.014067, -0.0241842, 0.0249718, 0.0606272, -0.00199723, 0.0463514, 0.0644645, 0.0448729, 0.00839128, -0.035262, 0.0344883, -0.0162188, 0.00722621, -0.0111712, -0.00542749, -0.0125644, -0.00670684, -0.00674092, 0.0233285, -0.0686152, 0.00666058, -0.0331454, 0.0325467, 0.00904604, 0.0225671, -0.0248812, 0.0074432, 0.00665256, 0.00914216, 0.0489552, -0.00510297, -0.0111238, 0.0506621, -0.0245876, -0.000787039, -0.0140835
# -0.00105125, -0.0208366, -0.000327575, -0.000402886, 5.46113e-05, -0.000139552, -0.000216436, 0.000598914, 0.000605257, 0.000269005, 0.00303132, 0.00348292, 0.00184203, 0.0442062, 0.0252984, 0.039935, 0.0323585, 0.0261769, 0.0262315, 0.037463, 0.032694, 0.0389412, 0.116577, 0.042115, 0.0380491, 0.0367633, 0.040459, 0.038546, 0.0259843, 0.0399597, 0.0314197, 0.0350079, 0.036989, 0.0364094, 0.0543522, 0.0355216, 0.0344763, 0.0382505, 0.00829902, 0.0228921, 0.00475542, 0.0187142, 0.0134959, 0.0179835, 0.0186441, 0.0320963, 0.0038852, -0.117845, 0.0111275, 0.00785109, -0.0140841, 0.000248379, -0.0159717, 0.0118859, -0.00704985, 0.0317499, 0.00534373, 0.00280116, -0.0195398, -0.0248479, 0.00470805, -0.014773, -0.0127666
# 0.000273568, -0.0244576, 0.000903002, -0.0012915, 0.000815393, -0.00124097, -0.000985097, -0.000424057, -0.000735094, -6.85092e-05, 0.0040984, 0.0390871, -0.0397567, 0.045423, 0.0335782, 0.041453, 0.0383472, 0.0271629, 0.0354352, 0.0442749, 0.041822, 0.0490633, 0.042115, 0.112754, 0.0373806, 0.0463991, 0.0334924, 0.0478477, 0.0269478, 0.0399665, 0.0444936, 0.0173391, 0.0364165, 0.0404606, 0.0193272, 0.048391, 0.0235238, 0.0438493, -0.00419839, -0.00288998, -0.00555795, 0.000200364, 0.0374466, 0.00358375, 0.00300548, 0.00947424, -0.00677782, -0.0256757, -0.0827193, -0.00496009, -0.00618144, 0.00965917, -0.0332586, 0.00423902, -0.00270929, 0.0121988, 0.0280212, 0.00578456, -0.00769438, 0.0196585, -0.00225363, 0.0198453, -0.0291679
# -0.000284698, -0.0215931, 0.00131753, 3.95279e-05, 0.000937222, -0.000146521, 0.000153156, 0.000583554, 0.000429947, -0.000845512, -0.0098809, 0.0172189, -0.00284038, 0.0443193, 0.0369082, 0.0392542, 0.0316075, 0.038355, 0.0389553, 0.0282339, 0.0255463, 0.0138768, 0.0380491, 0.0373806, 0.130232, 0.0399556, 0.0234469, 0.0434217, 0.0402221, 0.0398805, 0.0248257, 0.0379244, 0.0154741, 0.0286408, 0.0278584, 0.0570647, 0.0504532, 0.03726, -0.0141933, -0.00111232, -0.0156846, 0.0164677, -0.000448497, 0.00415459, -0.00420714, -0.00722204, -0.00197242, -0.0172101, -0.00102503, -0.119015, -0.0339213, 0.018818, -0.0221172, 0.0140668, -0.00362457, 0.0334215, -0.0133462, 0.00662275, -0.00436141, -0.0185576, 0.00327034, -0.000226194, -0.0113107
# -8.6095e-05, -0.0215518, 0.000773993, -6.40625e-05, 0.0011395, -0.000244237, -0.00036469, -0.000327238, 0.000775447, -0.000622964, -0.00472052, 0.0199564, -0.00807809, 0.0460424, 0.0359225, 0.0366123, 0.0354445, 0.0270569, 0.0416374, 0.0343145, 0.0292423, 0.0218551, 0.0367633, 0.0463991, 0.0399556, 0.122684, 0.0369535, 0.0464729, 0.0368915, 0.0487983, 0.03541, 0.0276268, 0.0236383, 0.0308169, 0.0274923, 0.0432671, 0.0425455, 0.035607, -0.00463879, 0.00407723, 0.00651505, 0.00803585, 0.0137423, 0.00196085, 0.00149229, 0.0272911, -0.00532311, -0.00526888, 0.0027028, -0.00861113, -0.103718, 0.0183942, -0.0243975, 0.0120556, -0.00613705, 0.0172617, 0.0145012, -0.0119046, -0.00714287, -0.00325779, 0.0169463, 0.0107391, -0.0124212
# -0.000216723, -0.0186144, -0.000325042, -0.000376915, 0.00106586, -0.00120901, -0.00052569, 0.000540659, -0.000921166, -0.000304341, -0.00550814, -0.0473743, 0.0463012, 0.0292976, 0.0283043, 0.019566, 0.0238181, 0.0311156, 0.0289577, 0.0195038, 0.0313347, 0.0113858, 0.040459, 0.0334924, 0.0234469, 0.0369535, 0.13287, 0.0355048, 0.0304405, 0.0195607, 0.022149, 0.0471532, 0.0290476, 0.0257298, 0.0507805, 0.0273849, 0.0533034, 0.0258943, 0.0206894, 0.00169711, 0.00722187, 0.0112188, 0.00325346, 0.00791923, 0.0198685, 0.00298106, 0.0287669, -0.0157164, 0.0139359, 0.0077816, -0.0202945, -0.132135, -0.0117874, -0.00439793, -0.00170092, 0.0310388, -0.0484005, 0.0204158, 0.0118683, -0.000286698, 0.00593513, -0.0435558, -0.00156553
# -0.000745061, -0.0227671, -0.00118918, -0.00017094, -0.000364956, 0.000421667, 0.000369326, 0.00120179, -0.000992954, 0.00156608, -0.0100623, 0.0179999, -0.0318891, 0.0386682, 0.0382592, 0.0292479, 0.0404893, 0.0442132, 0.0487207, 0.0345434, 0.0267482, 0.014067, 0.038546, 0.0478477, 0.0434217, 0.0464729, 0.0355048, 0.175563, 0.0467576, 0.0494324, 0.0279719, 0.0293289, 0.030266, 0.0228617, 0.0139208, 0.0579683, 0.0458213, 0.0364027, -0.0179984, 0.00409082, -0.0135447, -0.00690026, -0.02092, -0.00469148, 0.000345772, 0.00427131, -0.00106971, 0.00368007, 0.00234486, -0.022279, -0.00435612, -0.011298, -0.181793, 0.016355, -0.00151938, 0.00118968, -0.00516136, 0.00135244, -0.0220795, -0.0218512, 0.0102833, 0.01781, 0.0167445
# -0.000159972, -0.0204573, 0.00140646, -0.000331936, -0.000199486, 0.000229797, -0.000111706, 0.000550358, 3.49638e-05, 0.000971956, -0.0367285, 0.0105803, 0.0112622, 0.0330555, 0.0488162, 0.0297598, 0.0291391, 0.0648549, 0.0413274, 0.0160416, 0.00987065, -0.0241842, 0.0259843, 0.0269478, 0.0402221, 0.0368915, 0.0304405, 0.0467576, 0.163529, 0.0354099, -0.00603976, 0.0327206, 0.0230027, 0.00271992, -0.00766039, 0.0626254, 0.0792881, 0.0211705, 0.000889, -0.0046096, 0.00389516, -0.00275634, 0.0187097, 0.00709523, 0.00548847, -0.0215541, -0.00874852, -0.00811339, 0.000427944, 0.00223192, -0.0220898, 0.000645289, 0.00389296, -0.0569618, 0.019249, 0.0263031, 0.00925252, 0.00773459, -0.00480644, -0.00314498, 0.0270419, 0.0266555, 0.0167236
# 0.000205617, -0.0226156, -6.89796e-05, -0.000523584, 0.000318434, 0.00118233, 0.000593644, -0.000217422, 0.000353256, -0.000413405, -0.00733728, 0.0494969, -0.0528407, 0.0383416, 0.0452363, 0.037471, 0.0407836, 0.0441729, 0.042069, 0.0420245, 0.0264759, 0.0249718, 0.0399597, 0.0399665, 0.0398805, 0.0487983, 0.0195607, 0.0494324, 0.0354099, 0.13908, 0.0384586, 0.023671, 0.0234863, 0.0366002, 0.000577731, 0.0559591, 0.039208, 0.0498701, 0.00992989, 0.027792, -0.0104988, -0.00778036, 0.0128536, -0.0037414, -0.0110768, -0.00604413, -0.00374633, -0.00451822, -0.0174523, 0.00545647, 0.00148621, 0.0114922, -0.0178257, 0.024637, -0.118417, -0.0016679, 0.0244623, 0.00760614, -0.0380159, 0.0169373, 0.0179893, 0.0632038, -0.0210149
# -0.000124976, -0.0190428, 0.000474399, 0.00017248, 0.000145062, -0.000177636, -0.000144526, -0.00104463, 0.00051859, -5.595e-05, 0.0216398, 0.0333563, -0.0292586, 0.0347413, 0.0229665, 0.0371398, 0.0386572, 0.0134442, 0.0198254, 0.0466204, 0.0439429, 0.0606272, 0.0314197, 0.0444936, 0.0248257, 0.03541, 0.022149, 0.0279719, -0.00603976, 0.0384586, 0.108584, 0.00795063, 0.0261827, 0.0459062, 0.0344777, 0.0187131, -0.0115781, 0.0332921, -0.00729554, 0.0154582, -0.00985116, -0.00669929, 0.0136154, -0.00770685, -0.00270272, 0.0164671, 0.00582107, 0.0103698, -0.0144501, 0.0028839, 0.000588554, 0.0214834, -0.0244096, 0.0272751, -0.0100317, -0.0733701, 0.0318263, 0.0199795, -0.0234491, 0.0222574, -0.0103552, 0.0166169, 0.00813238
# -0.00181458, -0.018001, -0.000634115, -0.000469413, 0.000461171, -0.000429464, 0.00145127, -1.75222e-05, -0.00017398, -0.000281685, -0.0115214, -0.0509042, 0.0471336, 0.0241327, 0.0396074, 0.0275212, 0.0264453, 0.030791, 0.0198495, 0.00896134, 0.0101592, -0.00199723, 0.0350079, 0.0173391, 0.0379244, 0.0276268, 0.0471532, 0.0293289, 0.0327206, 0.023671, 0.00795063, 0.164922, 0.0237359, 0.01211, 0.0420259, 0.0208315, 0.0769392, 0.0225642, 0.00131817, -0.0102125, -0.00639779, -0.0126013, 0.0130808, 0.0260823, 0.0165135, 0.0234754, 0.0346043, -0.000407552, 0.0343277, -0.0406612, -0.0172518, -0.0361803, 0.00677806, -0.00145981, 0.0363619, 0.0653534, -0.173796, 0.0130163, 0.00951387, -0.0185975, 0.0221752, -0.0458063, -0.00349624
# -0.000118399, -0.0182742, -0.000290386, -0.000646441, -0.00060586, -0.000465671, -0.000542988, -0.000519144, -0.000537208, -0.000173434, 0.00814375, 0.00735615, -0.0165499, 0.0276943, 0.0209599, 0.0345609, 0.0297567, 0.0220404, 0.0261209, 0.0343047, 0.0335005, 0.0463514, 0.036989, 0.0364165, 0.0154741, 0.0236383, 0.0290476, 0.030266, 0.0230027, 0.0234863, 0.0261827, 0.0237359, 0.114414, 0.0319585, 0.0304141, 0.0263326, 0.00595646, 0.0228568, 1.24307e-05, 0.0325464, -0.000269805, 0.00554262, 0.012719, 0.0112701, 0.0217044, 0.0118995, -0.00677569, -0.0107021, 3.20123e-05, 0.0233862, 0.0170679, 0.0112974, -0.0105599, 0.0234829, 0.00740381, 0.0201934, 0.00795035, -0.0978754, -0.00359301, -0.00353274, 0.0258446, 0.0195573, 0.0266808
# 0.000376197, -0.0199925, -0.000903148, 0.0010798, 9.96937e-06, -0.000440422, -0.000241393, -0.000259622, 0.000205626, 0.000506445, 0.0218577, 0.0130347, -0.0241284, 0.036485, 0.0113837, 0.0358403, 0.0341628, 0.0209916, 0.0162791, 0.0508856, 0.0519532, 0.0644645, 0.0364094, 0.0404606, 0.0286408, 0.0308169, 0.0257298, 0.0228617, 0.00271992, 0.0366002, 0.0459062, 0.01211, 0.0319585, 0.109927, 0.0478093, 0.030112, 0.00310496, 0.0375632, 0.00584509, 0.0220929, 0.000793015, -0.00357742, 0.00271226, -0.000412406, -0.0102244, 0.00979253, 0.0118005, -0.00683288, 0.00369491, -0.00625471, -0.00632039, 0.0130762, -0.023008, -0.0144209, -0.00593444, 0.025848, 0.033865, 0.0238577, -0.102913, 0.0242453, -0.0116607, 0.00502893, -0.0163442
# -0.00163294, -0.0177462, -0.00030753, 0.00060438, -0.000411614, -0.000861682, -0.000197008, 0.000922841, 0.000173307, 0.000426806, 0.0215652, -0.0772126, 0.0522942, 0.0416518, 0.0135446, 0.0259368, 0.011319, 0.0216423, 0.0118206, 0.0257532, 0.0447812, 0.0448729, 0.0543522, 0.0193272, 0.0278584, 0.0274923, 0.0507805, 0.0139208, -0.00766039, 0.000577731, 0.0344777, 0.0420259, 0.0304141, 0.0478093, 0.197348, -0.00610583, 0.0151324, 0.0160518, 0.0134027, 0.00417609, 0.013132, 0.0199546, -0.0133689, 0.00267698, 0.0156242, 0.0329694, 0.0529521, -0.0368541, 0.044914, -0.0262889, -0.0173865, -0.0207516, -0.0109226, -0.0104834, 0.0424899, 0.0427143, -0.0356297, 0.0183373, 0.00768709, -0.174409, 0.00632285, -0.0835823, 0.0212219
# 0.00073915, -0.0261222, 0.00143393, 0.000182597, -0.000563767, 9.06299e-05, -0.000420124, 0.000230787, -0.000806591, 0.000171992, -0.021121, 0.0439406, -0.0285027, 0.0515603, 0.0477933, 0.042239, 0.0305149, 0.045466, 0.0555531, 0.0380434, 0.0212318, 0.00839128, 0.0355216, 0.048391, 0.0570647, 0.0432671, 0.0273849, 0.0579683, 0.0626254, 0.0559591, 0.0187131, 0.0208315, 0.0263326, 0.030112, -0.00610583, 0.144639, 0.0634509, 0.0511311, -0.00106029, 0.0223877, 0.00771756, 0.0244051, 0.0147137, -0.00562491, -0.00282137, -0.00358383, 0.00888238, 0.0108136, -0.00111231, -0.0159454, -0.00671279, 0.00757374, -0.0249604, -0.00689697, 0.0120669, 0.0179649, 0.0317668, -0.0035142, -0.00345774, 0.0159312, -0.0834965, 0.0298353, -0.0352276
# -0.000460798, -0.0208032, 0.00114978, 0.000536305, 0.000824843, -0.000306087, 9.53526e-05, 3.53382e-05, -0.00057729, 7.92637e-05, -0.0393246, -0.0354083, 0.00407229, 0.026206, 0.0496703, 0.0271869, 0.0248138, 0.0747223, 0.0493507, 0.0114682, -0.0101428, -0.035262, 0.0344763, 0.0235238, 0.0504532, 0.0425455, 0.0533034, 0.0458213, 0.0792881, 0.039208, -0.0115781, 0.0769392, 0.00595646, 0.00310496, 0.0151324, 0.0634509, 0.261575, 0.0434226, 0.00859913, 0.0189779, 0.00765946, 0.000154128, -0.00274658, 0.0134509, -0.02737, 0.0117323, -0.00248373, -0.0266305, 0.0277444, -0.0314346, -0.0344557, -0.0217249, 0.00899579, -0.00613951, 0.035324, 0.0545679, -0.0514822, 0.0258846, -0.0187216, -0.0146703, 0.0163968, -0.143157, -0.0234806
# 0.000420268, -0.0228738, 0.00170508, -0.00054151, 0.000503997, 0.000315631, -6.44651e-05, -0.000203678, -0.000584187, -0.000448377, -0.00127537, 0.0329436, -0.0132465, 0.0495147, 0.032623, 0.0430342, 0.0363575, 0.0210258, 0.0418779, 0.0429505, 0.0189622, 0.0344883, 0.0382505, 0.0438493, 0.03726, 0.035607, 0.0258943, 0.0364027, 0.0211705, 0.0498701, 0.0332921, 0.0225642, 0.0228568, 0.0375632, 0.0160518, 0.0511311, 0.0434226, 0.130174, -0.0270376, 0.00477191, -0.00859661, 0.00102744, 0.021932, -0.00686253, -0.0130768, 0.0476031, 0.00935301, -0.00809169, 0.013538, -0.00920117, -0.00950103, 0.0220795, -0.0218635, 0.0135978, -0.00207436, 0.0278763, 0.0222368, 0.0233101, -0.0289276, 0.031547, -0.0308756, 0.00693978, -0.108698
# -0.00188032, 0.00410279, 0.000634412, -0.000868013, -0.000872868, -0.0013046, 0.000638761, 0.000627211, -0.000691221, 0.000880725, -0.0105696, -0.0115453, 0.0574028, -0.0643284, -0.00259132, -0.00409539, -0.00406832, 0.0175602, -0.01325, -0.00722577, -0.00591328, -0.0162188, 0.00829902, -0.00419839, -0.0141933, -0.00463879, 0.0206894, -0.0179984, 0.000889, 0.00992989, -0.00729554, 0.00131817, 1.24307e-05, 0.00584509, 0.0134027, -0.00106029, 0.00859913, -0.0270376, 0.695822, 0.000422058, 0.0309166, 0.0301052, -0.0243153, 0.0191905, 0.0259645, -0.0184661, 0.00460767, -0.0354928, 1.4528e-05, 0.008903, 0.0688423, 0.00387229, -0.0194578, -0.0450553, -0.0109371, -0.0518974, -0.016887, -0.0234435, 0.00982672, 0.000200218, 0.0242376, 0.0123581, -0.0310162
# 0.000694167, -0.00421006, -0.00142025, 0.00149664, -0.00279605, -0.00183274, -0.0017488, -0.00176073, 0.00148096, 0.00191081, 0.00894716, 0.0381559, -0.0733245, 0.0148845, -0.117625, -0.00442235, 0.00477484, 0.00859983, -0.0189619, 0.0126644, 0.0008597, 0.00722621, 0.0228921, -0.00288998, -0.00111232, 0.00407723, 0.00169711, 0.00409082, -0.0046096, 0.027792, 0.0154582, -0.0102125, 0.0325464, 0.0220929, 0.00417609, 0.0223877, 0.0189779, 0.00477191, 0.000422058, 0.661937, -0.0177752, 0.0531053, -0.0215791, 0.0305913, -0.0184402, -0.00223903, 0.0130696, -0.00899996, -0.00311598, 0.0470303, -0.00689776, -0.0135049, 0.0030542, 0.0554777, 0.0149483, -0.0320336, 0.0237436, -0.0541481, -0.10373, 0.0080251, -0.00681488, -0.0187191, 0.0513184
# 0.00171572, 0.000360256, -0.000178594, 0.00173785, -0.000252546, 0.00109611, 0.000258307, 0.000126196, 0.000471808, -0.000496875, -0.00740669, -0.0131007, 0.043022, -0.0020686, 0.0262851, -0.0591369, -0.0149865, -0.0116819, 0.00144703, 0.00296521, 0.00531404, -0.0111712, 0.00475542, -0.00555795, -0.0156846, 0.00651505, 0.00722187, -0.0135447, 0.00389516, -0.0104988, -0.00985116, -0.00639779, -0.000269805, 0.000793015, 0.013132, 0.00771756, 0.00765946, -0.00859661, 0.0309166, -0.0177752, 0.502122, -0.0145067, 0.0325913, -0.0177392, 0.00556382, -0.00243685, -0.0057317, -0.0224877, -0.0121994, 0.0306328, 0.00487066, 0.0316518, 0.00933971, -0.0234467, 0.0375367, 0.00782039, 0.0345542, 0.000215961, 0.036725, -0.0244814, 0.00469291, -0.0477444, 0.0437047
# 0.00021494, 0.00150663, 0.00314446, -8.26789e-05, -0.000904311, 0.000243504, 0.000702654, -0.000797284, 0.000409045, -0.000655831, 0.00400489, -0.00409893, 0.0265452, 0.0274264, -0.019134, -0.00812824, -0.0982577, -0.00942788, -0.0154879, -0.00416746, -0.00188213, -0.00542749, 0.0187142, 0.000200364, 0.0164677, 0.00803585, 0.0112188, -0.00690026, -0.00275634, -0.00778036, -0.00669929, -0.0126013, 0.00554262, -0.00357742, 0.0199546, 0.0244051, 0.000154128, 0.00102744, 0.0301052, 0.0531053, -0.0145067, 0.569404, -0.0705486, 0.0458961, 0.025875, 0.0211718, 0.0320536, -0.0391636, 0.0523092, -0.0248091, -0.0394407, -0.0143001, -0.0551774, -0.0358947, 0.00787613, 0.0127828, 0.0272746, -0.0104586, 0.0262337, -0.0411825, -0.0497554, -0.0560998, 0.0140333
# 0.000338753, -0.00449717, 0.00176379, -0.000642439, 0.000315788, 0.00098915, -0.00204329, -0.00187982, 0.000771606, -0.00190878, -0.00641685, 0.0578192, -0.06401, 0.0200354, 0.01674, 8.25268e-05, 0.0133331, -0.148364, -0.0139951, -0.00140942, -0.014978, -0.0125644, 0.0134959, 0.0374466, -0.000448497, 0.0137423, 0.00325346, -0.02092, 0.0187097, 0.0128536, 0.0136154, 0.0130808, 0.012719, 0.00271226, -0.0133689, 0.0147137, -0.00274658, 0.021932, -0.0243153, -0.0215791, 0.0325913, -0.0705486, 0.653522, 0.0456206, -0.015203, -0.000502715, -0.0361348, -0.033427, -0.0639095, 0.00409309, -0.0286895, 0.0339733, 0.052398, -0.00314194, 0.0061604, -0.0568608, 0.0496758, -0.0438755, -0.0227349, -0.0164036, -0.0481358, 0.105225, -0.0712233
# 0.00248639, -0.00353368, 0.000556522, 0.00156779, -0.001905, -0.000330223, -0.00063924, 0.00153738, 2.43451e-05, 0.00174183, -0.00344242, -0.0224392, -0.00295037, 0.00747539, -0.0139119, 0.0203852, -0.00152485, -0.013961, -0.131039, -0.0105263, 0.00038444, -0.00670684, 0.0179835, 0.00358375, 0.00415459, 0.00196085, 0.00791923, -0.00469148, 0.00709523, -0.0037414, -0.00770685, 0.0260823, 0.0112701, -0.000412406, 0.00267698, -0.00562491, 0.0134509, -0.00686253, 0.0191905, 0.0305913, -0.0177392, 0.0458961, 0.0456206, 0.65724, -0.0104313, 0.0374131, -0.00200733, -0.0277766, -0.038975, -0.0172994, 0.0388781, 0.0348181, 0.0178114, -0.0114571, -0.0179704, 0.0164742, -0.00597884, -0.0295803, 0.029151, -0.0231248, 0.0489269, -0.00119499, 0.0189716
# 0.000326125, -0.00160728, -0.000409924, 0.000740681, -0.000166841, -0.00157219, 0.000458172, 0.000479593, -0.000568663, 3.33723e-05, -0.00828855, -0.0231646, 0.0646725, 0.0195833, 0.0109659, -0.0113082, -0.00863917, 0.0240964, 0.00782763, -0.106529, 0.000176568, -0.00674092, 0.0186441, 0.00300548, -0.00420714, 0.00149229, 0.0198685, 0.000345772, 0.00548847, -0.0110768, -0.00270272, 0.0165135, 0.0217044, -0.0102244, 0.0156242, -0.00282137, -0.02737, -0.0130768, 0.0259645, -0.0184402, 0.00556382, 0.025875, -0.015203, -0.0104313, 0.531346, 0.0122777, 0.0198083, -0.0150611, -0.0234864, 0.026179, 0.00778322, -0.00128134, 0.0367496, 0.0124673, -0.0343916, -0.0172225, -0.0210438, 0.0102043, 0.0390161, -0.0445668, 0.0205138, -0.0327422, 0.0164769
# -0.00110632, -0.00558134, 0.000116743, 0.000843977, 0.000903215, 0.00166992, 0.00136543, 0.00156938, -0.000584, -5.07756e-05, 0.000814774, -0.0175217, 0.0787808, 0.0160382, -0.00396256, 0.00832251, 0.00162197, -0.0102081, 0.00121872, 0.0108772, -0.0970594, 0.0233285, 0.0320963, 0.00947424, -0.00722204, 0.0272911, 0.00298106, 0.00427131, -0.0215541, -0.00604413, 0.0164671, 0.0234754, 0.0118995, 0.00979253, 0.0329694, -0.00358383, 0.0117323, 0.0476031, -0.0184661, -0.00223903, -0.00243685, 0.0211718, -0.000502715, 0.0374131, 0.0122777, 0.504427, 0.0470738, -0.029234, 0.0518867, -0.0105953, -0.0257929, 0.0398959, -0.0561424, 0.0316205, 0.0102783, -0.0144024, 0.0198257, 0.0147872, 0.00378818, -0.0371065, -0.0216056, -0.0430529, -0.04745
# 0.000166035, -0.00311876, -0.000181932, 0.000118276, 0.00120966, 0.00148862, -0.000103583, -0.000137174, 0.000565401, 0.000705123, -0.00703297, -0.0231191, 0.190554, 0.0118604, -0.0021439, -0.0107068, -0.00695916, -0.0102871, 0.00300367, -0.00588167, 0.0024071, -0.0686152, 0.0038852, -0.00677782, -0.00197242, -0.00532311, 0.0287669, -0.00106971, -0.00874852, -0.00374633, 0.00582107, 0.0346043, -0.00677569, 0.0118005, 0.0529521, 0.00888238, -0.00248373, 0.00935301, 0.00460767, 0.0130696, -0.0057317, 0.0320536, -0.0361348, -0.00200733, 0.0198083, 0.0470738, 0.592427, -0.00723737, 0.0556474, -0.0200109, 0.0209908, -0.0676782, -0.0785529, -0.0593618, 0.00532516, 0.095671, -0.0446529, 0.00775467, 0.03407, 0.00956026, -0.0894858, -0.0165017, -0.034902
# -0.000290842, -0.00160248, 0.000507517, 0.00282242, -0.000785566, -0.000334211, 0.000348924, -0.00132211, 0.000433063, -0.000292971, 0.00748507, 0.00185073, 0.00152336, 0.00372063, 0.00412979, 0.00343379, 0.010614, 0.0163706, -0.00695204, -0.0163663, 0.0174719, 0.00666058, -0.117845, -0.0256757, -0.0172101, -0.00526888, -0.0157164, 0.00368007, -0.00811339, -0.00451822, 0.0103698, -0.000407552, -0.0107021, -0.00683288, -0.0368541, 0.0108136, -0.0266305, -0.00809169, -0.0354928, -0.00899996, -0.0224877, -0.0391636, -0.033427, -0.0277766, -0.0150611, -0.029234, -0.00723737, 0.623486, 0.0402321, -0.0359442, 0.0181865, -0.0505905, -0.0227037, 0.00199329, 0.0200646, -0.0110568, 0.0322985, -0.0339884, 0.0615502, 0.0919777, -0.0321768, -0.0251675, 0.0158422
# 0.000227278, -0.00197044, -0.000465833, 0.000208755, -0.00267561, 0.00154084, -9.47589e-05, 0.00262399, 0.00106456, 0.00211813, -0.00791315, -0.0682961, 0.0932073, -0.0108334, 0.000363093, 0.00737895, -0.00293136, 0.0188586, 0.00649273, 0.00784952, -0.0104962, -0.0331454, 0.0111275, -0.0827193, -0.00102503, 0.0027028, 0.0139359, 0.00234486, 0.000427944, -0.0174523, -0.0144501, 0.0343277, 3.20123e-05, 0.00369491, 0.044914, -0.00111231, 0.0277444, 0.013538, 1.4528e-05, -0.00311598, -0.0121994, 0.0523092, -0.0639095, -0.038975, -0.0234864, 0.0518867, 0.0556474, 0.0402321, 0.558652, -0.00859853, -0.0110258, -0.0316758, 0.00727177, -0.00846921, 0.050516, 0.0492925, -0.0893835, -0.0399871, -0.0629005, -0.0804993, -0.00443072, 0.000662891, 0.0279726
