# stan_version_major = 2
# stan_version_minor = 38
# stan_version_patch = 0
# model = survival_model
# start_datetime = 2026-03-12 11:40:43 UTC
# method = sample (Default)
#   sample
#     num_samples = 2000
#     num_warmup = 1000 (Default)
#     save_warmup = false (Default)
#     thin = 1 (Default)
#     adapt
#       engaged = true (Default)
#       gamma = 0.05 (Default)
#       delta = 0.8 (Default)
#       kappa = 0.75 (Default)
#       t0 = 10 (Default)
#       init_buffer = 75 (Default)
#       term_buffer = 50 (Default)
#       window = 25 (Default)
#       save_metric = false (Default)
#     algorithm = hmc (Default)
#       hmc
#         engine = nuts (Default)
#           nuts
#             max_depth = 10 (Default)
#         metric = dense_e
#         metric_file =  (Default)
#         stepsize = 1 (Default)
#         stepsize_jitter = 0 (Default)
#     num_chains = 1 (Default)
# id = 1 (Default)
# data
#   file = /Users/dansprague/Documents/PhaseSkate/benchmarks/scaling/data/data_H10.json
# init = 2 (Default)
# random
#   seed = 45
# output
#   file = /Users/dansprague/Documents/PhaseSkate/benchmarks/scaling/stan_output/output_H10_chain4.csv
#   diagnostic_file =  (Default)
#   refresh = 100 (Default)
#   sig_figs = 8 (Default)
#   profile_file = profile.csv (Default)
#   save_cmdstan_config = false (Default)
# num_threads = 1 (Default)
# stanc_version = stanc3 v2.38.0
# stancflags = 
lp__,accept_stat__,stepsize__,treedepth__,n_leapfrog__,divergent__,energy__,log_alpha,beta_0,beta.1,beta.2,beta.3,beta.4,beta.5,beta.6,beta.7,beta.8,log_sigma_int,log_sigma_slope,rho,z_int.1,z_int.2,z_int.3,z_int.4,z_int.5,z_int.6,z_int.7,z_int.8,z_int.9,z_int.10,z_slope.1,z_slope.2,z_slope.3,z_slope.4,z_slope.5,z_slope.6,z_slope.7,z_slope.8,z_slope.9,z_slope.10
# Adaptation terminated
# Step size = 0.314573
# Elements of inverse mass matrix:
# 0.00223949, -0.000112201, -0.000245403, 0.000288847, 2.92624e-05, 0.000262005, -0.000173465, 3.98522e-05, -0.000115524, 0.000284742, 0.000378533, 0.00166351, -0.000556273, -0.000916358, 0.00141789, -0.00190963, -0.000602888, -0.00116682, 0.00109864, 0.000474399, 0.000611125, 0.00117867, -0.000423207, 4.5319e-05, -0.00210429, 0.00376858, 0.00177787, -0.00190143, 1.77713e-05, -0.00553643, 0.000639598, -0.00264199, -0.000483992
# -0.000112201, 0.0239348, -6.67211e-05, -0.000100049, 0.00107163, -0.00024725, 0.000925474, -0.000380013, 2.54108e-05, -0.000332353, -0.00272404, -0.00328211, 0.0104493, -0.0426798, -0.0360593, -0.0360211, -0.0442213, -0.0352646, -0.0429263, -0.0466063, -0.0470761, -0.0412273, -0.0429333, 0.00418675, -0.0151247, -0.00816269, 0.0155623, -0.00900959, 0.00734903, 0.00469679, 0.00914836, 0.00509031, -0.0098919
# -0.000245403, -6.67211e-05, 0.00188875, 4.51249e-06, 0.000164957, -0.00018942, 2.37528e-06, 0.000153388, 0.000165549, -0.00017392, 0.000282586, -6.79455e-05, 0.000809853, 0.00110305, 1.61749e-05, 0.00156465, 0.00127683, -0.000236349, -0.000138452, 0.00154445, 0.00205641, 0.00151353, -0.000658773, -0.00109722, -0.000472076, 0.00130535, -0.00130261, -0.00281435, -0.000397574, 0.000462147, -0.00196422, -0.00429577, 0.00363532
# 0.000288847, -0.000100049, 4.51249e-06, 0.00198292, -2.35337e-05, 0.000230654, 0.00016487, 0.000329434, -7.50102e-05, 0.000358227, 6.1089e-05, 0.000238569, -0.00137165, -0.000753941, 0.000348562, 0.00122184, -0.000476482, -0.00318333, 0.00055794, -0.0028798, 0.00161921, -0.000600422, -0.000536027, -0.000911265, 0.000117165, 0.000889854, -0.000738443, -0.000621881, -0.000812743, 0.00260784, -0.00124544, -0.00247129, 0.00253189
# 2.92624e-05, 0.00107163, 0.000164957, -2.35337e-05, 0.00181288, -0.000127602, 0.000202085, 4.0714e-05, 4.96181e-05, 0.000135881, -0.000392824, 0.00359564, 0.00275598, -0.00127467, -0.00226579, -0.00207077, 0.000231582, -0.00253814, -0.000783708, -0.00297628, -0.000848067, -0.00307635, -0.00238993, 0.000804371, 0.000262407, 0.00209646, -4.38006e-06, -0.00116753, -0.00268688, 0.000136191, 0.00153846, -0.000817518, -0.000798916
# 0.000262005, -0.00024725, -0.00018942, 0.000230654, -0.000127602, 0.00187019, -1.13064e-05, -3.32982e-06, 9.55598e-07, 0.00013129, -0.000841012, -0.000696449, 0.00254974, -0.000413693, 0.00171519, 0.000786472, 0.000664831, -0.000131208, 0.000746455, 0.00143767, -0.000969601, 0.00141822, 0.000841708, -0.000334575, 0.00201748, -0.00183172, -0.00350214, 0.000959739, 0.00131399, 3.25689e-05, 0.00180837, -0.00172631, -0.00168267
# -0.000173465, 0.000925474, 2.37528e-06, 0.00016487, 0.000202085, -1.13064e-05, 0.00210173, -0.000236253, 0.000130371, -0.000226217, 0.000472959, 0.000922413, 0.000345467, -0.00028948, -0.000860148, -0.000547884, -0.00240365, -0.00182767, 0.000238796, -0.00268698, -0.0010228, 0.0027994, -0.00158265, 0.00302127, 0.00119021, 0.00041335, 0.00169791, 0.00219002, -0.00344033, 0.00370907, -0.00146894, -0.00769675, -0.0017765
# 3.98522e-05, -0.000380013, 0.000153388, 0.000329434, 4.0714e-05, -3.32982e-06, -0.000236253, 0.00251614, -7.81292e-05, 0.000185671, -0.000587489, -0.000987149, 0.000739691, -0.00183631, 0.00100317, 0.00264098, -0.000567386, -0.000175567, 0.000543161, -0.00191207, 0.00267695, -0.000350256, -0.00245929, 0.00111165, -0.00242395, -0.00273068, 0.0012359, -0.00259411, -0.00262236, -0.00072347, 9.03716e-05, 0.00596506, 0.00305331
# -0.000115524, 2.54108e-05, 0.000165549, -7.50102e-05, 4.96181e-05, 9.55598e-07, 0.000130371, -7.81292e-05, 0.00179203, -1.23832e-06, 0.000531189, 0.000854246, -0.00234568, 7.36321e-05, 0.000479356, 0.000810151, 0.000527525, 0.00105357, -0.000363279, 0.000360515, 0.000256061, 0.00099548, 0.00202531, 0.00176891, -0.000645051, -0.000560687, 0.00563498, -0.00183506, -0.000752274, 5.54262e-05, 0.00205196, -0.00362103, -0.000365687
# 0.000284742, -0.000332353, -0.00017392, 0.000358227, 0.000135881, 0.00013129, -0.000226217, 0.000185671, -1.23832e-06, 0.00249967, 0.000108752, 0.00308126, 0.000284854, -0.000639592, 0.00102223, -0.00303683, 0.000297665, -0.00138312, 4.27862e-05, -0.00189554, -0.000968013, 0.00292395, -0.00215568, 0.00102675, -0.00240582, 0.00528918, -0.00120005, -0.00216279, 0.00173876, 0.0028628, -0.000432352, -0.00587977, 0.000715756
# 0.000378533, -0.00272404, 0.000282586, 6.1089e-05, -0.000392824, -0.000841012, 0.000472959, -0.000587489, 0.000531189, 0.000108752, 0.0722708, -0.00587249, -0.0433621, 0.0406444, -0.0327948, -0.0228886, 0.0343292, -0.0512893, -0.0643637, 0.0508309, 0.0832022, 0.02522, -0.00894091, 0.0174742, -0.0174786, 0.00599651, -0.00618483, 0.00443365, -0.0103428, 0.0225082, 0.00547124, -0.0256013, -0.00288222
# 0.00166351, -0.00328211, -6.79455e-05, 0.000238569, 0.00359564, -0.000696449, 0.000922413, -0.000987149, 0.000854246, 0.00308126, -0.00587249, 0.278431, -0.0653517, 0.0103021, 0.0345614, -0.0909311, 0.011333, 0.0370027, -0.00453405, 0.0363697, 0.0425759, 0.0129733, -0.00393979, 0.0294735, -0.0589011, 0.135096, -0.00645755, -0.0411716, 0.0280693, -0.0760985, 0.0166717, 0.00053654, 0.0199265
# -0.000556273, 0.0104493, 0.000809853, -0.00137165, 0.00275598, 0.00254974, 0.000345467, 0.000739691, -0.00234568, 0.000284854, -0.0433621, -0.0653517, 0.674107, -0.0244909, -0.0507018, 0.0818184, -0.0216796, -0.0389639, 0.00923373, -0.0460545, -0.0766921, -0.0211678, -0.0136165, 0.0282808, -0.0535833, -0.176014, 0.0148738, -0.095378, -0.0708923, 0.0683329, 0.183776, 0.063661, -0.0737051
# -0.000916358, -0.0426798, 0.00110305, -0.000753941, -0.00127467, -0.000413693, -0.00028948, -0.00183631, 7.36321e-05, -0.000639592, 0.0406444, 0.0103021, -0.0244909, 0.214883, 0.0329514, 0.0506852, 0.105346, 0.0402271, 0.0446994, 0.115811, 0.131398, 0.0793746, 0.0762482, -0.120543, 0.0646144, 0.0240063, -0.0402278, 0.0270234, 0.00062486, 0.00300081, -0.023269, -0.0361033, 0.0309848
# 0.00141789, -0.0360593, 1.61749e-05, 0.000348562, -0.00226579, 0.00171519, -0.000860148, 0.00100317, 0.000479356, 0.00102223, -0.0327948, 0.0345614, -0.0507018, 0.0329514, 0.212566, 0.0470749, 0.0528637, 0.0948464, 0.106261, 0.0572818, 0.0215976, 0.0532322, 0.0735687, -0.0100283, -0.126934, 0.0272045, -0.0234337, 0.0116592, -0.0242205, -0.0378689, -0.00512247, 0.0113351, 0.0351123
# -0.00190963, -0.0360211, 0.00156465, 0.00122184, -0.00207077, 0.000786472, -0.000547884, 0.00264098, 0.000810151, -0.00303683, -0.0228886, -0.0909311, 0.0818184, 0.0506852, 0.0470749, 0.208006, 0.0538438, 0.0588314, 0.0923877, 0.0367365, 0.0345828, 0.0535715, 0.0737416, -0.0183324, 0.0755059, -0.144337, -0.010443, 0.0298372, -0.0312955, 0.0257413, -0.00974719, 0.0139144, 0.0186755
# -0.000602888, -0.0442213, 0.00127683, -0.000476482, 0.000231582, 0.000664831, -0.00240365, -0.000567386, 0.000527525, 0.000297665, 0.0343292, 0.011333, -0.0216796, 0.105346, 0.0528637, 0.0538438, 0.179552, 0.0371379, 0.0467406, 0.111527, 0.119895, 0.0977235, 0.0715098, -0.00150273, 0.0373305, 0.0432078, -0.124484, 0.0480055, -0.0239865, 0.0113947, 0.00740531, -0.0467536, 0.0208327
# -0.00116682, -0.0352646, -0.000236349, -0.00318333, -0.00253814, -0.000131208, -0.00182767, -0.000175567, 0.00105357, -0.00138312, -0.0512893, 0.0370027, -0.0389639, 0.0402271, 0.0948464, 0.0588314, 0.0371379, 0.216354, 0.113243, 0.0421534, 0.0149948, 0.0425862, 0.0744504, -0.0167498, 0.0216234, 0.0110418, 0.00333257, -0.0961596, -0.0283662, -0.0325727, -0.0277756, 0.00697155, 0.0519694
# 0.00109864, -0.0429263, -0.000138452, 0.00055794, -0.000783708, 0.000746455, 0.000238796, 0.000543161, -0.000363279, 4.27862e-05, -0.0643637, -0.00453405, 0.00923373, 0.0446994, 0.106261, 0.0923877, 0.0467406, 0.113243, 0.249549, 0.0378168, 0.00530151, 0.0510305, 0.0941532, -0.0258039, 0.0436939, -0.0221461, -0.0138922, 0.0534723, -0.0793301, -0.059119, -0.0208214, 0.0100747, 0.0318323
# 0.000474399, -0.0466063, 0.00154445, -0.0028798, -0.00297628, 0.00143767, -0.00268698, -0.00191207, 0.000360515, -0.00189554, 0.0508309, 0.0363697, -0.0460545, 0.115811, 0.0572818, 0.0367365, 0.111527, 0.0421534, 0.0378168, 0.23352, 0.149637, 0.0902689, 0.0827841, 0.0183019, 0.0145369, 0.0259433, -0.0446478, 0.00665367, -0.023629, -0.117618, 0.00613026, 0.000642248, 0.00482354
# 0.000611125, -0.0470761, 0.00205641, 0.00161921, -0.000848067, -0.000969601, -0.0010228, 0.00267695, 0.000256061, -0.000968013, 0.0832022, 0.0425759, -0.0766921, 0.131398, 0.0215976, 0.0345828, 0.119895, 0.0149948, 0.00530151, 0.149637, 0.299151, 0.106284, 0.0736762, 0.0162209, 0.00781126, 0.0460094, -0.0287021, 0.018834, -0.0184914, -0.00514813, -0.15067, -0.0468881, 0.0281742
# 0.00117867, -0.0412273, 0.00151353, -0.000600422, -0.00307635, 0.00141822, 0.0027994, -0.000350256, 0.00099548, 0.00292395, 0.02522, 0.0129733, -0.0211678, 0.0793746, 0.0532322, 0.0535715, 0.0977235, 0.0425862, 0.0510305, 0.0902689, 0.106284, 0.198397, 0.065613, 0.00558484, 0.00892389, 0.0309344, -0.0345705, 0.00916317, -0.000277041, 0.0171032, -0.00392891, -0.154418, 0.00647769
# -0.000423207, -0.0429333, -0.000658773, -0.000536027, -0.00238993, 0.000841708, -0.00158265, -0.00245929, 0.00202531, -0.00215568, -0.00894091, -0.00393979, -0.0136165, 0.0762482, 0.0735687, 0.0737416, 0.0715098, 0.0744504, 0.0941532, 0.0827841, 0.0736762, 0.065613, 0.208386, 0.00210496, 0.0228478, 0.0201508, -0.00437353, 0.0317812, 0.0132677, -0.00928655, -0.0137077, -0.0056114, -0.121707
# 4.5319e-05, 0.00418675, -0.00109722, -0.000911265, 0.000804371, -0.000334575, 0.00302127, 0.00111165, 0.00176891, 0.00102675, 0.0174742, 0.0294735, 0.0282808, -0.120543, -0.0100283, -0.0183324, -0.00150273, -0.0167498, -0.0258039, 0.0183019, 0.0162209, 0.00558484, 0.00210496, 0.616014, -0.0622466, 0.00663065, 0.085648, -0.0408028, -0.0148942, -0.0412025, 0.0830247, -0.0204084, -0.0481388
# -0.00210429, -0.0151247, -0.000472076, 0.000117165, 0.000262407, 0.00201748, 0.00119021, -0.00242395, -0.000645051, -0.00240582, -0.0174786, -0.0589011, -0.0535833, 0.0646144, -0.126934, 0.0755059, 0.0373305, 0.0216234, 0.0436939, 0.0145369, 0.00781126, 0.00892389, 0.0228478, -0.0622466, 0.709757, -0.0112046, -0.0824323, 0.0952939, 0.0493624, 0.00624536, -0.0261044, -0.0257682, 0.0261426
# 0.00376858, -0.00816269, 0.00130535, 0.000889854, 0.00209646, -0.00183172, 0.00041335, -0.00273068, -0.000560687, 0.00528918, 0.00599651, 0.135096, -0.176014, 0.0240063, 0.0272045, -0.144337, 0.0432078, 0.0110418, -0.0221461, 0.0259433, 0.0460094, 0.0309344, 0.0201508, 0.00663065, -0.0112046, 0.78519, -0.0966564, -0.0406214, 0.0920411, 0.0280048, -0.0277311, -0.0825769, -0.000564387
# 0.00177787, 0.0155623, -0.00130261, -0.000738443, -4.38006e-06, -0.00350214, 0.00169791, 0.0012359, 0.00563498, -0.00120005, -0.00618483, -0.00645755, 0.0148738, -0.0402278, -0.0234337, -0.010443, -0.124484, 0.00333257, -0.0138922, -0.0446478, -0.0287021, -0.0345705, -0.00437353, 0.085648, -0.0824323, -0.0966564, 0.576123, -0.0373299, -0.00770528, -0.0263302, 0.0543453, 0.00764342, -0.0322509
# -0.00190143, -0.00900959, -0.00281435, -0.000621881, -0.00116753, 0.000959739, 0.00219002, -0.00259411, -0.00183506, -0.00216279, 0.00443365, -0.0411716, -0.095378, 0.0270234, 0.0116592, 0.0298372, 0.0480055, -0.0961596, 0.0534723, 0.00665367, 0.018834, 0.00916317, 0.0317812, -0.0408028, 0.0952939, -0.0406214, -0.0373299, 0.676545, -0.0103439, 0.012766, -0.0311636, -0.022199, -0.0467465
# 1.77713e-05, 0.00734903, -0.000397574, -0.000812743, -0.00268688, 0.00131399, -0.00344033, -0.00262236, -0.000752274, 0.00173876, -0.0103428, 0.0280693, -0.0708923, 0.00062486, -0.0242205, -0.0312955, -0.0239865, -0.0283662, -0.0793301, -0.023629, -0.0184914, -0.000277041, 0.0132677, -0.0148942, 0.0493624, 0.0920411, -0.00770528, -0.0103439, 0.612149, 0.0289038, -0.0396048, 0.0135523, -0.019854
# -0.00553643, 0.00469679, 0.000462147, 0.00260784, 0.000136191, 3.25689e-05, 0.00370907, -0.00072347, 5.54262e-05, 0.0028628, 0.0225082, -0.0760985, 0.0683329, 0.00300081, -0.0378689, 0.0257413, 0.0113947, -0.0325727, -0.059119, -0.117618, -0.00514813, 0.0171032, -0.00928655, -0.0412025, 0.00624536, 0.0280048, -0.0263302, 0.012766, 0.0289038, 0.721893, 0.0386136, -0.03218, 0.0557712
# 0.000639598, 0.00914836, -0.00196422, -0.00124544, 0.00153846, 0.00180837, -0.00146894, 9.03716e-05, 0.00205196, -0.000432352, 0.00547124, 0.0166717, 0.183776, -0.023269, -0.00512247, -0.00974719, 0.00740531, -0.0277756, -0.0208214, 0.00613026, -0.15067, -0.00392891, -0.0137077, 0.0830247, -0.0261044, -0.0277311, 0.0543453, -0.0311636, -0.0396048, 0.0386136, 0.666953, 0.0326818, -0.0374055
# -0.00264199, 0.00509031, -0.00429577, -0.00247129, -0.000817518, -0.00172631, -0.00769675, 0.00596506, -0.00362103, -0.00587977, -0.0256013, 0.00053654, 0.063661, -0.0361033, 0.0113351, 0.0139144, -0.0467536, 0.00697155, 0.0100747, 0.000642248, -0.0468881, -0.154418, -0.0056114, -0.0204084, -0.0257682, -0.0825769, 0.00764342, -0.022199, 0.0135523, -0.03218, 0.0326818, 0.619867, 0.0360861
# -0.000483992, -0.0098919, 0.00363532, 0.00253189, -0.000798916, -0.00168267, -0.0017765, 0.00305331, -0.000365687, 0.000715756, -0.00288222, 0.0199265, -0.0737051, 0.0309848, 0.0351123, 0.0186755, 0.0208327, 0.0519694, 0.0318323, 0.00482354, 0.0281742, 0.00647769, -0.121707, -0.0481388, 0.0261426, -0.000564387, -0.0322509, -0.0467465, -0.019854, 0.0557712, -0.0374055, 0.0360861, 0.622986
-793.91574,0.83517344,0.31457304,4,15,0,809.62222,0.43414181,2.7675525,0.29383195,-0.33418466,0.23053359,-0.12624373,0.30786174,-0.13111931,0.33562375,-0.28357249,-0.65680503,-1.232386,0.14711469,-1.5014765,-0.13072724,-0.39353361,-1.5573707,-0.17578578,0.35273819,-1.7255245,-1.8599164,-1.1491261,-0.92543465,0.44099116,-0.62599785,0.67540323,0.089507176,-0.0050553976,2.5676792,-1.2110938,-1.1730712,0.0076026654,0.66490791
-797.02329,1,0.31457304,4,15,0,812.83672,0.35952573,2.1420844,0.29582557,-0.48029627,0.277377,-0.15993312,0.41004795,-0.064800322,0.38891283,-0.29999631,-1.0197865,-1.5593318,0.44513223,-0.71805,1.1378365,0.75673848,0.44897274,2.4514827,2.36743,-0.32136483,-1.4284915,0.66574352,1.2100855,0.80176941,0.43074417,2.5977037,0.66639258,-0.22864854,-1.0497228,-0.14808158,-0.16984764,-0.51109434,-0.022794056
-800.16576,0.80321325,0.31457304,4,15,0,814.41263,0.42526727,2.8898678,0.29750377,-0.32444603,0.23807725,-0.12020828,0.35373646,-0.14531589,0.37366562,-0.24377245,-0.57296902,-1.5220756,-0.12488694,-1.7279822,-0.21664585,-0.66603282,-1.4722094,-0.40554588,0.036002997,-2.3125113,-1.9202626,-1.2741341,-0.76618864,-0.98967455,-0.8725312,1.6817457,-1.3067286,-1.1410296,2.1194958,-0.34509568,-2.001005,-0.24186296,-0.42844913
-792.77083,0.80367016,0.31457304,4,15,0,813.49188,0.43674139,2.2743945,0.24474259,-0.43966622,0.19909722,-0.099033787,0.41039343,-0.097385721,0.38543434,-0.24449347,-0.77384346,-1.5506978,0.36726552,-0.54082805,1.1938974,0.58532892,0.36065953,1.4291281,1.6421859,-0.31082712,-1.6104864,0.4726659,0.21306738,-0.14489588,-0.61102118,1.6251511,-1.5687844,-1.434849,0.48168582,-1.2344683,0.44106512,0.76757623,0.39782069
-799.11981,0.70817582,0.31457304,4,15,0,809.58975,0.33893036,2.5573858,0.28019844,-0.4232802,0.20384128,-0.19291527,0.41893669,-0.14478607,0.36875577,-0.22769822,-0.86408788,-1.5331461,0.32783073,-1.4284946,-0.049738887,-0.41330873,-0.69564458,0.80197416,1.4440969,-1.686799,-1.4528916,-1.0949329,-0.20251975,0.66510358,-0.59167209,2.7134832,-0.90096345,-1.4558933,0.67641769,-1.3028407,-0.82139602,0.23923272,-1.1075076
-791.49751,0.82215898,0.31457304,4,15,0,811.55364,0.44926087,2.1652227,0.29938658,-0.38909753,0.29992044,-0.11222435,0.29432341,-0.053367035,0.38195165,-0.34598124,-0.50849005,-1.3231961,-0.1975729,-0.3482612,1.6817275,0.70335687,0.03057014,1.1901727,1.7076288,-0.20874938,-0.7840829,0.74912077,0.88777065,-0.24291728,-1.1619696,1.0497486,-0.014819882,0.45063391,-0.33291938,-0.53483728,-0.61439782,-1.1917737,-0.33939169
-787.03905,1,0.31457304,4,15,0,797.18911,0.36836323,2.7158881,0.27879721,-0.39775681,0.20017456,-0.16121447,0.40712927,-0.16399285,0.37998996,-0.24314552,-0.63470857,-1.0954035,0.45718419,-1.1913424,-0.255573,-0.62289226,-0.93804868,0.72146571,0.38107541,-1.4197897,-1.867056,-0.99156616,-0.46548782,0.072646071,0.32216214,1.7167493,0.31260808,-1.7720464,0.90460348,-0.1902344,0.084154033,0.65447103,0.17997967
-793.81904,0.62252016,0.31457304,4,15,0,808.34057,0.365494,2.4733385,0.31565203,-0.43980825,0.27106014,-0.16189505,0.30647636,-0.048277376,0.35515859,-0.33925489,-0.67481138,-1.0308019,0.032418062,-0.73255731,1.4517202,0.2917316,-0.3971123,1.4244151,1.5500685,-0.67664399,-1.4373883,0.083642573,0.25574176,0.35343328,-2.1436648,0.59883969,0.15085243,0.49948492,0.058718071,-1.0691991,-1.3351588,-0.57309551,-0.16501391
-785.96286,0.84696869,0.31457304,4,15,0,804.35249,0.39643535,2.4266333,0.2649505,-0.35902721,0.2122159,-0.13442334,0.40271026,-0.097230262,0.40384061,-0.30053725,-0.67119198,-1.2441824,0.36572184,-0.56016644,0.16198334,-0.12669208,-0.68674176,0.63952566,1.0806758,-1.2744617,-1.2245196,-0.66122552,0.18822108,-0.59129019,0.39462044,1.7379206,0.42331405,-0.56450986,0.55552613,-0.26458184,-0.37762236,0.32252941,0.070478303
-788.73068,0.82051253,0.31457304,4,15,0,804.07026,0.43639648,2.2956417,0.33277954,-0.40864091,0.27074563,-0.15200295,0.33966673,-0.12988264,0.36801136,-0.25495317,-0.52605242,-1.5091383,0.440169,-0.93039586,0.88717359,0.64588949,0.30370332,1.2724273,1.374455,-0.52738034,-0.94341217,0.035306674,0.60346779,1.6843681,-0.30904253,1.0846874,-1.2740159,-0.47687746,0.35145265,-0.30492492,-0.61952876,-0.22549401,-0.55143549
-797.48117,0.96372061,0.31457304,4,15,0,809.56588,0.42776354,2.5016753,0.30897016,-0.47692672,0.21353755,-0.11569505,0.36002029,-0.12806492,0.37883375,-0.22960656,-0.91293308,-1.4649281,0.86470722,-1.1460724,0.77203832,0.28789686,-0.69469381,0.60063444,1.8257637,-1.0622759,-1.3466576,-0.1065592,0.13612603,0.9700621,-1.9947922,0.42694498,-1.4334033,-1.4985286,-0.17111336,0.28245359,-1.0350838,-0.76536161,-1.1647274
-798.99686,0.91140543,0.31457304,4,15,0,816.52088,0.35662555,2.2913297,0.27913749,-0.32126459,0.27381743,-0.17547415,0.4004642,-0.1052995,0.36947737,-0.33106221,-0.92817862,-1.9378211,0.517448,0.23513698,0.55873751,0.88454699,0.0062506432,1.2265375,1.4927277,-1.1809872,-1.6405382,-0.29622435,0.59737896,-1.3331451,0.61005688,0.97586647,1.8745009,0.8378274,0.01993643,-1.0148743,-0.1851106,0.54577818,0.00090250348
-803.18537,0.68406422,0.31457304,4,15,0,821.93259,0.37440874,2.4620142,0.31161025,-0.31631592,0.32887981,-0.14222232,0.33028449,-0.0359817,0.37003558,-0.35974979,-1.1800899,-1.6524278,0.78957877,-0.63680232,0.064038215,0.86204571,-0.35792609,0.55892465,1.0054677,-1.2411593,-2.0175314,-0.38681582,0.2976056,-1.3747053,0.9877795,2.1493612,0.22757416,0.51723186,0.48332351,-1.2174742,-0.9403504,0.56504914,-1.367486
-801.07429,0.98992169,0.31457304,4,15,0,817.21369,0.41955671,2.5939364,0.28150243,-0.48664618,0.16187695,-0.16243464,0.40212255,-0.14248724,0.38072011,-0.24761131,-0.90536739,-2.1484905,0.25251441,-1.7281579,0.78076168,-0.33528879,-1.2993609,1.1553602,1.486583,-1.3630361,-2.1278632,-0.43656012,-0.22764712,1.2048529,-1.4453087,0.6004344,0.030488379,-0.92957678,1.450006,-0.27282465,0.16351384,0.063490506,1.6901067
-791.77343,0.96648249,0.31457304,4,15,0,811.73283,0.3947057,2.1668248,0.21425233,-0.34554716,0.2045149,-0.11326464,0.32812223,-0.12191988,0.35200927,-0.3070213,-0.55839321,-1.5827092,0.16606656,-0.11902474,1.6932734,0.73259851,-0.17586898,1.7314357,1.2654012,-0.5001417,-0.82275557,0.36233105,0.91838298,0.0015953031,-1.1706921,0.96750607,0.63694765,-1.7682179,0.71816416,-0.3823146,-1.1894685,-0.63933135,-0.7384887
-799.5218,0.64768612,0.31457304,4,15,0,814.38557,0.45975214,2.5932873,0.2854662,-0.42371905,0.37363717,-0.13569891,0.36999434,-0.10213575,0.39130136,-0.29162692,-0.79454729,-1.8602809,0.45761196,-1.0612845,-0.18817495,-0.21395841,-0.79816783,0.47859567,1.5997261,-1.0844917,-1.7655235,-0.36684696,-0.13484737,-1.1067889,-0.0065818974,3.3637368,0.99890243,0.21312732,0.27661372,-0.48408605,-2.6442005,-0.44103335,-0.28826359
-800.39846,0.86329472,0.31457304,4,15,0,817.68097,0.33671986,2.530344,0.37703529,-0.42990254,0.33706302,-0.18766302,0.40064466,-0.07389365,0.40046431,-0.29658569,-1.0919292,-2.0293832,0.23692274,-1.2897557,0.60207669,-0.11072515,-0.74958648,1.2833035,1.4392215,-1.1097202,-2.3658687,-0.74922465,0.84469466,-0.109869,-0.84725235,1.6406311,1.1608593,-1.2648555,-0.82918645,-0.67891303,-2.4422053,-0.26077022,-0.34073427
-795.88063,0.99245855,0.31457304,4,15,0,813.37581,0.44008113,2.3310111,0.2025541,-0.37388468,0.20330691,-0.072146256,0.3419497,-0.12786009,0.32925675,-0.29674039,-1.0710182,-0.99639451,0.095695877,-0.92757154,0.18154267,0.45416664,-0.4416979,1.4095208,1.9127835,-0.89409426,-1.9531743,0.9394804,0.79267236,-0.56910402,1.0799082,1.2405476,-0.78205253,0.52051496,1.4530084,-0.86686571,-0.086775984,-0.74430457,-0.24273129
-799.91643,0.88355308,0.31457304,4,15,0,816.14293,0.28145011,2.4154707,0.35904478,-0.45978424,0.27800809,-0.13671948,0.33573771,-0.072282675,0.36126611,-0.32636087,-1.0400015,-1.4154536,0.51875775,-1.1372037,0.85581753,0.81409877,-0.55009261,1.2793275,1.460273,-1.3340818,-1.29014,-0.2403644,-0.37579428,0.84065892,-1.3871071,0.60212475,0.63477411,-2.3173171,-0.60910341,0.44414744,-2.2508933,-1.0144773,1.327098
-799.27981,0.96085397,0.31457304,4,15,0,817.85888,0.44767537,2.77864,0.22188415,-0.37469224,0.23421856,-0.16647291,0.38442772,-0.14266079,0.40118124,-0.31282784,-0.88427022,-1.8604305,0.68094886,-1.3597545,-0.22525266,0.079564382,-0.77593259,0.45927958,0.66895349,-1.8907537,-2.7992662,-1.2645876,-0.060969988,0.13062393,0.71554408,0.97385122,-0.10671077,1.3646902,1.3519763,-0.91368097,0.7860965,-0.10271775,-0.2623949
-805.11233,0.99263183,0.31457304,4,15,0,821.80118,0.38960847,2.3727928,0.23049124,-0.43482435,0.15032433,-0.20205731,0.30602566,-0.11912311,0.37882484,-0.32947931,-0.85016315,-2.3032925,0.59039736,-0.590487,0.21206732,0.39310061,0.3229331,1.125375,1.8329262,-1.5059885,-2.0301177,-0.10627673,0.7656838,0.56423145,1.220997,0.94712437,-0.7091355,1.7697776,1.0091863,-0.81357651,0.053014282,-0.46313718,0.64363999
-795.16856,1,0.31457304,4,15,0,818.28461,0.3466949,2.2904442,0.37958178,-0.41152338,0.35149494,-0.097801952,0.45020024,-0.12031258,0.42601797,-0.29666034,-0.65059339,-1.1389514,-0.10760185,-0.57946209,1.2498144,0.46787976,-0.57120733,1.5353982,1.1308243,0.017445203,-0.86207403,0.16076777,0.33382287,-0.58903548,-0.65040026,1.5938609,0.23450796,-1.3844784,1.0914746,-0.53447916,-1.2158706,-1.0176869,0.40166708
-793.04834,0.9526688,0.31457304,4,15,0,808.01572,0.42323786,2.5437387,0.24718366,-0.42441283,0.218272,-0.20632444,0.27824925,-0.091661038,0.34663564,-0.28111048,-0.89691718,-1.1555936,0.71383644,-1.4820034,0.42017238,0.26467794,-0.82315227,0.28295791,1.3887306,-1.5680497,-2.00883,-0.3853443,0.065859198,0.60403439,-0.30405935,0.6945719,0.40056696,0.18067177,0.72762116,-1.0952242,0.70738354,-0.44779014,-0.16115202
-799.52,0.91058171,0.31457304,4,15,0,815.52423,0.32795264,2.4259679,0.38269395,-0.45361826,0.28622661,-0.097768371,0.40246891,-0.054716346,0.41548983,-0.39147187,-0.92778391,-1.9532826,0.62558367,-0.40050555,1.0774646,0.16370434,-0.12092971,1.2592151,1.3746827,-0.99910644,-1.2881506,-0.30442491,0.10530622,-0.60225493,-1.6826821,1.459903,-1.0978962,-0.84535089,-0.47540027,0.39683429,-2.0770626,0.20077096,-0.13250092
-795.80325,0.60801807,0.31457304,4,15,0,813.46823,0.39303907,2.3556986,0.31654506,-0.50544215,0.2673093,-0.13099212,0.37890631,-0.065816179,0.39646062,-0.29977857,-0.56345781,-1.2969047,0.14374148,-0.30854266,0.72884184,0.4079954,-0.31816245,1.3955295,1.2402068,-0.68985076,-0.28123153,-0.22204355,0.45064335,0.11764901,-1.5715369,0.79408182,-0.49806908,-0.66276878,0.14309185,-0.7133332,-2.9075071,1.2010333,-0.67995842
-791.62857,0.99890715,0.31457304,4,15,0,813.54539,0.33459144,2.4555674,0.34466763,-0.48109277,0.23785748,-0.14033446,0.38086998,-0.1243875,0.43045014,-0.36390463,-0.60467572,-1.2548629,0.40315663,-1.0801566,1.1478558,0.091440883,-0.64876837,1.0676164,0.91319294,-0.86913771,-0.72473994,-0.46656403,0.018637992,-0.65480037,-2.058495,1.3592732,0.4947014,-0.77597299,1.0887367,-0.49760889,-1.6763517,0.27103523,-0.082778776
-795.43358,0.93532104,0.31457304,4,15,0,810.09535,0.35142171,2.2886679,0.35719255,-0.47297474,0.25952808,-0.098427424,0.31433294,-0.10802573,0.44787644,-0.28831598,-0.94067862,-0.92531673,0.37264235,-1.1329466,1.7807719,0.1657927,-0.067689036,1.7401423,2.1633203,-0.53045343,-1.1209221,-0.53341171,0.24242681,0.51478481,-1.8217649,1.4233612,-0.077235329,-0.58895583,-0.66675269,-0.36160191,-1.0782951,1.1454664,-0.54402783
-793.74044,0.95986829,0.31457304,4,15,0,809.53693,0.38033925,2.5007448,0.2377429,-0.41017007,0.250544,-0.1266433,0.40107713,-0.084530229,0.32708119,-0.31018063,-1.1191666,-0.55811087,-0.043924848,-1.3323288,1.3672608,-0.24844606,-1.0525973,2.499996,1.3057751,-0.68311949,-2.2187706,-0.34869176,0.37518538,-0.69297262,-0.80224979,1.5818082,-0.65020953,-0.41352307,0.54930612,-1.1368958,-0.95011077,0.23987109,0.37760517
-800.08862,0.23728832,0.31457304,4,15,0,811.52279,0.39862587,2.4097669,0.22140561,-0.39541285,0.2423433,-0.14479186,0.38884024,-0.13150333,0.32692638,-0.27427356,-0.78676042,-1.2240489,-0.25052125,-1.350947,1.5294191,-0.36632824,-0.80666955,2.4717785,0.85546052,-0.70284382,-1.5689876,-0.13110409,0.99270832,0.53864429,-0.79304139,1.1299587,-0.02648661,-0.83391084,1.1179526,-1.9495833,-1.2908671,-0.26202957,-1.9646351
-801.28719,0.87865455,0.31457304,4,15,0,816.89525,0.3759812,2.5270761,0.24199311,-0.45668689,0.24147806,-0.156149,0.37673143,-0.11582542,0.3465389,-0.29512015,-1.488274,-1.4151075,0.85072107,-1.1806988,0.68165738,0.60123,-0.73043014,0.42677186,2.7704962,-2.0841285,-2.592916,-0.77602104,-0.34304395,-0.50661093,-1.061414,-0.27324012,0.047697602,1.4753236,-0.95801745,0.24132323,0.59659081,1.278328,0.76596272
-790.98074,0.83897989,0.31457304,4,31,0,811.33402,0.43364959,2.237203,0.29889482,-0.45535896,0.24085447,-0.14600266,0.37021387,-0.083427767,0.38785653,-0.29800739,-0.93583743,-0.71009051,0.28042938,0.15554551,0.99809841,0.96771244,0.88831954,1.6390136,1.7064591,-0.74475751,-1.2488896,0.12300592,0.44055119,-0.75431552,-0.5075581,1.2827681,-1.2510506,-1.1255796,0.072028598,0.37709735,-0.50169985,-0.15905496,0.1278492
-792.25039,0.78565893,0.31457304,4,15,0,805.80871,0.42365942,2.3958844,0.21422884,-0.39700221,0.2751668,-0.13721319,0.3850928,-0.097275738,0.4009092,-0.24875876,-1.1140931,-1.3331633,0.48305582,-0.48968069,0.74741332,0.51597349,-0.82665096,1.4866157,1.8102584,-1.1358642,-1.1557454,-0.45245917,0.71728418,-0.6186016,0.062038565,0.59530228,-0.66380158,-1.6352803,0.11826472,-0.14404836,-1.6795322,0.23460476,0.1625225
-794.46086,0.77496756,0.31457304,4,15,0,808.49525,0.42533357,2.3752012,0.20906173,-0.398107,0.25608523,-0.11587811,0.3719492,-0.095440854,0.39588244,-0.25343031,-1.0498962,-1.6417738,0.57110736,-0.58414978,0.7584652,0.71525805,-0.80113971,1.5898913,1.9316072,-1.0083181,-1.2600312,-0.63456419,0.80138724,-0.81137696,0.23857777,0.39772802,-0.68340634,-1.5671651,-0.2958748,-0.0026471687,-1.3589906,0.50949914,0.27423829
-793.25599,0.97624333,0.31457304,4,15,0,808.63817,0.41226472,2.4095297,0.2963451,-0.40792659,0.30096347,-0.18494666,0.29284091,-0.077586088,0.33088602,-0.28283674,-0.67876921,-1.0570284,-0.25823366,-0.42906755,-0.028981927,0.021660964,-0.081511183,1.0156726,1.0315329,-1.2733862,-0.77911083,-0.087149271,-0.061959716,-0.27494871,0.49277681,1.5084917,0.32222166,0.51667245,1.5159171,-0.48446582,-1.9608231,-0.53918032,-0.50761294
-796.75372,0.92714233,0.31457304,4,15,0,816.21134,0.30170272,2.8809828,0.28502687,-0.44540017,0.22392463,-0.074152246,0.45926371,-0.17102595,0.43562411,-0.33120691,-0.43239361,-1.1605091,0.067648991,-0.81741291,-0.12597303,-0.4971741,-0.79505742,-0.049131781,0.53977055,-0.97945259,-1.8600712,-0.63355675,-0.29222966,-0.73145306,-0.95929614,1.0311102,0.20462978,0.1963315,-0.14288224,-1.6102932,-1.0796621,-0.44852562,-1.5531574
-803.27799,0.51746725,0.31457304,4,15,0,815.62619,0.31319187,2.6286119,0.31449997,-0.48680677,0.25651003,-0.15423369,0.31949874,-0.010378825,0.45093924,-0.21347067,-0.46363211,-1.0553761,-0.55052318,-1.3686205,0.69681115,0.10628699,-0.24775931,1.1248474,1.0195433,-1.2774723,-1.114857,-0.63300559,-0.19743804,0.22009218,-0.87452983,1.4582223,-1.3171283,-2.8433202,0.55879905,-1.4956187,-2.4857379,0.055794837,0.24648417
-802.84218,0.97072592,0.31457304,4,15,0,821.51995,0.34383918,2.6412676,0.20880337,-0.56514976,0.2263083,-0.11806898,0.40891571,-0.19204729,0.33200387,-0.27509248,-0.69095478,-1.6418505,0.10239246,-1.0188041,-0.21047889,-0.51677101,-0.45380567,0.26731806,1.1431166,-1.2769165,-1.6533551,-0.288814,-0.4182005,-0.032995539,-0.78155061,1.5639017,-1.9667108,0.39492167,1.0945457,-0.5197395,-2.6456148,-0.6828742,-0.13548398
-801.79429,0.94154759,0.31457304,4,15,0,820.55249,0.3796217,2.2826638,0.38003022,-0.36863992,0.20565335,-0.13288441,0.30910292,-0.062043216,0.34672321,-0.29669708,-1.0584173,-1.1622771,0.39339153,-0.56080764,2.1344805,0.92556755,-0.036889749,1.9568967,1.3213006,-0.73898705,-1.6843249,-0.8076416,0.32401605,0.4333121,-1.0982697,1.0255794,1.0737866,-2.0439695,0.40702329,-1.1549985,0.26288801,1.0998208,0.49456509
-797.83375,0.81047368,0.31457304,4,15,0,821.14163,0.46459335,2.3885616,0.36655121,-0.48449385,0.29007106,-0.17925757,0.3901506,-0.19426609,0.33739562,-0.33278664,-0.72500837,-1.4765241,0.73247614,-0.65428961,0.42656673,0.31783298,-0.54423649,0.82292994,1.322211,-1.2189661,-1.487071,0.29087968,0.41752318,-1.6520088,0.38887591,0.95629154,0.29802623,-0.52345486,0.086577449,0.2689633,-0.048915529,-0.77075151,-0.069260575
-794.62607,0.97887219,0.31457304,4,15,0,812.73104,0.34797371,2.4583397,0.21230411,-0.30492076,0.20647092,-0.1099023,0.36839154,-0.029542496,0.38279263,-0.21172214,-0.6511005,-0.94842138,0.12741602,-0.49950611,0.39547842,0.13877427,-0.24437513,0.61557662,1.1035734,-0.45628886,-1.035507,-0.63792662,-0.18288187,0.61038131,-0.45365078,1.9350715,-1.2358912,-0.33883198,0.72831611,-1.2306033,-1.4511197,0.25137237,-0.2005574
-793.67212,0.88446844,0.31457304,4,15,0,807.50407,0.452975,2.237402,0.31432927,-0.49142204,0.28536648,-0.14462608,0.36705129,-0.19013496,0.35466115,-0.36440504,-0.77784831,-0.95201747,0.0021151157,-0.87260587,1.0492103,0.1426257,-0.17471579,2.2560813,1.867909,-0.86497869,-1.4052865,0.49427971,1.0203711,-0.37646334,0.53584463,1.3769439,0.26536206,-0.94884878,0.05737158,0.089950428,-0.25952408,-0.75827103,-0.43676863
-792.38795,0.89980523,0.31457304,4,15,0,807.40515,0.36608702,2.4942336,0.2977972,-0.33632567,0.22399687,-0.13764681,0.29561166,0.0030665829,0.39468017,-0.22693261,-0.56228527,-1.1804677,0.3975993,-0.89941202,0.46935659,-0.045306917,-0.43498916,0.20591811,0.44287476,-1.1330464,-1.0225001,-0.32692295,-0.023429639,0.88188198,-1.2439156,2.4617689,-1.1143368,-0.59232623,1.3598982,-0.60711028,-1.1599556,-0.36097793,-0.20438431
-792.96422,0.96805106,0.31457304,4,15,0,809.56313,0.42733811,2.4472117,0.28079618,-0.43085226,0.29713594,-0.14495887,0.43121861,-0.16656143,0.37336654,-0.35409028,-0.66026623,-2.0507002,0.52016452,-1.2740359,0.37577104,0.82051746,-0.4557608,0.94425468,1.6680497,-0.90976952,-1.3967222,-0.18462438,0.43617203,0.34352604,0.33638413,0.40981936,0.38352958,0.38521231,-0.10995915,-1.4518912,-0.66262937,0.85385718,0.35719251
-797.02305,0.89480351,0.31457304,4,15,0,809.89145,0.31483971,2.3267195,0.28149611,-0.26807065,0.18570823,-0.15504557,0.31940658,-0.089980896,0.44105845,-0.1990181,-0.31212879,-0.89491618,-0.44082877,-0.18764173,0.84264545,-0.33023295,-0.49376793,0.87278978,0.849811,-0.82759528,-1.0393563,-0.25850925,0.006855756,-0.61746588,-0.22297087,2.5614059,-0.040461966,-0.71315288,0.22332878,-0.27186334,-1.361089,0.012972671,-0.47621581
-799.69037,0.71570847,0.31457304,4,15,0,812.66075,0.42984043,2.3973677,0.2330902,-0.4926083,0.25616818,-0.068763219,0.32462916,-0.13548535,0.36387337,-0.31750513,-1.2363492,-0.80475188,0.64013868,-0.54580437,1.1111188,1.2275555,-0.742306,1.1064703,2.2625316,-0.57735206,-1.2314039,-0.1811823,0.34113757,-0.35121906,-1.3538934,0.074547193,0.33736055,0.31768,0.33312778,-2.0698766,-0.6906517,0.064242276,0.28936011
-805.70369,0.8764785,0.31457304,4,15,0,817.90534,0.43223707,2.4184152,0.32829254,-0.45284513,0.2244954,-0.067952514,0.27242821,-0.13821369,0.34128337,-0.31122173,-1.0291119,-1.4421647,0.12776876,-0.70763111,0.9250694,1.2800028,-0.75368695,0.78780762,1.6430923,-1.2508545,-1.5106189,0.21754128,-0.46021327,-2.2507619,-0.067565141,0.35611521,-0.15323724,-0.46948909,0.56162966,1.1204785,-0.79915425,-1.8744886,0.8313878
-807.17749,0.96754644,0.31457304,4,15,0,826.65135,0.31524217,2.3687967,0.30099163,-0.39560016,0.30872298,-0.23916944,0.38287688,-0.048462088,0.43128411,-0.23642004,-1.199291,-1.7410472,0.26605582,-1.3450739,0.84646779,-0.28062255,0.15209927,2.2817901,2.0013022,-1.1493816,-2.1138676,-0.2778108,1.0080033,1.9176334,0.76491124,3.368043,-0.1869138,-0.25890647,1.3667115,-2.108263,-1.6584585,0.69685829,-0.43075358
-803.08817,0.94491109,0.31457304,4,15,0,822.31164,0.48541233,2.4712489,0.30547241,-0.44895945,0.23665049,-0.072329244,0.35560883,-0.13751503,0.33140762,-0.29252915,-1.1488284,-0.98675248,-0.050963482,-1.6977269,0.63776541,-0.051965906,0.22013512,1.7079926,2.1885426,-1.5734777,-2.1585122,0.1546589,1.6194653,-1.2340856,-0.43862672,0.88777553,-1.046072,0.1369399,0.10825274,0.11771538,-0.5308337,-0.52641616,-0.80894218
-801.75489,0.70905038,0.31457304,4,15,0,822.57357,0.42003759,2.3700131,0.24028032,-0.31117627,0.33337818,-0.10531289,0.29873655,0.0072782296,0.44171085,-0.19508686,-1.2711074,-0.83696054,0.35675901,-0.56296708,1.7591504,-0.0085567924,-0.55576665,0.96493696,1.7370046,-1.421688,-1.7631755,-0.5812725,-1.1507274,-0.44379715,-1.1968982,2.1469512,0.27964661,0.3240977,0.34679896,-0.42508873,-0.50628256,0.097119888,1.0770147
-790.77911,0.84755964,0.31457304,4,15,0,814.46558,0.41896295,2.5366041,0.29809715,-0.39978154,0.3541558,-0.15139406,0.34141105,-0.11717955,0.3594517,-0.30974262,-0.94902263,-1.1084774,0.31797764,-0.74927174,0.52964852,-0.22659208,-0.84736041,0.72755826,1.0652029,-1.4512,-1.8866619,-0.38373575,-1.0473481,-0.37784685,-0.39781063,1.7090506,0.25022456,-0.19517169,0.21435196,-0.32376521,0.079582987,-0.045747714,1.2660011
-794.7755,0.91756231,0.31457304,4,15,0,809.27903,0.38325017,2.4042682,0.27414586,-0.37428234,0.13070332,-0.12595767,0.36394217,-0.033027424,0.38650465,-0.24105186,-0.88118735,-0.95569322,0.16679213,-1.2429957,0.742815,0.011525463,-0.3818316,1.5706972,2.0200157,-0.82878403,-1.4643872,-0.29089159,1.4010496,-0.707624,-0.13082145,1.8819105,-0.011800798,-0.94584908,0.7351149,-1.0573234,-0.55481648,0.25788547,-0.92357405
-794.96039,0.81009704,0.31457304,4,15,0,811.70322,0.42806354,2.4514238,0.28933908,-0.40808482,0.33750455,-0.12583598,0.33926344,-0.15065709,0.35251163,-0.33696621,-1.1060964,-1.3033381,0.13114643,-0.96427743,1.9082606,0.35800664,-1.0768204,0.97199029,1.6013479,-1.2172607,-1.3876465,-0.33234573,-0.036058925,0.076060226,-1.7362153,0.57826928,-0.42342183,0.29122327,0.48219888,-1.084984,-1.5435146,0.2889211,0.71969103
-789.548,0.8627163,0.31457304,4,15,0,808.53158,0.3526697,2.2370351,0.28577938,-0.41516797,0.19716494,-0.17066151,0.32641942,-0.069191355,0.42105387,-0.26306564,-0.75058821,-1.429901,0.22642836,-0.19182153,1.3667551,0.50234368,-0.044311715,1.569398,1.4660958,-0.61085525,-1.414161,0.20957267,0.54722502,-0.76176908,-0.33797551,0.51071818,0.44739337,-0.978834,0.68345585,-1.7982933,-0.67290512,-0.44449506,-0.41113154
-798.49112,0.82442984,0.31457304,4,15,0,813.20463,0.42271544,2.3247243,0.16031566,-0.45674927,0.16325085,-0.14833707,0.30010158,-0.098580434,0.38561797,-0.23826257,-0.82697535,-1.5328058,0.76942011,-0.77287912,0.34039354,0.3525228,-0.44887147,1.0868281,1.6388017,-0.83197943,-1.8114473,-0.21650593,0.59530526,0.0048304822,0.4741816,1.2112582,0.22720819,1.5346577,0.59839786,-0.039897993,-0.40523623,0.93892753,-1.4447861
-795.58907,0.98981298,0.31457304,4,15,0,814.1581,0.36561237,2.4133936,0.43260534,-0.34476143,0.31533505,-0.11617487,0.39091084,-0.1053293,0.40479794,-0.32769649,-0.36202618,-1.3973455,0.4936526,-0.65543607,0.74396012,0.37786633,-0.48102199,1.0755781,1.0310856,-0.53611675,-1.2526275,-0.21835144,0.1963358,0.059875088,-0.80145398,0.52448582,-0.50566228,-2.3410103,0.7709687,-0.33913287,-0.4555244,-1.0177986,0.73008477
-793.36531,0.15895868,0.31457304,4,15,0,818.44616,0.32870144,2.3763886,0.42820488,-0.33517941,0.30462355,-0.11164237,0.37773652,-0.099401544,0.41856664,-0.30893657,-0.34563263,-1.3694433,0.54026748,-0.65314622,0.76761781,0.42633499,-0.18366587,1.1584964,0.87128167,-0.66862192,-1.0904968,0.031890257,-0.1574598,0.072589325,-0.90628039,0.54828606,-0.68024772,-2.1263894,0.43661774,-0.29123325,-0.27507589,-1.1281477,0.94312584
-793.60624,0.96163036,0.31457304,4,15,0,813.19497,0.43003154,2.605431,0.1706923,-0.45043755,0.22394199,-0.12106332,0.39015776,-0.14946493,0.34452451,-0.23997688,-0.59628944,-0.89835489,0.52966134,-0.67410304,0.39467005,-0.29740299,-0.50467048,0.29174315,1.0045609,-1.0749276,-1.357099,-0.041057911,-0.020032213,-0.41221875,-0.25050853,1.65097,-0.3083657,1.1605283,-0.10087616,0.046631812,-1.1360729,0.42109795,-0.55995737
-796.88844,0.98527681,0.31457304,4,15,0,810.46349,0.39598361,2.3329743,0.42739304,-0.35759791,0.26124072,-0.17293756,0.33285792,-0.061098167,0.38480128,-0.32629042,-1.0829918,-1.8412219,0.45496852,-1.3555948,0.80215004,0.90684627,-0.78000116,1.5013005,2.1585835,-1.6048956,-1.7295353,-0.093443642,0.25876293,0.36051041,-0.86260923,0.85184074,0.24408362,-1.5197786,0.56162016,-1.2822161,0.050619562,-0.85077423,0.43461961
-797.91607,0.89837657,0.31457304,4,15,0,813.77489,0.38636675,2.6786926,0.13145418,-0.43831719,0.19671092,-0.11103934,0.38637336,-0.1546082,0.38002083,-0.24332248,-0.47553622,-1.0282225,0.42729443,-0.68955011,0.61814615,-0.52253352,-0.44545283,0.22223797,0.5100221,-0.9397635,-1.5084275,-0.59884311,0.1848484,-0.33326749,-0.84066069,1.8684562,-0.83498328,0.87118347,-0.54859257,0.48403738,-0.80425664,0.79468847,-0.93073784
