# stan_version_major = 2
# stan_version_minor = 38
# stan_version_patch = 0
# model = survival_model
# start_datetime = 2026-03-12 11:42:18 UTC
# method = sample (Default)
#   sample
#     num_samples = 2000
#     num_warmup = 1000 (Default)
#     save_warmup = false (Default)
#     thin = 1 (Default)
#     adapt
#       engaged = true (Default)
#       gamma = 0.05 (Default)
#       delta = 0.8 (Default)
#       kappa = 0.75 (Default)
#       t0 = 10 (Default)
#       init_buffer = 75 (Default)
#       term_buffer = 50 (Default)
#       window = 25 (Default)
#       save_metric = false (Default)
#     algorithm = hmc (Default)
#       hmc
#         engine = nuts (Default)
#           nuts
#             max_depth = 10 (Default)
#         metric = dense_e
#         metric_file =  (Default)
#         stepsize = 1 (Default)
#         stepsize_jitter = 0 (Default)
#     num_chains = 1 (Default)
# id = 1 (Default)
# data
#   file = /Users/dansprague/Documents/PhaseSkate/benchmarks/scaling/data/data_H50.json
# init = 2 (Default)
# random
#   seed = 42
# output
#   file = /Users/dansprague/Documents/PhaseSkate/benchmarks/scaling/stan_output/output_H50_chain1.csv
#   diagnostic_file =  (Default)
#   refresh = 100 (Default)
#   sig_figs = 8 (Default)
#   profile_file = profile.csv (Default)
#   save_cmdstan_config = false (Default)
# num_threads = 1 (Default)
# stanc_version = stanc3 v2.38.0
# stancflags = 
lp__,accept_stat__,stepsize__,treedepth__,n_leapfrog__,divergent__,energy__,log_alpha,beta_0,beta.1,beta.2,beta.3,beta.4,beta.5,beta.6,beta.7,beta.8,log_sigma_int,log_sigma_slope,rho,z_int.1,z_int.2,z_int.3,z_int.4,z_int.5,z_int.6,z_int.7,z_int.8,z_int.9,z_int.10,z_int.11,z_int.12,z_int.13,z_int.14,z_int.15,z_int.16,z_int.17,z_int.18,z_int.19,z_int.20,z_int.21,z_int.22,z_int.23,z_int.24,z_int.25,z_int.26,z_int.27,z_int.28,z_int.29,z_int.30,z_int.31,z_int.32,z_int.33,z_int.34,z_int.35,z_int.36,z_int.37,z_int.38,z_int.39,z_int.40,z_int.41,z_int.42,z_int.43,z_int.44,z_int.45,z_int.46,z_int.47,z_int.48,z_int.49,z_int.50,z_slope.1,z_slope.2,z_slope.3,z_slope.4,z_slope.5,z_slope.6,z_slope.7,z_slope.8,z_slope.9,z_slope.10,z_slope.11,z_slope.12,z_slope.13,z_slope.14,z_slope.15,z_slope.16,z_slope.17,z_slope.18,z_slope.19,z_slope.20,z_slope.21,z_slope.22,z_slope.23,z_slope.24,z_slope.25,z_slope.26,z_slope.27,z_slope.28,z_slope.29,z_slope.30,z_slope.31,z_slope.32,z_slope.33,z_slope.34,z_slope.35,z_slope.36,z_slope.37,z_slope.38,z_slope.39,z_slope.40,z_slope.41,z_slope.42,z_slope.43,z_slope.44,z_slope.45,z_slope.46,z_slope.47,z_slope.48,z_slope.49,z_slope.50
# Adaptation terminated
# Step size = 0.280608
# Elements of inverse mass matrix:
# 0.000550681, -8.46585e-05, -6.98988e-05, 3.80763e-05, -1.6004e-05, 2.00588e-05, -4.21372e-05, 5.68261e-05, -3.3167e-05, 9.60961e-05, -9.36244e-05, 0.000307181, -0.000300246, -0.000290193, -3.66996e-05, 0.000328494, -0.00028021, -6.59721e-05, -0.000614217, 7.90241e-05, -0.00012302, 6.51779e-05, -0.000194939, -0.00030946, -0.000587211, -0.000213219, -0.00024947, -0.000222314, 0.000837893, 0.000400714, -0.0002611, -0.000240545, 0.000367639, -0.000158795, 0.000368325, -0.000176967, 0.000622038, -0.000464903, -0.000546994, -0.000207901, 0.000479479, 0.00035816, -7.78139e-06, 0.00016416, -0.00023268, 0.000375312, -0.000275501, 0.000274847, 0.000195009, -0.000412629, -4.835e-05, -0.000270741, 0.000235461, 0.000844323, 0.000615382, -0.000278391, 0.000195068, -0.000206686, -0.000178325, -0.000178813, 0.000273279, 0.000380061, -0.000491598, 0.000722874, -0.0012332, 0.000596389, 0.000689541, -0.000378352, 0.0019735, 0.000491926, -0.00111301, 0.000973788, 0.000926327, -0.000462268, 0.000917738, -0.000170049, 0.000217167, 0.000473876, -0.00116491, 6.86856e-05, 0.00100601, 0.00132173, -0.00205718, 0.000872968, -0.000328086, 0.000796151, -0.00252059, 0.000389173, 0.000872066, 0.000344248, -0.000811465, -0.00106253, -0.000541596, -0.000922942, 0.000330184, -0.000342021, 0.00100738, -0.00099609, -0.000153516, 0.00102646, 0.000777224, 0.000612219, -0.00234267, -0.00172459, -0.00081821, -0.00066128, -0.00106697, 0.00119894, 0.000712403, -0.000105715, -0.000902532, -0.000461003, 0.000897438
# -8.46585e-05, 0.00868526, 0.000274144, -0.000318134, 0.00015779, 8.03401e-05, 0.000170582, -6.25291e-05, 8.57186e-05, -6.74388e-06, 0.000784856, -0.000151393, -0.000888225, -0.0143841, -0.0111846, -0.0111185, -0.0120808, -0.0121936, -0.0120968, -0.0114994, -0.0128137, -0.00880232, -0.011565, -0.0142468, -0.0116965, -0.0133486, -0.0127073, -0.0139275, -0.00990332, -0.0140043, -0.0109296, -0.0107186, -0.0109007, -0.0104037, -0.0111335, -0.0131914, -0.0108628, -0.0127807, -0.0141491, -0.0105, -0.00966942, -0.0170244, -0.0112466, -0.01201, -0.0134178, -0.012108, -0.0116135, -0.00942619, -0.0120857, -0.0105202, -0.0142428, -0.0123684, -0.0131696, -0.0133748, -0.0121456, -0.0123488, -0.0112401, -0.0109864, -0.0117425, -0.010627, -0.0114427, -0.0113659, -0.0123873, 0.00704166, 0.0023517, -0.00163017, 0.00047196, 0.00272694, 0.000498238, 0.000807395, 0.00628643, -0.0045265, -0.000559963, 0.00761691, -0.00145139, 0.00147818, 0.0015648, 0.00238865, -0.00212387, -0.00205886, 0.000666527, -6.05531e-05, 0.000547197, -0.000639205, 0.00030337, 0.0021357, 8.7191e-05, -0.0017321, 0.00602036, -0.0046032, -0.00236352, 0.00847813, -0.00781381, -0.00236154, 0.0029636, -0.0057075, -0.00193925, -0.00204721, 0.00366441, 0.000777462, 0.00187722, -0.000474428, 0.00171917, 0.00394988, -0.00861517, 0.00388048, -0.00168903, -0.00135437, -0.000444714, -0.00501331, -0.0012068, 0.000255596, -0.00334797
# -6.98988e-05, 0.000274144, 0.000447444, -2.57852e-05, 1.95054e-05, 1.02282e-05, -9.0862e-06, -3.26942e-05, 2.03421e-05, -1.124e-05, 6.90465e-05, -3.8434e-05, -0.000321964, -0.000596487, 6.69969e-05, 8.96667e-05, 0.000280506, -0.000295941, -0.000810706, -0.000139417, -0.000550752, 0.000227356, -0.000220964, -0.000363832, -0.000631842, 8.46801e-05, -0.000214776, -0.000298637, -0.000557703, -0.000207243, 0.000105362, 0.00014803, -0.000424195, 0.000289777, -0.000198512, -0.000148325, -0.000489082, -0.000595281, 0.0001306, -4.56223e-06, -0.000196984, -0.000432352, -2.91675e-06, -0.000321316, -0.000558137, 5.49184e-05, -0.000105471, -0.000192167, -0.00061879, -0.000288146, -0.000370012, 0.000138325, -0.000660895, -0.000258799, -0.000219039, -0.000402394, -0.000549574, -0.000718596, -0.000243814, -0.000860941, -3.22554e-05, -0.000699271, 8.55484e-05, 0.000456867, -0.00145158, -0.000962228, -0.00175413, 0.000919281, 0.000581428, -0.00153136, 0.000669777, -0.00161086, -0.00132646, -2.7128e-05, 4.41062e-05, -0.00138787, 7.01265e-05, 3.78278e-05, -0.000867494, -4.00658e-05, -0.000335646, -0.000840714, 0.00025826, -0.000875371, -0.000176047, 0.000447492, 0.000791749, -0.00102728, -4.52886e-05, 0.000187709, -0.000269427, 0.000658141, 0.000387071, 0.000977416, -0.000531236, -0.000380296, -0.000420566, 0.00068587, -0.00036979, 0.000996319, 0.00147208, -0.001068, 0.00118739, -0.000772091, -0.00176997, 0.000945043, 0.000431808, 0.000214765, 0.000160759, 0.00104781, -0.00012658, 0.00113065, -0.00234388
# 3.80763e-05, -0.000318134, -2.57852e-05, 0.000446999, -4.20867e-05, -2.52491e-05, -3.79462e-06, 0.000109094, -2.86653e-05, 1.33793e-05, -0.00015735, -7.69515e-05, 0.00028285, 0.000124083, 0.000542587, 0.000136407, -0.000298053, -0.000623275, 0.000281083, 0.000315263, 0.000686913, 9.89527e-05, 0.000321821, 0.000158796, -0.000162311, 0.000488096, 0.000300481, 0.000813314, -0.000302395, 8.05882e-05, -0.000552933, 0.000702243, -0.000135808, -7.83586e-05, -0.000163093, 0.000136069, 0.000370664, -0.00053139, 0.000401039, 0.000122573, 1.04046e-05, 0.00100323, 0.000447034, 0.000345775, -0.000136454, -2.73452e-05, 0.000200568, -0.000191053, 0.000282097, -0.000153146, 0.000570334, 0.000202859, 0.000891087, 0.000129629, 0.00030068, 0.000443451, -0.000255044, -0.000280471, 0.000568361, 0.000114369, 0.000394764, 0.000295992, 0.000691781, 0.000656703, -0.000377407, -3.43929e-05, 0.000534728, 0.00055423, 0.000679633, -0.00121719, -0.000890532, 0.000631835, -0.00119945, -0.000114134, 0.00069973, 0.000138908, 6.70981e-05, -0.00107784, 0.000266386, -0.000386089, 0.00100577, 0.000975547, 0.00028003, 0.000144214, 0.00249486, -0.000208755, -0.000211754, 0.00113718, -0.00203215, 0.000381986, 0.000563308, -0.000883655, 0.000197556, -0.000813645, 0.000599582, 0.000587165, -0.000234727, 0.00137701, -0.00101394, 0.0002185, -0.000700476, 0.000535055, -5.70525e-06, 0.000183211, 0.00102668, -0.000432107, 0.00167541, 0.00269025, -0.000768861, -0.000338622, 0.000403132, -0.000106007, 0.00018627
# -1.6004e-05, 0.00015779, 1.95054e-05, -4.20867e-05, 0.000385578, -1.44682e-05, 7.37937e-05, -1.02612e-05, 3.10654e-05, -2.20889e-05, 4.36839e-05, -0.000274927, 0.000313291, -0.000421434, 0.000344265, -0.000397475, -4.08644e-05, -5.78951e-05, -8.47376e-05, -0.00026622, 0.000232259, -0.000291717, 0.000651459, -0.000457248, 9.02048e-05, -0.000639308, -1.95484e-05, -0.00036862, -6.79623e-05, 9.7705e-05, 0.000567362, -0.000218163, -0.000123747, -0.000464653, 1.19748e-05, -0.000238619, -0.000471274, 9.87202e-05, 0.000457217, -0.00018239, -8.70347e-05, -0.000298971, 0.000253822, -0.000543917, 6.20147e-05, -0.000306339, -0.000386094, -0.000232617, -0.00015369, 8.45691e-05, -0.000314695, -0.000122315, 0.000199475, -0.000597572, -0.000233375, -0.000107868, -0.000575299, 0.000134419, -0.000505736, -0.000584484, -0.00021743, -0.000630976, -0.000121023, 0.000432912, 0.000352572, -0.000625526, 0.00073282, 7.45032e-05, -0.000186141, 0.00148768, 0.000145229, 0.0010109, -0.00156037, 0.00057775, -0.000639838, 0.000636994, 0.000114505, 0.000781706, -0.000104604, -0.000755031, -0.000792169, 0.000250951, 0.00112858, 0.00195034, -0.000194234, -0.000332072, -7.60248e-05, -0.00128548, -0.000275109, 0.000644288, -0.000877377, -0.000495309, -0.000734854, 0.000153064, -0.000707512, -0.000735663, -6.83628e-05, -7.75355e-05, -0.000443672, -0.000537764, -0.000120433, -0.000116641, -0.000290613, 0.00138772, 0.000940894, 0.00069537, 0.000159677, -0.000186028, -3.43532e-05, 0.000286106, 0.000524124, -0.000200495, -0.000471922
# 2.00588e-05, 8.03401e-05, 1.02282e-05, -2.52491e-05, -1.44682e-05, 0.000420433, 4.24391e-06, 9.64288e-06, -8.36401e-06, 2.72963e-05, 7.786e-05, 0.000242597, -0.000719025, -6.1202e-05, -0.000227732, 0.000177784, 2.39205e-05, 0.000664509, -5.05557e-05, -3.22429e-05, -0.000359274, -3.59655e-05, -0.000150831, -0.000162445, -0.000178303, 0.000223142, 0.000518003, -0.000407369, 0.000129743, -7.68269e-05, -0.000831453, -0.000697811, -0.000385447, -0.000471138, 0.000122924, -0.000604519, -0.000888034, -2.05335e-05, -0.000562222, 0.000115778, 0.000521803, -0.000255703, 0.000172931, -0.000376147, -0.000393029, -0.000411806, -0.000376046, 0.000160354, -0.000437495, -0.000413207, -0.000746995, -0.000259581, -5.34587e-05, 0.000297157, -0.000232719, -2.89114e-05, -0.000324807, -0.000500903, -8.0344e-05, -0.000474836, 5.43194e-05, 4.06832e-05, -7.23797e-05, -0.000149446, -0.000362116, -0.000487475, -0.000148287, -0.0017214, 0.000219416, -9.93869e-05, 0.00126154, 0.000326125, 4.63565e-05, -0.000184178, -0.000451778, -0.000567401, -0.000395213, 0.000528524, -0.000656584, 6.91139e-05, 0.0014978, -0.000640765, 0.0001893, -0.000948776, -0.000886977, -0.00146242, 0.00119312, 0.000298539, 0.000825351, 0.000224816, -0.000287938, -0.00118776, -0.000306414, 0.00110012, 0.0011671, -1.60055e-05, 0.00107008, 0.000307671, 0.000436508, 0.00113623, 0.00223625, 0.000161164, 0.000239922, -4.92802e-05, -0.00037482, -0.000554665, -0.00117194, -0.000303399, -0.000481522, 0.000524338, -0.000780425, 0.000418366, -0.000364519
# -4.21372e-05, 0.000170582, -9.0862e-06, -3.79462e-06, 7.37937e-05, 4.24391e-06, 0.000427512, 1.98983e-05, 1.23921e-05, -7.19717e-06, 2.70987e-05, 6.92811e-05, -7.47586e-05, -8.36665e-05, -0.000443799, -0.000390584, -0.000599084, -8.61754e-05, 0.000368339, -0.000226365, 0.000719194, 3.87046e-05, 0.000415836, 0.000144972, 0.000773504, -0.000222297, 8.47459e-05, -0.000184039, -0.000521941, 0.000101259, 0.000169106, 0.000530387, -5.10017e-05, -0.000662955, -0.000356484, -0.000218116, 0.000142554, -7.28234e-05, -0.000469132, 0.000262695, -9.41084e-05, 0.000363056, 0.000132478, -0.000654197, -8.28445e-05, -0.000463157, -0.000334124, 0.000369836, -0.00026012, 0.000399304, -0.000599432, -0.000151306, -0.000501936, -0.000175946, -0.000949186, 0.000318991, -0.00015507, 0.000291438, 0.000124183, -0.000135039, -0.000206385, -0.000345138, -0.000548208, -0.000924825, 0.000308476, 0.000180296, 0.000168811, 0.000232906, -0.00012084, -0.000347177, -0.000486086, -0.000881475, -0.000779669, -0.00014837, -0.00244195, 0.000794316, 7.62317e-05, -8.35202e-05, 0.000214331, -0.000232508, -0.000331013, -0.000315334, 0.000863603, 9.58344e-05, 0.000449925, -0.000182185, 0.000474625, 0.000457558, 0.00115214, 1.86794e-05, -0.000293187, -0.000889122, -0.000539621, 0.000102548, -0.000313463, 0.000894228, 0.000299033, -0.000679578, -0.00016377, -0.000886601, -0.000452032, 2.63298e-05, -9.55229e-06, -0.000193667, 0.000488455, -0.00114872, 0.000247118, -0.000369742, 0.000242062, -0.00137298, 0.00133961, -0.000464712, 0.000380135
# 5.68261e-05, -6.25291e-05, -3.26942e-05, 0.000109094, -1.02612e-05, 9.64288e-06, 1.98983e-05, 0.000459688, -5.05427e-05, 1.33655e-05, 0.00010471, -0.000524875, -0.000560315, 0.000228029, 0.00042764, -0.000347493, 1.40322e-05, 8.94817e-05, -2.79702e-05, -0.000312314, 0.000388946, 3.30532e-05, -6.92933e-05, 0.000150127, -0.000330911, 0.000114381, -0.000247381, -0.000311699, 0.000208557, -0.000282782, 0.000101308, 0.00120371, 0.000112102, -0.000111133, -0.000127707, -0.000585237, -0.000434259, -0.000604868, -5.18507e-05, 0.000252244, -0.00024342, 0.000361045, 0.000262556, 0.000130264, -9.85574e-06, -0.000262583, -0.000159844, 0.000225064, -0.000481268, -0.000663648, -7.75304e-05, 0.000130928, 0.000260876, 0.000114866, -0.000216928, -0.00105891, 4.73131e-05, -0.00038729, 0.000520171, -9.01077e-05, 0.000325384, -0.000186469, -0.000284784, 1.4065e-05, -0.0012883, 0.000648321, 0.000927099, -0.000301783, 0.000776807, 0.000503006, -0.00121101, -9.10361e-05, -0.000891174, -0.000505276, 0.000985877, -3.75189e-05, 0.000118256, 8.17657e-05, -0.00091056, 0.000451562, -0.000756603, -0.000551945, -0.000621344, 8.6686e-05, 0.000519468, 0.00127313, 0.00139143, 0.000919743, -0.00148999, -0.000154445, 0.000443616, -0.000717954, -0.00091831, -0.00213533, -0.000318816, -0.000167915, 0.000280229, -0.000676247, 0.00048279, 0.00138791, 0.000875, -0.000436959, -0.000653027, -0.000752093, -0.000676785, 9.80016e-05, 0.000591409, 0.00144536, -9.93187e-05, -0.00088389, 0.000437756, 0.000336949, 0.000134373
# -3.3167e-05, 8.57186e-05, 2.03421e-05, -2.86653e-05, 3.10654e-05, -8.36401e-06, 1.23921e-05, -5.05427e-05, 0.000415341, -5.62181e-06, -3.76719e-05, 1.68689e-05, 0.00051126, 0.000496264, -1.35972e-05, 0.000330918, 0.00031515, 0.000235366, -0.000415106, -4.01007e-05, 0.00039664, -0.000315774, 0.000224203, 2.98803e-05, 0.000409338, 0.000324562, 0.000239743, 0.000523673, -0.00026877, -0.000167342, -9.44798e-05, -0.000174675, 0.000294234, -0.000126677, -0.000182434, 0.000274906, -0.000507622, 0.000446475, -0.000129898, -0.000415291, -0.000115065, -0.000949179, 0.000209668, -0.000203995, 0.000309329, 0.000280088, 2.97836e-05, -0.000191457, -0.000158006, 0.000655454, 7.22246e-05, 0.000124938, -0.000342813, 6.38343e-06, 0.000282674, -0.000618846, 0.000455612, -8.33082e-05, 8.10794e-05, -0.000231656, 0.000288676, 0.000586447, 0.000185076, -0.000485791, 0.000374439, -0.00108881, 0.000108869, -0.000448394, 0.000479214, 0.000505824, -0.000830976, 0.000690397, -0.000366378, -0.000246767, -0.00107027, -0.001382, -0.000889445, -0.00124095, 2.6525e-05, 0.000218529, 0.001456, 0.000554858, 0.000177522, 0.000135789, 0.000708859, -0.00103719, 0.000522297, -7.87145e-05, 0.00080128, 0.0013326, -0.000444897, 0.00226973, -0.000612352, 0.00040017, 4.05052e-05, -0.000154447, -0.000991699, 0.00106495, 0.000632224, -0.00134167, -0.00060915, -0.000807842, 0.00122798, -0.000873793, 0.000479625, 0.001567, 8.02727e-05, -0.000165686, -0.00104191, 0.000480577, -0.000153865, -0.000645951, -0.000718313
# 9.60961e-05, -6.74388e-06, -1.124e-05, 1.33793e-05, -2.20889e-05, 2.72963e-05, -7.19717e-06, 1.33655e-05, -5.62181e-06, 0.000411158, -6.22317e-05, -0.000146002, -0.00106513, -0.00037518, -0.000446048, 0.000168099, -0.000199686, -7.81603e-05, -2.94437e-05, -0.000198332, -6.19251e-05, -0.000400193, -2.21563e-05, -0.000144978, 3.70494e-05, 0.000377364, -0.000418245, -3.65476e-05, 0.000488629, -0.000490839, -0.000134658, 0.000327561, -0.000596874, -0.000360981, -0.000107521, 1.32307e-05, -4.62601e-05, -0.000452238, -0.000235563, -0.000753694, 0.000261564, 0.000503542, -0.000395569, -5.74468e-05, -0.000364367, -5.28686e-05, 0.000136388, 0.000334158, 0.000128896, 0.000235944, -0.000117749, -0.000307981, -4.36088e-05, -0.000444637, 0.000512637, -9.65828e-05, 0.000254307, 0.000267335, -0.000220538, -0.000317262, -0.000222553, -0.000305297, -0.000594211, 8.80937e-05, 0.0001671, 0.000864237, 0.000561123, -0.000108084, 0.000492754, 0.000177551, -0.00116396, -7.25763e-05, 0.00117783, -0.000492152, -0.000499333, 1.42539e-05, -0.000371372, 7.51269e-05, -0.00129659, 0.000592179, -0.000320619, -0.00077715, -3.37409e-05, -3.51539e-05, -0.000114278, 0.00198947, -0.000605629, -0.000438861, 0.000380569, 0.00110076, -0.000322937, 0.000877995, 0.000199211, -0.000794998, -8.081e-05, 0.00074356, -0.000471166, -0.00122427, -0.000126069, 0.000647652, -0.000122589, 0.00012875, -0.000935717, 0.00110516, -0.00117539, -0.000293521, -0.00112016, -0.00090416, 0.000470707, 0.000525955, 0.000768335, 0.00019799, 0.000316694
# -9.36244e-05, 0.000784856, 6.90465e-05, -0.00015735, 4.36839e-05, 7.786e-05, 2.70987e-05, 0.00010471, -3.76719e-05, -6.22317e-05, 0.0139313, -0.00127394, -0.00583206, 0.00482678, -0.00132028, 0.00501497, 0.0034398, -0.0050526, -0.00406707, 0.0105058, 0.0178212, 0.0301528, -0.00157605, 0.0111129, -0.0060496, -0.00489589, 0.0104187, -0.00913772, -0.00506052, -0.00107375, 0.00945857, -0.0154546, 0.00143602, 0.012682, 0.0141899, -0.0118989, -0.0203081, -0.0143247, -0.0085634, -0.00404245, -0.00308299, -0.0157246, -0.00582484, 0.004264, -0.0130388, -0.0182901, -0.000473085, -0.000634232, 0.00593576, -0.00302177, -0.00219986, 0.0105658, 0.00894049, 0.00116378, 0.000929545, -0.0103963, 0.000643067, 0.0017272, 0.00857023, 0.00567377, 0.00184669, 0.00390887, 0.000646552, 0.00451781, -0.00380335, 0.00451982, 0.00623445, -0.00419355, 0.00241423, 0.0110193, -0.0030736, -0.00988236, -0.000788982, -0.00450711, -0.00220874, 0.00398891, -0.00448209, 0.00212222, -0.00110201, 0.00100101, 0.00618408, -0.00619134, 0.00448833, -0.000308448, 0.00131432, 0.00248166, -0.00465735, -0.00536298, 0.000367167, -0.000259172, 0.00224295, -0.00378188, 0.000808523, -0.00250757, 0.00280182, -0.00911541, -0.000986256, 0.00135635, 0.00608397, -0.00362557, 0.00413295, -0.00235473, -0.00225048, -0.00118531, -0.00273584, -0.000876957, -0.00650604, -0.00446115, -0.00243146, -0.00388598, 0.00298021, -0.00437067, 0.000842451
# 0.000307181, -0.000151393, -3.8434e-05, -7.69515e-05, -0.000274927, 0.000242597, 6.92811e-05, -0.000524875, 1.68689e-05, -0.000146002, -0.00127394, 0.0328685, -0.0130163, -0.000817701, 0.00643927, 0.00109936, -0.000521009, 0.000476736, -0.00740535, -0.00615396, 2.25071e-05, 0.0086875, -0.00739718, 0.00198683, -0.00308999, 0.00364891, 0.00552232, -0.00152482, 0.0099673, -0.00042639, -0.00618762, -0.00511626, -0.00525876, -0.00595691, 0.00304845, -0.000341576, -0.000708774, -0.000868136, 0.00209955, -0.00548051, 0.00635777, 0.00290074, -0.000650732, 0.00493526, -0.001597, 0.0126467, 0.00599825, 0.00348258, 0.0094683, -0.000514635, -0.00692787, -0.00415681, 0.0012686, 0.00652859, 0.00343799, -0.00353384, 0.00563981, 0.000688551, 0.00202198, -0.00388014, 0.00117019, 0.00868228, -0.00932415, -0.00376696, -0.00526491, -0.00108695, -0.00750943, 0.00259542, -0.00509851, -0.00948819, 0.017664, 0.015098, -0.00679987, 0.0101164, 0.00684369, -0.00267294, 0.0105781, -0.000399085, -0.00324177, -0.00311817, -0.00169201, 0.0207616, -0.00296315, -0.000777767, 0.0193842, 0.00189587, -0.00936614, 0.00513648, 0.000303199, 0.00287494, 0.00168155, 0.00423757, 0.00579945, -0.00237265, 0.00475394, -0.00927278, -0.00912514, -0.000219124, -0.00813621, 0.00800601, -0.00616443, -0.00299818, 0.000467464, 0.00249232, 0.00354727, 0.00306883, 0.000259674, -0.00679482, -0.0074083, 0.00225581, 0.00251374, 0.000717714, 0.00279561
# -0.000300246, -0.000888225, -0.000321964, 0.00028285, 0.000313291, -0.000719025, -7.47586e-05, -0.000560315, 0.00051126, -0.00106513, -0.00583206, -0.0130163, 0.188076, 0.0135211, 7.33377e-05, -0.000294741, 0.00453697, 0.00488194, 0.0202218, 0.0261613, 0.00169498, -0.00994396, 0.00909274, -0.00812441, -0.00435076, -0.00535381, -0.0082001, 0.0155056, -0.0195305, 0.0147881, 0.0189806, -0.0124834, 0.0107807, 0.0221209, 0.000116651, -0.000547661, 0.0087225, 0.0105584, -0.00541301, 0.00662922, -0.0110028, -0.0172706, 0.0100924, -0.000396445, 0.00381394, -0.0327483, -0.00022367, -0.00647677, -0.00548952, 0.000281377, 0.0176182, 0.0250825, 0.00362166, -0.016418, -0.00282394, 0.00570974, -0.0128137, 0.00677834, 0.00294657, 0.00936897, -0.00278864, -0.0219975, 0.0186015, 0.0262184, 0.00753588, 0.0328171, 0.00206903, -0.0317958, -0.0442967, 0.0374527, 0.0600711, 0.141187, 0.00126248, 0.0635315, -0.0112713, -0.00865305, 0.0550668, -0.043681, 0.00826426, -0.0185014, 0.0361122, -0.0515645, 0.0127655, 0.0442814, 0.0410892, -0.0451177, -0.0422324, -0.0755301, -0.023236, -0.0261321, -0.0138496, -0.0648693, -0.0225471, -0.00161543, -0.0560385, -0.00662496, -0.0204516, 0.0294043, 0.0273883, -0.021799, -0.0178234, 0.0255533, 0.0259234, 0.00970008, 0.0469125, -0.0511507, 0.0177415, 0.00596266, 0.0616476, 0.0392952, 0.0263923, 0.0333596, 0.0086329
# -0.000290193, -0.0143841, -0.000596487, 0.000124083, -0.000421434, -6.1202e-05, -8.36665e-05, 0.000228029, 0.000496264, -0.00037518, 0.00482678, -0.000817701, 0.0135211, 0.0959149, 0.0216156, 0.0225622, 0.0173176, 0.0234397, 0.0156305, 0.0265882, 0.0284625, 0.025138, 0.0243364, 0.0341468, 0.0187033, 0.0146098, 0.0230289, 0.0157148, 0.0136477, 0.0242979, 0.0252997, 0.0122434, 0.020895, 0.0215555, 0.0232629, 0.018234, 0.00660379, 0.0162422, 0.0237792, 0.0238442, 0.0123112, 0.0137827, 0.0185793, 0.0220732, 0.0206364, 0.0120991, 0.0263436, 0.0180418, 0.0199454, 0.021871, 0.0221667, 0.0253102, 0.0221107, 0.0249065, 0.0246656, 0.0193706, 0.0213033, 0.0193684, 0.0284871, 0.0304529, 0.0226022, 0.0183388, 0.0268387, -0.119215, -0.0124734, -0.00371149, 0.0162207, -0.0237949, 0.00252599, 0.00868949, -0.0125007, 0.0104171, -0.00328764, -0.00940347, -0.00125724, -0.00484204, -0.0035052, -0.013414, 0.00812644, 0.0112638, 0.012146, 0.00684479, 0.00987129, 0.0182718, 0.00930454, -0.0162888, -0.010105, 0.00215283, -0.0115028, 0.000473323, 0.0106393, -0.0173531, 0.00694298, 5.38398e-05, -0.000939218, 0.013542, -0.0175518, 0.00796965, 0.00690977, -0.0189724, -0.0157393, 0.0181614, 0.0114595, -0.015499, 0.0217533, -0.00506013, 0.00596615, -0.000768752, -0.00130629, -0.00306616, 0.000170377, 0.00736632, -0.00637752
# -3.66996e-05, -0.0111846, 6.69969e-05, 0.000542587, 0.000344265, -0.000227732, -0.000443799, 0.00042764, -1.35972e-05, -0.000446048, -0.00132028, 0.00643927, 7.33377e-05, 0.0216156, 0.0891489, 0.0149094, 0.0136085, 0.0121402, 0.0105806, 0.0160549, 0.0182758, 0.0113892, 0.0151606, 0.0142245, 0.0149518, 0.0092423, 0.0180486, 0.0187722, 0.0181444, 0.0208567, 0.0121908, 0.0102295, 0.0116279, 0.0142008, 0.0140845, 0.0163267, 0.0166803, 0.0137832, 0.0228161, 0.0228465, 0.0123203, 0.0212012, 0.0123888, 0.0218935, 0.0208128, 0.0125502, 0.0179474, 0.00461266, 0.0101167, 0.0198942, 0.0134613, 0.0105675, 0.0203209, 0.0228116, 0.0171771, 0.0110563, 0.0145003, 0.0195908, 0.0150998, 0.0109933, 0.0198676, 0.0160228, 0.0109933, -0.00900659, -0.120333, -0.00700407, 0.000905112, 0.00396522, 0.00272811, -0.0090367, 0.000843629, 0.0150655, -0.0158033, -0.00189371, -0.00322056, 0.00861198, 0.00392832, 0.00172648, 0.00164459, 0.000127885, 0.000225552, 0.00618223, -0.00207668, -0.00616059, 0.00169489, -0.0121562, 0.012401, 0.00155518, -0.0157299, -0.00330422, 0.00402772, -0.0034462, 0.00873946, -0.0108326, -0.00391463, 0.0195429, -0.00383053, 0.0182611, -0.000385009, 0.00786238, 0.00383758, 0.00803189, -0.0179655, -0.0127186, 0.00477842, 0.0132868, 0.0207212, -0.00727644, 0.00203464, 0.00481293, -0.00135742, -0.00350392, -0.00450916
# 0.000328494, -0.0111185, 8.96667e-05, 0.000136407, -0.000397475, 0.000177784, -0.000390584, -0.000347493, 0.000330918, 0.000168099, 0.00501497, 0.00109936, -0.000294741, 0.0225622, 0.0149094, 0.0806984, 0.0118106, 0.020314, 0.0103485, 0.0267465, 0.0227059, 0.0262967, 0.0114433, 0.023754, 0.0108218, 0.0133543, 0.0200383, 0.014781, 0.00894862, 0.0161514, 0.0167986, 0.0117253, 0.0137289, 0.0237697, 0.0208326, 0.0141673, 0.0101207, 0.0080977, 0.0143167, 0.010578, 0.0137527, 0.0163074, 0.0148875, 0.0155233, 0.0164361, 0.00694051, 0.00815844, 0.0172865, 0.0201544, 0.0152687, 0.0128923, 0.0211707, 0.0237589, 0.0181695, 0.021062, -0.00238679, 0.0140996, 0.0166027, 0.0186182, 0.0203516, 0.0270446, 0.0182903, 0.0114497, -0.00375112, -0.000892596, -0.100334, 0.00544156, -0.00915902, 0.00161961, -0.000605836, 0.002338, -0.00187993, 0.00501842, -0.0127156, 0.000438467, 0.00419923, 0.00871829, -0.00490997, 0.00170995, 0.00769918, 0.0136058, -0.0115064, 0.00178381, -0.0139503, 0.00215895, -0.00673156, 0.00616108, 0.00361993, -0.00984149, 0.0101882, 0.00847431, -0.00676497, 0.00790249, 0.0120731, -0.00504704, 0.0114247, 0.00654681, 0.00431018, -0.00742493, -0.0043136, 0.0144862, -0.00547005, -0.0216669, -0.00818822, 0.00165824, 0.0190788, -0.0148398, -0.00855142, -0.00127121, -0.00248171, -0.0225635, -0.00126851, 0.0161398
# -0.00028021, -0.0120808, 0.000280506, -0.000298053, -4.08644e-05, 2.39205e-05, -0.000599084, 1.40322e-05, 0.00031515, -0.000199686, 0.0034398, -0.000521009, 0.00453697, 0.0173176, 0.0136085, 0.0118106, 0.100998, 0.0148047, 0.00868774, 0.024112, 0.0160352, 0.0180727, 0.0124155, 0.0242332, 0.0129503, 0.0151802, 0.0247127, 0.0176678, 0.00534679, 0.0149373, 0.0138661, 0.0181681, 0.0207791, 0.0216416, 0.0259874, 0.0127406, 0.0109464, 0.0126108, 0.0172302, 0.0120286, 0.0128632, 0.0211901, 0.0194661, 0.0219217, 0.0150009, 0.010722, 0.016294, 0.0171052, 0.020271, 0.019729, 0.0222237, 0.0265168, 0.0279606, 0.0172104, 0.0200044, 0.0112672, 0.0145339, 0.0235779, 0.0165228, 0.0157224, 0.0163349, 0.0183098, 0.0201287, 0.00458825, -0.0125754, 0.0138164, -0.126365, -0.00406633, 0.0155373, -0.0119476, 0.00340129, 0.0103953, -0.0123178, -0.0088971, 0.00388674, -0.0035172, -0.0192038, 0.00252873, 0.0223902, 0.0156897, 0.0195317, 0.00415748, 0.00296832, 0.000543402, -0.0175017, 0.00605023, -0.0107827, 0.00236403, 0.00179763, 0.00884566, -0.00145053, -0.00559537, 0.00751781, -0.00481826, -0.0112207, -0.0150284, 0.0117446, -0.00147367, 0.000576492, -0.0177504, -0.00427544, -0.0115005, -0.0076265, 0.00777627, 0.0224121, 0.000166702, -0.00271258, -0.0171896, -0.00106691, 0.0144718, -0.00321948, -0.0115323, -0.00542734
# -6.59721e-05, -0.0121936, -0.000295941, -0.000623275, -5.78951e-05, 0.000664509, -8.61754e-05, 8.94817e-05, 0.000235366, -7.81603e-05, -0.0050526, 0.000476736, 0.00488194, 0.0234397, 0.0121402, 0.020314, 0.0148047, 0.0892042, 0.0216326, 0.0163843, 0.00954033, 0.0036358, 0.0203467, 0.0185054, 0.0165824, 0.0155575, 0.0195229, 0.0218803, 0.0158523, 0.0211492, 0.014219, 0.00893138, 0.0177027, 0.00945633, 0.010056, 0.0227977, 0.0146004, 0.0285606, 0.0263174, 0.0119389, 0.0154166, 0.019581, 0.018935, 0.0127023, 0.0268713, 0.0255056, 0.0141306, 0.00966499, 0.0130438, 0.0177063, 0.0193681, 0.0167708, 0.0122481, 0.0222774, 0.0193785, 0.0153033, 0.0172712, 0.0146821, 0.0125872, 0.0152488, 0.0135246, 0.0125903, 0.0170477, -0.0158356, 0.0133667, -0.014593, -0.00029124, -0.105751, -0.010172, -0.00597445, 0.00239137, 0.00818514, 0.0126733, -0.0221403, -0.0032176, -0.0063587, -0.00838859, -0.0136416, -0.00856716, 0.0174058, -0.00615861, -0.00224879, 9.42992e-05, 0.00144295, -0.00435888, -0.00110739, 0.0183809, 0.0173693, -0.011282, 0.0159615, -0.00119833, -0.00319466, 0.0223502, 0.00652368, -0.00149243, 0.00684578, 0.00918886, 0.00831604, 0.00067386, 0.00603304, 0.0141994, -0.0110781, -0.000747511, -0.00894575, -0.00152356, -0.00352997, -0.00571583, -0.00222262, 0.0103669, 0.00688807, 0.00630142, 0.00865706, 0.00978368
# -0.000614217, -0.0120968, -0.000810706, 0.000281083, -8.47376e-05, -5.05557e-05, 0.000368339, -2.79702e-05, -0.000415106, -2.94437e-05, -0.00406707, -0.00740535, 0.0202218, 0.0156305, 0.0105806, 0.0103485, 0.00868774, 0.0216326, 0.101342, 0.0150554, 0.0134668, 0.00335657, 0.0192184, 0.0120859, 0.0163142, 0.015449, 0.0156213, 0.0175678, 0.00688597, 0.0227862, 0.0155095, 0.0195042, 0.0131237, 0.013897, 0.00855356, 0.0201277, 0.0197051, 0.0308108, 0.0176406, 0.0240796, 0.0132258, 0.0248373, 0.0139757, 0.0113696, 0.019828, 0.0110585, 0.0202679, 0.0119392, 0.020973, 0.0160378, 0.0193421, 0.0269007, 0.00524077, 0.00816864, 0.00940445, 0.0187471, 0.00841082, 0.0181003, 0.0083734, 0.0156742, 0.0136301, 0.0125797, 0.0187759, -0.00724649, 0.0230634, 0.00066615, 0.0127522, -0.00259359, -0.14084, 0.0182154, -0.0126793, 0.0132939, 0.0104672, 0.00517297, 0.0185281, -0.00379983, 0.00719477, 0.00580446, 0.00775253, -0.00483074, -0.00381891, -0.00192742, 0.0143355, 0.01764, 0.00808953, -0.0193086, -0.0146938, -0.0308547, 0.000844443, -0.00488646, -0.00195683, -0.0229288, 0.0156267, 0.00096347, -0.00617623, 0.0217849, -0.00639176, -0.0008029, -0.00440195, 0.00155521, -0.00911115, -0.00701874, 0.0210334, 0.0117254, 0.0235299, -0.0203626, 0.0113922, -0.0230844, 0.0103353, 0.0061388, 0.00350151, 0.00271729, 0.00775647
# 7.90241e-05, -0.0114994, -0.000139417, 0.000315263, -0.00026622, -3.22429e-05, -0.000226365, -0.000312314, -4.01007e-05, -0.000198332, 0.0105058, -0.00615396, 0.0261613, 0.0265882, 0.0160549, 0.0267465, 0.024112, 0.0163843, 0.0150554, 0.0943512, 0.0280571, 0.0342731, 0.0157127, 0.0302828, 0.0127701, 0.0129456, 0.0235036, 0.0135225, 0.000909602, 0.0156724, 0.0202122, -0.0132692, 0.0172128, 0.0308721, 0.0265981, 0.00748853, -0.000379348, 0.00199988, 0.00286585, 0.0153828, 0.0080237, 0.0150135, 0.014766, 0.0202744, 0.00968393, -0.00996048, 0.010986, 0.0138865, 0.0174801, 0.0118732, 0.0200193, 0.0379165, 0.0259577, 0.0148621, 0.0168246, 0.00860373, 0.0156006, 0.0223422, 0.022989, 0.0240704, 0.0113897, 0.0165426, 0.0214078, -0.00442956, -0.0129194, 0.00336241, 0.00547667, -0.0215359, 0.00249671, -0.0825099, -0.000621256, 0.0237334, 0.00529267, -0.010934, -0.0168597, -0.0141676, -0.0044811, -0.0160628, 0.00176381, 0.0121329, 0.00836797, 0.00535769, -0.00151738, 0.000238915, 0.00405237, -0.00586651, -0.0250616, -0.008974, -0.00472881, -0.0113128, -0.00176614, -0.0326211, 0.0137022, 0.00674457, 0.00684811, 0.00985642, 0.019761, 0.00779084, 0.0156321, -0.0159434, 0.00648901, -0.00316025, -0.0111056, 0.00148817, 0.0206661, -0.0182502, -0.00149063, -0.0111373, 0.000612055, 0.00116679, 0.0131571, -0.00814416, 0.00379295
# -0.00012302, -0.0128137, -0.000550752, 0.000686913, 0.000232259, -0.000359274, 0.000719194, 0.000388946, 0.00039664, -6.19251e-05, 0.0178212, 2.25071e-05, 0.00169498, 0.0284625, 0.0182758, 0.0227059, 0.0160352, 0.00954033, 0.0134668, 0.0280571, 0.102193, 0.0617029, 0.0146761, 0.0355483, 0.0194021, 0.0144546, 0.0345576, 0.0130247, 0.00824513, 0.0249422, 0.0369095, -0.00212299, 0.0212269, 0.037774, 0.0387568, 0.00258016, -0.0138906, 0.00146556, 0.012759, 0.00563477, 0.00500348, -0.00146761, 0.0141645, 0.0224124, 0.00231415, -0.00760035, 0.0151969, 0.0129748, 0.0192739, 0.0117991, 0.0200157, 0.035887, 0.0324219, 0.0196473, 0.0185777, 0.014553, 0.0199553, 0.0196953, 0.0308548, 0.026329, 0.0191985, 0.0231612, 0.0221906, 0.00358521, -0.00847221, 0.0160665, 0.0260315, -0.00173763, 0.00500698, 0.0333763, -0.104843, -0.0149982, -0.00578804, -0.00640333, -0.0296585, 0.00742946, -0.000773641, -0.000489903, -0.00242051, -0.00316126, 0.00832943, -0.00214429, 0.00209512, -0.00946987, 0.006823, 0.00842036, 0.00247465, -0.00525347, -0.0154689, 0.00843264, 0.0170021, -0.0228589, -0.000413923, 0.000102892, 0.00251565, 0.00804844, 0.00409551, 0.0201916, 0.00954172, -0.00279838, -0.0103372, -0.00210361, -0.00884735, -0.017439, 0.0166769, -0.0270863, -0.000593419, 0.0182238, 0.0016222, -0.00224317, 0.0188437, -0.00932053, -0.000336488
# 6.51779e-05, -0.00880232, 0.000227356, 9.89527e-05, -0.000291717, -3.59655e-05, 3.87046e-05, 3.30532e-05, -0.000315774, -0.000400193, 0.0301528, 0.0086875, -0.00994396, 0.025138, 0.0113892, 0.0262967, 0.0180727, 0.0036358, 0.00335657, 0.0342731, 0.0617029, 0.130326, 0.0091044, 0.0455997, 4.74731e-05, 0.00389568, 0.0401169, -0.00303962, 0.00721185, 0.0217768, 0.032576, -0.0210635, 0.0157534, 0.0364612, 0.0464983, -0.0162399, -0.0304355, -0.0180523, 0.00424761, -0.00016248, 0.00456485, -0.0149031, 0.00349248, 0.0321424, -0.011266, -0.0222473, 0.013001, 0.00148047, 0.0239916, 0.00195113, 0.00801437, 0.0443028, 0.0381402, 0.022664, 0.016721, -0.0104592, 0.0149934, 0.0164, 0.0331046, 0.0241351, 0.0165656, 0.0256564, 0.0174845, 0.00385577, -0.00502167, 0.0160163, 0.0179788, -0.0248514, -0.00704688, 0.0244317, -0.0159358, -0.0948526, -0.00525481, -0.0234617, -0.00480278, 0.00465411, -0.00670296, -0.00689857, 0.0027483, -0.020034, 0.0206873, -0.00177498, 0.00773681, 0.00846522, 0.0238052, 0.0156029, -0.0255982, -0.0200084, -0.0223238, 0.00731206, 0.0216668, -0.0150164, 0.00799708, -0.0247476, 0.00977799, -0.0171726, 0.00161484, 0.0276448, 0.0128783, -0.0141022, 0.00207011, -0.0128166, -0.00476271, -0.00962313, 0.00149935, -0.00481107, -0.00927746, -0.00561384, -0.00754743, -0.00942934, 0.0187175, -0.025585, 0.00940179
# -0.000194939, -0.011565, -0.000220964, 0.000321821, 0.000651459, -0.000150831, 0.000415836, -6.92933e-05, 0.000224203, -2.21563e-05, -0.00157605, -0.00739718, 0.00909274, 0.0243364, 0.0151606, 0.0114433, 0.0124155, 0.0203467, 0.0192184, 0.0157127, 0.0146761, 0.0091044, 0.107929, 0.0180502, 0.024273, 0.0206006, 0.0200951, 0.0215814, -0.00416696, 0.0214281, 0.0226644, 0.0172986, 0.015061, 0.0151472, 0.0193003, 0.0125653, 0.0205147, 0.0254094, 0.0157775, 0.0135582, 0.00518027, 0.0271412, 0.0240138, 0.0152005, 0.0235894, 0.0115189, 0.0222853, 0.0113478, 0.0131389, 0.0210462, 0.0219719, 0.0261946, 0.0119015, 0.018764, 0.0121337, 0.025329, 0.0132127, 0.015558, 0.00929048, 0.00581696, 0.0150552, 0.0092039, 0.0195631, -0.00621635, -0.000924488, 0.01089, 0.0180761, -0.0117737, -0.000221643, 0.00827155, 0.00299605, 0.000194281, -0.144162, -0.0141307, -0.0142189, 0.00587676, 0.00597183, 0.00301644, 0.0381242, -0.0197729, -0.00811483, -0.00680471, 9.43439e-05, 0.0278875, -0.00348653, 0.0090354, 0.0209701, 0.00606487, -0.0093108, 0.0130398, 0.0172462, -0.0116201, -0.000969164, -0.0010266, -0.0236572, 0.0216546, -0.00850814, 0.00528872, 0.00144167, -0.00569018, -0.00763003, -0.0347797, 0.0187978, -0.00405162, 0.00212658, -0.0303776, 0.0141775, -0.0034665, 0.0213637, 0.00740693, -0.00443653, 0.000408497, 0.001112
# -0.00030946, -0.0142468, -0.000363832, 0.000158796, -0.000457248, -0.000162445, 0.000144972, 0.000150127, 2.98803e-05, -0.000144978, 0.0111129, 0.00198683, -0.00812441, 0.0341468, 0.0142245, 0.023754, 0.0242332, 0.0185054, 0.0120859, 0.0302828, 0.0355483, 0.0455997, 0.0180502, 0.0977155, 0.0174225, 0.0170654, 0.0325956, 0.020965, 0.0141565, 0.0257042, 0.020861, 0.0058483, 0.0199305, 0.0284067, 0.0321624, 0.012968, 0.000438361, 0.00909999, 0.0182492, 0.0153502, 0.0161251, 0.0173064, 0.011664, 0.0266024, 0.0182288, 0.00914269, 0.0146148, 0.0178472, 0.0231648, 0.0134819, 0.0183242, 0.0283896, 0.0268053, 0.0305403, 0.0170673, 0.0091809, 0.0227576, 0.0163894, 0.0298606, 0.023732, 0.0219316, 0.0249157, 0.0253302, -0.0187004, 0.00296382, 0.0164678, -0.00121527, -0.013693, 0.0111574, -0.00673585, -0.0181032, -0.00407189, 0.00386517, -0.127142, 0.00219801, -0.0010567, -0.00581194, -0.00366528, 0.00204755, 0.00639059, 0.0154264, -0.0189912, 0.0168876, -0.0033812, -8.22311e-05, 0.00865061, 0.00709036, -0.00155877, -0.00796887, 0.019614, 0.0122265, -0.0110645, 0.0292508, -0.0162065, -0.00703425, 0.0140288, 0.0117517, -0.0036649, 0.000945561, -0.00324674, 0.00306508, -0.00140074, 0.00706766, -0.0229755, 0.0171196, -0.00678619, -0.00218859, 0.0139493, 0.00020333, -0.00113169, 0.000520393, -0.00537713, 0.0115143
# -0.000587211, -0.0116965, -0.000631842, -0.000162311, 9.02048e-05, -0.000178303, 0.000773504, -0.000330911, 0.000409338, 3.70494e-05, -0.0060496, -0.00308999, -0.00435076, 0.0187033, 0.0149518, 0.0108218, 0.0129503, 0.0165824, 0.0163142, 0.0127701, 0.0194021, 4.74731e-05, 0.024273, 0.0174225, 0.111623, 0.0260823, 0.0113448, 0.0184639, 0.0138283, 0.0303028, 0.0128013, 0.0264364, 0.0120079, 0.00730463, 0.00588278, 0.0190881, 0.022105, 0.0235357, 0.0200809, 0.00643995, 0.0145982, 0.0301215, 0.0214466, 0.0136799, 0.0301438, 0.0292895, 0.0116886, 0.0159814, 0.0105865, 0.0226392, 0.0181458, 0.0088732, 0.0135462, 0.0155687, 0.0143116, 0.0223224, 0.0185693, 0.018238, 0.0150165, 0.0103623, 0.0191973, 0.0161947, 0.0144745, -0.0124221, -0.00446603, 0.000817723, 0.000198598, -0.00319569, 0.000134939, -0.00118244, -0.025621, -0.0050043, -0.00616092, -0.0211651, -0.142418, -0.020462, 0.00202282, 0.00156219, 0.00636946, -0.0181051, -0.00551235, 0.0160127, 0.0032482, 0.00106589, 0.00179672, 0.00467897, -0.00746254, 0.0176777, 0.0110521, 0.0167662, -4.59115e-05, -0.00567548, -0.0104377, -0.00353856, -0.00806409, 0.00769676, 0.0280236, -0.00295707, -0.00443899, -0.0169307, -0.00234715, 0.00531698, -0.000867021, -0.0183016, 0.0065602, 0.00699139, -0.00887711, 0.00588207, -0.00211806, 0.0074552, -0.000453791, -0.0140827, 0.0113209
# -0.000213219, -0.0133486, 8.46801e-05, 0.000488096, -0.000639308, 0.000223142, -0.000222297, 0.000114381, 0.000324562, 0.000377364, -0.00489589, 0.00364891, -0.00535381, 0.0146098, 0.0092423, 0.0133543, 0.0151802, 0.0155575, 0.015449, 0.0129456, 0.0144546, 0.00389568, 0.0206006, 0.0170654, 0.0260823, 0.110088, 0.019202, 0.0177673, 0.0209035, 0.01933, 0.0122217, 0.00847703, 0.0137329, 0.0132041, 0.0126422, 0.0350695, 0.0161304, 0.0193007, 0.0185936, 0.0130289, 0.0144384, 0.0338716, 0.0228743, 0.0127416, 0.021731, 0.0345024, 0.017825, 0.0127538, 0.016805, 0.0217522, 0.0272834, 0.0140877, 0.0171111, 0.0203471, 0.0172342, 0.0225773, 0.0125474, 0.0171788, 0.0154484, 0.0139448, 0.0179813, 0.01334, 0.0126358, -0.0230433, -0.00403107, 0.0120529, -0.0105492, -0.00213762, 0.00911329, 0.00631956, -0.00478341, 0.0149857, -0.0151959, -0.00619693, -0.0045863, -0.131271, -0.0152003, 0.00399962, -0.0139736, 0.0112974, -0.00454546, -0.000824299, 0.000591442, -0.0127596, 0.00114154, -0.0200266, 0.00456958, 0.00582047, -0.00269431, 0.0154805, 0.00567988, -0.00664972, -0.00386481, 0.0191757, -0.0122158, 0.000308562, 0.00271808, 0.0128443, -0.0102819, -0.013779, 0.000587958, 0.00835683, -0.00211681, -0.00371933, 0.0217897, -0.0097157, 0.0123791, 0.00832961, -0.00446764, 0.0101473, 0.00100769, 0.0174793, 0.018448
