# stan_version_major = 2
# stan_version_minor = 38
# stan_version_patch = 0
# model = survival_model
# start_datetime = 2026-03-12 11:46:08 UTC
# method = sample (Default)
#   sample
#     num_samples = 2000
#     num_warmup = 1000 (Default)
#     save_warmup = false (Default)
#     thin = 1 (Default)
#     adapt
#       engaged = true (Default)
#       gamma = 0.05 (Default)
#       delta = 0.8 (Default)
#       kappa = 0.75 (Default)
#       t0 = 10 (Default)
#       init_buffer = 75 (Default)
#       term_buffer = 50 (Default)
#       window = 25 (Default)
#       save_metric = false (Default)
#     algorithm = hmc (Default)
#       hmc
#         engine = nuts (Default)
#           nuts
#             max_depth = 10 (Default)
#         metric = dense_e
#         metric_file =  (Default)
#         stepsize = 1 (Default)
#         stepsize_jitter = 0 (Default)
#     num_chains = 1 (Default)
# id = 1 (Default)
# data
#   file = /Users/dansprague/Documents/PhaseSkate/benchmarks/scaling/data/data_H50.json
# init = 2 (Default)
# random
#   seed = 45
# output
#   file = /Users/dansprague/Documents/PhaseSkate/benchmarks/scaling/stan_output/output_H50_chain4.csv
#   diagnostic_file =  (Default)
#   refresh = 100 (Default)
#   sig_figs = 8 (Default)
#   profile_file = profile.csv (Default)
#   save_cmdstan_config = false (Default)
# num_threads = 1 (Default)
# stanc_version = stanc3 v2.38.0
# stancflags = 
lp__,accept_stat__,stepsize__,treedepth__,n_leapfrog__,divergent__,energy__,log_alpha,beta_0,beta.1,beta.2,beta.3,beta.4,beta.5,beta.6,beta.7,beta.8,log_sigma_int,log_sigma_slope,rho,z_int.1,z_int.2,z_int.3,z_int.4,z_int.5,z_int.6,z_int.7,z_int.8,z_int.9,z_int.10,z_int.11,z_int.12,z_int.13,z_int.14,z_int.15,z_int.16,z_int.17,z_int.18,z_int.19,z_int.20,z_int.21,z_int.22,z_int.23,z_int.24,z_int.25,z_int.26,z_int.27,z_int.28,z_int.29,z_int.30,z_int.31,z_int.32,z_int.33,z_int.34,z_int.35,z_int.36,z_int.37,z_int.38,z_int.39,z_int.40,z_int.41,z_int.42,z_int.43,z_int.44,z_int.45,z_int.46,z_int.47,z_int.48,z_int.49,z_int.50,z_slope.1,z_slope.2,z_slope.3,z_slope.4,z_slope.5,z_slope.6,z_slope.7,z_slope.8,z_slope.9,z_slope.10,z_slope.11,z_slope.12,z_slope.13,z_slope.14,z_slope.15,z_slope.16,z_slope.17,z_slope.18,z_slope.19,z_slope.20,z_slope.21,z_slope.22,z_slope.23,z_slope.24,z_slope.25,z_slope.26,z_slope.27,z_slope.28,z_slope.29,z_slope.30,z_slope.31,z_slope.32,z_slope.33,z_slope.34,z_slope.35,z_slope.36,z_slope.37,z_slope.38,z_slope.39,z_slope.40,z_slope.41,z_slope.42,z_slope.43,z_slope.44,z_slope.45,z_slope.46,z_slope.47,z_slope.48,z_slope.49,z_slope.50
# Adaptation terminated
# Step size = 0.346697
# Elements of inverse mass matrix:
# 0.000449123, -7.66468e-05, -2.63308e-05, 6.18346e-05, -2.17619e-05, 1.10262e-05, -3.51188e-05, -2.49339e-05, -2.57796e-05, 1.96177e-05, -9.57109e-05, -6.44324e-05, -0.000277256, -0.000399591, 0.000263332, -0.000217796, 9.91034e-05, -0.00028859, -5.64424e-06, 0.000253931, -0.000608801, 0.000140917, -0.000389893, 0.000200609, 0.000250553, 0.000257354, 8.51822e-05, -3.00342e-05, 4.72945e-05, -0.000157202, -1.72557e-05, -0.000718051, 7.78221e-05, -0.000379853, -7.73217e-05, -0.00025858, -0.000187848, -1.67922e-05, 0.000385761, 0.000523108, 0.000197153, 0.000632753, 0.000661821, 0.000273724, 5.2653e-05, -8.78574e-05, -9.50702e-05, -0.000316374, 9.85859e-05, -8.73811e-05, -0.000270962, 7.57478e-05, 6.88388e-06, 0.000441571, 0.000235339, -8.35872e-05, 0.000688969, -0.000274646, 0.00050373, -0.000870262, 0.000124362, 0.000533219, -0.000508381, -0.000288793, -0.000236137, -0.000885474, -0.000611105, 0.00135073, -0.000396421, -0.00058027, 0.00109906, -0.000302117, 0.000917018, -0.000360584, -0.00096591, -0.000646674, -0.000562337, 0.00122804, 8.57902e-05, 0.000246342, -0.000545677, 0.000323526, -0.000146379, -0.000318425, -0.000656658, 0.000100426, 0.00113024, -0.000113379, -0.000327428, -0.00105815, -5.75737e-05, -1.36771e-05, -0.000479305, -0.000355807, 0.00118979, -0.000282253, 0.00072309, 0.000563171, 0.00066644, 0.00011453, 5.62973e-05, 0.000624165, -0.000514401, -0.00133124, 0.000802039, -0.000771482, -0.00135566, -0.000687629, -0.000958021, 0.00172375, -0.000493296, -0.00133988, 0.00177726
# -7.66468e-05, 0.00767791, 8.39492e-05, -0.000154263, 7.60413e-06, -1.9575e-05, 0.000117197, 0.000133427, 8.39821e-05, -1.48831e-05, 0.000207316, -0.00104911, 0.00262534, -0.0107893, -0.010843, -0.010758, -0.0117651, -0.012156, -0.0101812, -0.0104787, -0.010962, -0.0121343, -0.00831271, -0.0111155, -0.0118509, -0.0111666, -0.0118995, -0.0116317, -0.0116042, -0.0105479, -0.0125191, -0.0122102, -0.0130103, -0.0101227, -0.0117782, -0.0109721, -0.0118027, -0.0128579, -0.0130111, -0.0112642, -0.0129655, -0.00919151, -0.0126017, -0.0115721, -0.0120195, -0.0111303, -0.00914989, -0.0109089, -0.0104162, -0.0097746, -0.0114325, -0.0101261, -0.0105675, -0.012126, -0.0120301, -0.010886, -0.014249, -0.00750088, -0.011172, -0.0120187, -0.0113278, -0.0124054, -0.0111144, 0.00324658, -0.00234757, -0.000876835, -0.000230476, 0.00141312, -0.00562986, 0.0055234, 0.00218774, 0.000597286, -0.00602363, 6.12224e-05, -0.00378021, 0.000202734, -0.0004689, -0.00486846, -0.00108152, -0.00127702, 6.44439e-05, -0.00124357, 0.00177877, 0.00201083, 0.00551256, -0.00634541, 0.00495926, 0.002551, -0.000465026, 0.00407892, 0.0020875, -0.00382048, -0.00184988, 0.0015284, -0.00159909, 0.00123812, -0.00482223, 0.00442379, -0.00455477, -0.00187697, -0.00044406, -0.00130565, 0.000237172, 0.00158234, -0.000380305, -0.00116945, 0.00566786, -0.00398112, -0.00019171, 0.00600071, 0.000935939, -0.000360492, 0.00446097
# -2.63308e-05, 8.39492e-05, 0.000395992, -1.85259e-06, 3.94424e-06, 2.8177e-05, 2.81302e-05, 2.90975e-05, 1.70423e-05, -1.21138e-05, 8.32028e-05, -9.54528e-05, -3.56432e-05, 0.000133496, -0.000369911, 1.90068e-05, 0.000296745, -0.000904978, -0.000856181, -0.000191507, -0.000290921, 0.000552018, -0.000482139, -5.85587e-05, -0.000527382, 0.000379529, 0.000122817, -0.000168311, 0.000668845, -0.000146344, -0.000185455, -0.000652985, 0.000156339, 0.000454738, -0.000470397, -0.000112098, -0.000317648, -0.000173839, -0.000325693, -0.000199339, 0.000219248, -8.1723e-05, 7.38222e-05, -0.000147432, -0.000387844, -0.000187666, -0.000232694, 3.63345e-06, -6.81779e-06, -0.000106535, -4.77971e-05, 0.000105379, -0.000465565, -0.000154844, 0.000314916, 0.000473837, -3.44721e-05, -9.88046e-05, -0.000467895, 0.000171735, 0.00035105, 0.00025136, -9.56295e-05, 0.000239257, -0.00109945, 0.000348158, -0.001807, 0.0012694, 0.000546808, -0.000142483, 0.000469576, -0.000642014, 0.00131498, -0.000889068, 0.000771139, -5.99892e-05, -0.000564773, 7.92482e-05, -0.00122262, -0.000967109, 0.00111267, 8.02409e-05, -0.0001981, -0.000721233, 0.000364788, 3.27686e-05, -0.000447725, 0.000162875, 0.000773627, 0.00120939, -0.000549884, -0.000872534, 0.000588208, -0.0013103, -0.000313449, 0.000397161, -1.07954e-05, 0.000212073, -0.000210419, 0.000618635, 0.000845873, -0.000430757, 0.000760332, -0.000164826, -0.00110052, 0.00122523, 2.795e-05, -0.000109157, 0.000224447, -0.000506696, 0.000110815, 3.80616e-05, -0.000335871
# 6.18346e-05, -0.000154263, -1.85259e-06, 0.000397716, -2.71747e-05, -1.30387e-06, -3.15402e-05, -8.0107e-06, -2.94546e-05, 3.92995e-05, -3.90518e-05, -0.000243933, -0.000404318, -0.000436296, -0.000339736, -0.000174865, -7.92262e-05, -0.000461215, -1.01455e-05, 0.000485392, 7.33944e-06, 0.000249764, -2.30715e-05, 9.81811e-05, -0.00056818, -0.000252218, -5.20793e-05, 3.47613e-05, -0.000344228, 1.815e-05, 9.69789e-05, 0.000308008, 0.000295231, 0.000231074, -0.000378621, -0.000252967, 7.40705e-05, 0.000465719, 0.000300964, 0.000415474, 0.000265486, 2.32219e-05, 0.000471718, -0.000206155, -0.000242363, -0.000494392, -0.000244652, -0.000364655, 0.000267975, -0.000377422, 9.97716e-05, 0.000287598, 0.000132158, 0.000312776, 0.000393885, 0.000414951, -3.82078e-05, -0.000332694, -3.16135e-05, -0.000109052, 0.000134521, 0.000226176, -9.46727e-06, 0.000648954, 0.000977878, -0.000134329, -0.000574867, 0.000838139, 0.0010299, -0.00164896, -9.683e-05, -0.00100011, -0.000197466, -0.000462991, 0.00129847, 0.000769761, -0.000459929, 0.000954541, 0.000591095, -0.000342063, -0.000166576, -0.000385191, -0.0014506, -0.00014114, 0.000956264, 0.000763634, 0.000471092, -0.00128239, 0.00119602, -0.000821716, -0.000375686, 0.000298118, -0.00196908, 0.00071007, 0.00172092, 0.001009, 0.000305639, 0.000501784, -0.000186464, 0.000446372, 0.000385908, -0.000245665, -0.000666186, 0.00019017, -0.000296473, -0.00123218, 0.000274616, 0.0004273, 0.000625335, 0.000719202, -0.000316148, -0.000346965, 0.000554706
# -2.17619e-05, 7.60413e-06, 3.94424e-06, -2.71747e-05, 0.000419105, -1.7601e-05, 3.57582e-05, -2.98316e-05, 3.29852e-05, -6.30368e-05, 3.6336e-05, 0.000112766, -0.000603311, -0.000258078, 0.000521796, 0.000109542, -0.000199381, 0.000585402, 0.000202492, 1.14776e-05, 8.60245e-05, 0.000252302, -0.000141838, -0.000171304, 0.000163303, -4.86456e-05, 0.000470031, 0.000423887, 2.64474e-05, -4.27633e-05, 0.000164341, -0.000245356, 0.000346939, -0.000389807, 0.000695524, 7.87141e-05, 0.000214497, -0.000331141, 0.000386146, -3.50435e-06, 0.0001552, 0.000645288, 0.00010462, -6.18754e-05, -0.000158817, 0.000205096, -0.000493035, 0.000275961, 0.00016275, 0.000244775, 0.000179177, -0.000430479, 0.000253618, -1.26383e-05, 0.000172753, 0.000290824, -0.000226512, 0.000148233, -9.82494e-05, -0.000374166, 5.61177e-05, -0.000285832, 0.00035712, 3.94432e-05, -0.000251979, 9.85867e-05, 0.000564397, -0.000688902, 0.000136041, -0.00127331, -0.000183164, 0.000822825, 0.000220311, -0.000155464, -0.000755446, 8.92763e-06, -0.00129664, -0.00077301, 0.00015322, 9.43999e-05, -8.41678e-05, -0.00078702, 9.44278e-05, 0.00055851, -0.00109848, 0.000916989, -0.00134832, 0.000822928, 0.000584134, 0.00111282, -7.46697e-05, -0.00198118, 0.000746104, 0.000250661, 0.00110818, -0.000420244, 0.00072743, -0.000298309, -6.67835e-05, -2.83234e-05, -0.00100597, 0.00023354, -0.000105368, 9.28393e-05, 0.000906079, -0.00026831, 0.000691071, -0.000306684, 8.31192e-05, -0.000508132, -0.000952352, 0.000322479, -0.00171366
# 1.10262e-05, -1.9575e-05, 2.8177e-05, -1.30387e-06, -1.7601e-05, 0.000429421, -1.98882e-05, 5.56216e-06, 3.39729e-05, -8.37157e-06, 2.35996e-06, 7.22828e-05, -0.000118215, -0.000127728, 5.10249e-05, -0.00030414, -0.000156829, -7.55997e-05, -0.00043277, 0.00076018, 0.000297517, -0.000285689, 0.000283972, 0.000388741, 0.000240183, 0.000496806, 0.000137564, -0.000145228, 0.000132916, 0.000252014, -0.000395549, 0.000542981, -0.000598395, -0.000624071, -0.000294346, -0.000125355, -0.00023821, 0.000204811, 1.77695e-05, 3.79515e-05, 4.83663e-05, -0.00101272, 0.000236152, -0.000466045, 6.68182e-05, 4.39902e-05, -0.000217481, 7.93578e-05, -0.000130822, -0.000118389, 0.000164366, -0.000293382, -0.000254264, -0.000315053, 0.000382821, -0.000260526, -0.000273445, -0.000238603, -5.31903e-05, 3.04427e-05, -4.91985e-08, -0.000202873, 0.000675038, -0.000674088, -7.68167e-05, 0.00124085, -0.000666471, 0.000346269, 0.000672, -0.00099748, -0.000542221, 0.000987304, 0.000281787, -0.000701895, -0.00101236, -0.00062509, -0.00044389, -0.000173267, 8.97696e-05, -0.000482494, 0.001263, 0.000187757, 0.000939132, 0.0012527, 0.00116402, -0.00278745, 0.000345255, -1.64717e-05, -5.59226e-05, -0.00109059, 0.000994304, 0.0007569, -4.62528e-05, 0.000145899, 0.00137328, -0.000692288, 0.000203282, -0.000603894, -0.00124747, 0.00106647, 0.000416669, -7.89098e-06, 0.00072996, 0.00107513, -0.00130121, 0.000164876, -0.000764548, 0.000279594, -0.000382747, 0.000166175, -0.000129474, 0.000388652, -0.000433818
# -3.51188e-05, 0.000117197, 2.81302e-05, -3.15402e-05, 3.57582e-05, -1.98882e-05, 0.000462695, 2.23527e-05, 8.21988e-05, -5.37642e-06, 0.000101742, 0.000161596, 7.52489e-05, 0.000193918, -0.000269932, -0.000282623, 0.000230169, 0.000199443, -0.000274997, -0.000234494, 0.000129846, 4.2416e-05, -0.000186716, 2.48997e-05, 0.000140934, 0.000247735, 6.31797e-06, -0.000113696, 0.000368058, 2.00404e-05, -3.21079e-05, -0.00127532, 8.72753e-05, -0.000307191, 0.000325016, -0.000222627, 0.000189525, -0.000443849, -0.000281644, -0.000880866, 0.000130818, 0.000228543, -7.1465e-05, -2.63023e-05, -0.00042425, -0.000157634, -0.000358538, 0.000265935, -0.000141606, 0.000513514, -0.00021047, 0.000235596, 0.000226383, 3.50853e-05, 7.91991e-05, -0.000284287, 8.6128e-05, 0.000162266, 7.91299e-05, -0.000252976, 0.000617894, 0.000371279, -8.67045e-05, -0.000198805, 0.000698134, 0.000421786, 0.000169032, 0.000137433, -0.00073647, 0.00075729, 0.00045625, 0.000115901, -0.000855958, 0.000225983, 0.000832094, 5.92017e-05, 0.000400472, 0.000405111, -0.000918623, -0.000662496, 0.00124409, 0.00120704, 0.000978846, -0.000341052, -0.000211581, -5.73422e-05, -0.000816607, 0.00126751, -0.000851564, 0.00140592, -0.000778197, -0.00109778, 0.000292203, -0.00016723, 0.000664939, -0.00120116, 0.00149446, 0.000188614, 0.00020598, -0.000839057, -0.0011225, -0.00150497, -0.00101737, -0.000642088, -0.000938376, -0.000216353, 5.26329e-05, 0.000305947, -2.21955e-05, 0.000356449, -0.000565364, -0.000741535, 0.000117114
# -2.49339e-05, 0.000133427, 2.90975e-05, -8.0107e-06, -2.98316e-05, 5.56216e-06, 2.23527e-05, 0.000428915, -4.18434e-06, 3.44856e-05, -5.81339e-05, -0.000104842, 0.000121677, 0.000367382, -0.000318314, -0.000175995, 0.000115868, -0.000174723, 4.98808e-05, 0.000188086, -4.54567e-05, -0.000715699, -0.000449759, -0.000774579, -0.000178389, -9.35899e-05, -0.000239166, -0.000169155, 0.000125994, -0.000636681, -0.000210314, 0.000655714, -0.000589146, -6.88442e-05, -0.000655809, -0.000350694, -0.000384937, 8.55476e-05, -0.000519033, -0.000389413, -0.000520045, -0.000107994, -0.000241679, -0.000246286, 0.000173833, 0.000133695, -0.000394172, -7.02233e-05, -0.000704663, -0.000641155, 0.000200828, 0.000178875, -0.000653323, 0.000123655, -0.00054009, -0.000326603, -0.000435388, -2.07004e-05, -1.75669e-05, -0.00016188, -8.17054e-05, -0.000107378, 7.37876e-05, -0.000374887, 4.06747e-05, -0.000506932, 0.000743858, -0.000613642, -0.000439879, -0.000890744, -0.000235804, 0.000511128, 0.000450169, 0.000693371, 0.000289143, -0.000865629, 0.0001916, -0.000386789, -0.000506073, 0.00110647, 0.000168159, 0.000108986, 0.000281357, -0.000924284, 0.000967113, -0.000944975, 0.000410536, -1.08606e-05, 0.000351423, 0.000723794, -0.000485718, -0.000548994, -0.00017861, -0.000869737, -0.0013843, 0.000110491, -0.000228425, 0.000544573, 0.00169608, 0.00126139, -0.000849892, -0.000975471, 0.000603739, 0.000739447, -0.000255, 0.000363622, 0.000244398, 0.000400964, -0.00134583, 0.000229698, -0.000369255, -0.000703424, -0.000301235
# -2.57796e-05, 8.39821e-05, 1.70423e-05, -2.94546e-05, 3.29852e-05, 3.39729e-05, 8.21988e-05, -4.18434e-06, 0.000427764, 1.50419e-05, 0.000115866, 0.000329018, 0.000249714, -0.000313612, 0.000271927, 0.000489451, 0.000314387, 0.00017201, -2.03233e-05, 0.000115013, 0.000657621, 0.000317706, 0.000285134, 0.000292277, -6.68782e-05, 5.04445e-06, 0.000622223, -0.000113768, -0.000142952, -5.24967e-06, -0.000408624, -0.00119613, -8.95954e-05, -2.12816e-05, -4.51044e-05, 2.937e-05, -0.000518599, -0.000400219, 0.000112171, -0.000314155, 0.000354402, -0.000645584, 2.19101e-05, -0.000124333, 0.000144876, 0.000114727, -0.000454208, 0.000268992, 7.09452e-05, -0.000436197, 0.000118098, 4.79031e-05, 0.000363335, 0.000352198, 0.000544465, -0.000708346, -0.00019224, 0.000422112, -0.000201504, -0.000498051, 7.90816e-05, -6.64578e-05, -0.000361335, 0.00100084, -0.000318063, -0.000267125, -0.000834777, -0.00113613, -0.000682759, -0.000421942, -0.000961378, -5.44046e-05, 0.000183946, 0.000347139, 8.13874e-05, -0.000387732, -0.00137654, -0.000561387, 0.000228211, -0.00144874, 0.000575582, 4.39441e-05, 0.000640989, 0.000540581, 4.96779e-05, 0.000317596, 3.26461e-05, -0.000705977, -0.000310049, 0.00108939, -0.00058299, 0.000321518, -0.000861777, 0.00113075, -0.000981363, -0.00165164, 0.00115049, -0.000974671, 0.000119859, -0.000520312, -0.00198393, 6.98392e-05, 0.000329416, -0.000372819, -0.000991029, 0.00104707, 0.000182834, 4.42523e-05, 8.94562e-05, 0.00121901, -0.000344387, -0.000101697, -0.000448711
# 1.96177e-05, -1.48831e-05, -1.21138e-05, 3.92995e-05, -6.30368e-05, -8.37157e-06, -5.37642e-06, 3.44856e-05, 1.50419e-05, 0.000422112, -0.000147788, -0.0004837, 0.000979612, -0.000461997, 3.09936e-05, 8.62311e-05, 0.000262441, -0.000293774, 0.000943984, 0.000171603, -0.000196107, -0.000917031, 0.000551773, 0.000262688, 1.51944e-05, -0.000739854, -0.000626484, -2.82423e-05, 0.000135866, 3.01233e-05, 0.000430908, -0.000436267, -0.000122768, 0.000389026, -2.12829e-05, -3.46019e-05, -0.000565253, 0.000334729, 0.000104792, 2.25966e-05, -3.52401e-05, -0.000672226, -7.45376e-05, 0.000103852, 0.000302297, -0.000185804, -1.7328e-05, -0.000330428, 0.000236337, -0.000286381, 0.000251701, 0.000604738, -0.000104937, -0.000249786, 0.000225378, -0.000472531, -0.000379191, -0.000120663, 0.00019663, 0.00024818, 7.09345e-05, -0.000299265, 0.000140078, 0.0007453, 0.00041311, 0.000500513, 0.000228748, -5.06453e-06, -0.000184062, 0.000632374, 0.000139418, 0.000578266, -0.00136037, 7.30065e-05, -0.00105483, 0.000148673, 0.00178645, 0.00128932, -0.000477455, 9.85491e-05, -0.000511865, 0.000258625, -0.000280641, -0.00136834, -0.000604505, 0.000225904, 0.000112051, -0.00146108, -1.33284e-05, 0.000169481, 0.0001625, 0.00151934, -8.02529e-05, -0.000249497, -0.000990979, -0.00134575, -0.000976753, -0.000143179, -0.000366628, 0.000276135, -0.000522803, -0.000794225, 6.07575e-05, 0.000376125, -0.000949502, 0.000633243, 0.000184259, 0.000260619, -0.000819362, -0.000226389, -0.000117156, -0.000411253, 0.000403594
# -9.57109e-05, 0.000207316, 8.32028e-05, -3.90518e-05, 3.6336e-05, 2.35996e-06, 0.000101742, -5.81339e-05, 0.000115866, -0.000147788, 0.011806, 0.000135554, -0.00964784, 0.00586297, -0.00187471, 0.00597061, 0.00412958, -0.00610408, -0.00238794, 0.0115574, 0.0145365, 0.0253413, -0.00362922, 0.00990399, -0.00519771, -0.00422309, 0.0101392, -0.00969094, -0.00707376, -0.00205748, 0.00647854, -0.0169821, 0.00462716, 0.010153, 0.0112391, -0.0122413, -0.0157813, -0.012097, -0.00690995, -0.00433509, -0.00317373, -0.0120625, -0.00248403, 0.00315181, -0.0132182, -0.0181958, 0.000927498, 0.00121874, 0.00622323, -0.00389706, -0.00218049, 0.00507299, 0.00930658, 0.00161267, 0.00131358, -0.00756808, 0.00062932, 0.00288031, 0.00699869, 0.00618617, 0.00270988, 0.00119582, 0.00297303, -0.000484024, -0.000780004, -0.00412799, -0.00260436, 0.00233949, -0.004308, -0.00786245, -0.00199688, -0.00888391, 0.00525831, -0.00436164, -0.00314941, 0.00542674, -0.00399244, -0.00129935, 0.0015721, 0.000400584, 0.00188411, -0.00368793, -0.0024687, 0.000581584, -0.000194057, 0.00153537, 0.00223187, -0.00802357, 0.00625325, 0.000310132, 0.00152465, -0.00473229, -0.00326888, -0.00045371, 0.00770916, 8.55142e-05, 0.00184306, 0.000527045, -0.00372608, 0.00265918, 0.00226638, 0.00265877, -0.00481082, -0.00406898, -0.00114522, -0.000738392, -0.0009036, -0.0018983, -0.0035177, -0.00150637, -0.00132427, 0.00334821, -0.000685951
# -6.44324e-05, -0.00104911, -9.54528e-05, -0.000243933, 0.000112766, 7.22828e-05, 0.000161596, -0.000104842, 0.000329018, -0.0004837, 0.000135554, 0.0264411, -0.0137829, -0.00186899, 0.00585556, 0.00370362, 0.00305311, 0.00630372, -0.00548905, -0.00463831, 0.00728486, 0.0088338, -0.0066907, 0.00560386, 0.00135196, 0.00417295, 0.0120019, 0.00249417, 0.00648872, -0.00587408, -0.00275768, -0.00532835, -0.00150758, -0.00529686, 0.00576024, -0.00236307, 0.00517328, -0.00269723, 0.00435722, -0.00595711, 0.00966563, -0.00223405, -0.00157494, 0.00376981, -0.000573619, 0.0118072, 0.00319862, 0.00429608, 0.00333908, -0.00103577, -0.00433255, -0.00463889, 0.000771106, 0.00952087, 0.00512394, -0.00503641, 0.00658521, -0.00269207, 0.00767328, 0.00194825, 0.00206159, 0.0116235, -0.00689326, 0.00261895, -0.00120773, -0.00189717, -0.00151973, -0.00707523, -0.00630116, -0.00829541, -0.00110941, 0.0163577, 0.00642315, 0.00659181, 0.00557703, 0.000898451, 0.00753582, -0.00465229, 0.00489952, 0.00505104, -0.00744894, 0.00823988, 0.0107136, -8.81724e-05, 0.00991024, -0.00556579, -9.83216e-05, 0.0068471, -0.00404386, 0.0006196, 0.000743765, 0.00559785, 0.0112769, 0.00177777, 0.0111861, -0.00335389, 0.0010985, -0.0020967, 0.00922321, -0.00346584, -0.00471995, 0.00241908, 0.000681638, 0.00514647, -0.000583132, 0.00620379, -0.00451168, -0.00185879, -0.00787938, -0.00541328, 0.00795194, -0.00271617, -0.00343756
# -0.000277256, 0.00262534, -3.56432e-05, -0.000404318, -0.000603311, -0.000118215, 7.52489e-05, 0.000121677, 0.000249714, 0.000979612, -0.00964784, -0.0137829, 0.182256, -0.00157887, -0.00597484, -0.0101882, -0.00656152, -0.00289089, 0.0108142, 0.011186, -0.0149625, -0.0239816, 0.0111499, -0.00573563, 0.00175095, -0.010393, -0.0253723, 0.00307973, -0.0103415, 0.0146359, 0.010179, -0.00560737, -0.00445467, 0.0153077, -0.0169447, 0.00503077, -0.00947355, -0.0106734, -0.0148559, 0.00806586, -0.0173226, -0.0170854, -0.00692948, -0.00591057, -0.0157572, -0.0251146, -0.0136493, -0.0132508, -0.0102874, 0.00112269, 0.0124737, 0.00767658, -0.00401578, -0.0126228, -0.00769461, 0.00624164, -0.00564632, 0.00531592, -0.00895485, 0.00241735, -0.0042073, -0.0243086, 0.0159651, 0.0408212, 0.0118176, 0.0552485, 0.0236097, -0.00987824, -0.0236625, 0.0983192, 0.0875697, 0.147412, -0.0252765, 0.0420765, -0.0373612, -0.0161476, 0.0632702, -0.0464966, -0.0456564, -0.023719, 0.0545602, -0.0407091, 0.00871235, 0.0426116, 0.0613734, -0.0780053, -0.041777, -0.0313579, -0.0197685, -0.0153885, 0.00618247, -0.0660173, -0.0154523, 0.0183184, -0.0337528, -0.0752565, -0.0254095, 0.016319, 0.00368397, -0.020201, -0.026557, 0.0453701, 0.0695456, 0.0125087, 0.0184914, -0.0401016, -0.0011153, 0.0158189, 0.0605687, 0.0118433, 0.010157, 0.0155279, 0.000770948
# -0.000399591, -0.0107893, 0.000133496, -0.000436296, -0.000258078, -0.000127728, 0.000193918, 0.000367382, -0.000313612, -0.000461997, 0.00586297, -0.00186899, -0.00157887, 0.0790749, 0.0112787, 0.0208241, 0.0197844, 0.0104156, 0.0162382, 0.0247859, 0.0254337, 0.0278605, 0.0115321, 0.0189884, 0.0102119, 0.0150281, 0.0233259, 0.0111965, 0.0147306, 0.0171726, 0.0195527, 0.008444, 0.0199789, 0.016356, 0.017635, 0.0169904, 0.0125562, 0.011349, 0.0140351, 0.0140456, 0.013416, 0.00678176, 0.011114, 0.0193271, 0.0135617, 0.00366165, 0.0159047, 0.015812, 0.0161177, 0.0117858, 0.0151497, 0.0125905, 0.0152922, 0.010272, 0.0166408, 0.0175309, 0.0256931, 0.0162102, 0.0162905, 0.0285466, 0.0184501, 0.0187081, 0.0230786, -0.0927532, -0.00561975, 0.00105632, -8.54947e-05, 0.00573072, 0.000797677, -0.0169034, -0.00608755, -0.00265367, 0.00464381, -0.00440531, 0.0117003, -0.0129009, -0.00413816, -0.00834274, -0.0166563, 0.0103532, 0.0109911, -0.00155172, -0.00254287, 0.0081948, -0.00235034, -0.0150982, -0.0262056, -0.00908536, 0.0010658, -0.0108797, 0.00801515, -0.00432274, 0.014796, -0.0118668, 0.00338209, -0.000275977, -0.00432166, -0.00377318, 0.0160666, 0.00594384, 0.0200665, 0.00765795, 0.00741955, -0.00143138, -0.00324497, -0.0186951, -0.0128252, -0.000812877, 0.00145853, -0.0237027, -0.0106374, 0.000648693, -0.00336364
# 0.000263332, -0.010843, -0.000369911, -0.000339736, 0.000521796, 5.10249e-05, -0.000269932, -0.000318314, 0.000271927, 3.09936e-05, -0.00187471, 0.00585556, -0.00597484, 0.0112787, 0.0858628, 0.0168338, 0.0168631, 0.0154587, 0.0128925, 0.00937837, 0.0143864, 0.0159853, 0.0106288, 0.01515, 0.0166476, 0.0188134, 0.0214039, 0.0205621, 0.0215246, 0.0143433, 0.0152589, 0.0195524, 0.0132889, 0.0115529, 0.0169831, 0.0226868, 0.0207428, 0.0268583, 0.0183319, 0.0104937, 0.0189948, 0.00774248, 0.0162052, 0.0189919, 0.0207719, 0.0179559, 0.0190556, 0.00846665, 0.0117493, 0.0113338, 0.0149778, 0.00575831, 0.012983, 0.023088, 0.0164402, 0.0153057, 0.0204757, 0.00836287, 0.0208579, 0.0133518, 0.0171244, 0.0234973, 0.00935633, 0.00388575, -0.0855627, -0.00833187, 0.00985337, 0.00157916, 0.00340759, -0.00888034, -0.00774312, -0.00292049, 0.0212806, 0.00920324, -0.000498961, -0.00704416, -0.00285032, 0.0135851, -0.0271144, 0.00721738, -0.00910388, -0.0105624, 0.0170548, 0.00198965, -0.00156212, 0.000831308, -0.0142896, -0.00286833, 0.00392979, 0.00636239, 0.00933538, 0.0211815, 0.000658118, -0.00135368, 0.00941527, 0.00770388, 0.00352057, 0.00203484, 0.00397406, -0.00760214, -0.0155659, 0.012096, -0.000184608, -0.0160625, -0.00339014, 0.00634424, -0.00253341, 0.00955676, -0.0114982, -0.012447, 0.00952532, -0.00232111, 0.00472122
# -0.000217796, -0.010758, 1.90068e-05, -0.000174865, 0.000109542, -0.00030414, -0.000282623, -0.000175995, 0.000489451, 8.62311e-05, 0.00597061, 0.00370362, -0.0101882, 0.0208241, 0.0168338, 0.0870902, 0.0174245, 0.0136826, 0.0167875, 0.0206835, 0.0229295, 0.0341594, 0.00730185, 0.0196994, 0.00999182, 0.00935164, 0.0232574, 0.0175196, 0.00731761, 0.0158865, 0.0238323, 0.00842875, 0.0233219, 0.0172499, 0.0203407, 0.0067892, 0.00440132, 0.0071229, 0.0145749, 0.00531814, 0.0168931, 0.0116991, 0.0183274, 0.0181717, 0.0139645, 0.0128776, 0.01629, 0.0246463, 0.0225566, 0.015391, 0.0100235, 0.015554, 0.0158661, 0.017149, 0.0207357, 0.00509917, 0.0154759, 0.0139933, 0.0144959, 0.0268874, 0.0196571, 0.0214609, 0.0124906, 0.00045127, -0.0118078, -0.113133, 0.00958809, -0.00589575, -0.00298806, -0.00831079, -0.00977389, -0.00695921, 0.0113539, 1.19937e-05, 0.0109606, 0.00579313, -0.00418383, -0.00930769, 0.0146657, 0.00462897, -0.0116847, -0.00436924, -0.000680599, 0.00724013, -7.06999e-05, 0.0211021, -0.0075432, 0.00284871, -0.00695213, 0.00242368, -0.00367915, -0.00344251, -0.00111519, 0.0179234, -0.00355934, -0.011428, -0.00160635, -0.0181598, 0.0101157, -0.0102882, 0.00766847, 0.00760476, 0.00756146, -0.0048347, -0.00486833, 0.02322, 0.0063566, -0.00334591, 0.00809078, -0.00837, -0.0142404, -0.00843539, -0.00183171
# 9.91034e-05, -0.0117651, 0.000296745, -7.92262e-05, -0.000199381, -0.000156829, 0.000230169, 0.000115868, 0.000314387, 0.000262441, 0.00412958, 0.00305311, -0.00656152, 0.0197844, 0.0168631, 0.0174245, 0.0938134, 0.0171889, 0.00680491, 0.0168317, 0.0281757, 0.0298142, 0.0129947, 0.0182346, 0.0200062, 0.0238355, 0.0251155, 0.0135481, 0.0246889, 0.0137862, 0.0262462, 0.019433, 0.0198602, 0.0201123, 0.0257169, 0.00805977, 0.0148916, 0.0249085, 0.0158269, 0.0164071, 0.0159596, 0.0136411, 0.0155774, 0.0187425, 0.0105553, 0.0080767, 0.0191633, 0.0223635, 0.0206975, 0.00646716, 0.0143359, 0.0157701, 0.0236334, 0.0270838, 0.0165132, 0.0123314, 0.0237453, 0.00914474, 0.0254811, 0.0245004, 0.0186534, 0.0203291, 0.0172496, -0.000493092, -0.00934505, 0.0147309, -0.108533, -0.00492494, 0.0195778, -0.00552574, -0.0155291, -0.0217627, 0.000898228, 0.0123127, 0.00217006, -0.0204206, -0.00362446, 0.00218687, -0.00234224, 0.00558674, -0.00464665, 0.00904972, -0.000918245, -0.0133698, -0.0230071, 0.0294638, -0.0131946, -0.0186002, 0.0248267, -0.00187714, 0.0045763, 0.0084435, 0.0110788, 0.00423461, 0.00842492, -0.000771642, 0.00422398, -0.00986078, -0.00177399, 0.0150567, 0.0108906, 0.00530239, -0.00858729, -0.0126428, -0.00626878, 0.00957007, -0.0170993, 0.0163437, 0.00193769, -0.017494, -0.00384376, -0.00475936, -0.00877881
# -0.00028859, -0.012156, -0.000904978, -0.000461215, 0.000585402, -7.55997e-05, 0.000199443, -0.000174723, 0.00017201, -0.000293774, -0.00610408, 0.00630372, -0.00289089, 0.0104156, 0.0154587, 0.0136826, 0.0171889, 0.100535, 0.0140681, 0.0101656, 0.015405, 0.00757479, 0.0199371, 0.0125042, 0.0251254, 0.0236119, 0.016297, 0.025776, 0.0187636, 0.0169747, 0.0146857, 0.0259808, 0.0186881, 0.0151388, 0.0209459, 0.030168, 0.0250952, 0.0267924, 0.0276764, 0.0216966, 0.023793, 0.0209778, 0.0167773, 0.0220177, 0.0301441, 0.0368849, 0.0150959, 0.0157843, 0.0152304, 0.0179182, 0.0155426, 0.0140653, 0.0233062, 0.0228969, 0.0178524, 0.0167385, 0.0241985, 0.0130896, 0.0185877, 0.0226982, 0.0185049, 0.0240657, 0.0131683, -0.00111982, 0.00453307, 0.00494883, 0.0195092, -0.123964, 0.0107645, -0.0163108, -0.00504179, 0.00811353, 0.0046122, 0.0124965, 0.0163108, -0.00477471, -0.00132197, 0.00841779, 0.0126571, -0.000225836, -0.00230963, 0.0142792, 0.0133996, -0.00647733, -0.0111485, 0.00568916, 0.0105147, -0.000151776, 0.00118506, -0.0234372, -0.0127099, -0.00268345, 0.0127902, -0.0153653, -0.00531172, -0.00621426, 0.0199459, -0.00937086, 0.00801959, 0.00569, -0.0140742, -0.00472218, -0.0179924, -0.0169865, -0.0024946, 0.00431914, -0.00921541, 0.00248633, -0.00850298, 0.00110302, -0.0113773, -0.0100452, -0.00440462
# -5.64424e-06, -0.0101812, -0.000856181, -1.01455e-05, 0.000202492, -0.00043277, -0.000274997, 4.98808e-05, -2.03233e-05, 0.000943984, -0.00238794, -0.00548905, 0.0108142, 0.0162382, 0.0128925, 0.0167875, 0.00680491, 0.0140681, 0.0994408, 0.0178318, 0.00605594, 0.00674887, 0.0145905, 0.0179289, 0.0217305, 0.0108295, 0.00875945, 0.0206086, 0.0106557, 0.00948407, 0.0173274, 0.0209005, 0.0112905, 0.0149081, 0.0133073, 0.0142914, 0.0263899, 0.0183667, 0.0178898, 0.0207082, 0.00936482, 0.00307265, 0.0154019, 0.0121562, 0.0143629, 0.00226127, 0.0179761, 0.0108079, 0.0111112, 0.0163306, 0.0193376, 0.0154005, 0.0154905, 0.0178352, 0.0135181, 0.0138755, 0.0161086, 0.0102896, 0.00815764, 0.015944, 0.0202699, 0.00801364, 0.0142057, -0.0108511, 0.00447211, -0.00332016, 0.0170687, 0.00306239, -0.130344, -0.00743385, 0.00181512, 0.00922116, 0.00169893, -0.0100121, -0.0148276, 0.00131185, 0.0121032, 0.000488918, 0.00651519, 0.0160601, -7.11529e-05, -0.00476651, 0.0252728, 0.00704471, -0.00753267, 0.010427, -0.0289525, 0.00949387, -0.000717446, -0.0124421, -0.0055653, 0.0247583, -0.0053253, -0.00694462, 0.00213618, 0.0104621, -0.0085027, -0.0130815, 0.0139794, 0.0160024, 0.00661685, 0.00149545, 0.012689, -0.0101729, 0.022617, 0.0124285, 0.00404266, 0.00630707, 0.0165027, -0.0133433, -0.0184325, 0.0106733, 0.00533192
# 0.000253931, -0.0104787, -0.000191507, 0.000485392, 1.14776e-05, 0.00076018, -0.000234494, 0.000188086, 0.000115013, 0.000171603, 0.0115574, -0.00463831, 0.011186, 0.0247859, 0.00937837, 0.0206835, 0.0168317, 0.0101656, 0.0178318, 0.0873586, 0.029257, 0.0386202, 0.00270765, 0.0213151, 0.00908469, 0.0150674, 0.0244196, 0.00929047, 0.00657733, 0.0139866, 0.0214609, 0.00207796, 0.0241273, 0.0228682, 0.0217171, -0.00182669, -0.00337768, 0.000986609, 0.0131261, 0.00871951, 0.0167026, 0.000384369, 0.0222031, 0.0184527, -0.0020989, -0.011071, 0.00925306, 0.0147711, 0.0155311, 0.00868484, 0.0144822, 0.0237103, 0.0234268, 0.01588, 0.0176024, 0.00818282, 0.0156452, 0.0209389, 0.0192715, 0.0267692, 0.0120812, 0.013339, 0.0233403, 0.0103014, 0.00809394, -0.00227742, 0.0164961, -0.00721107, -0.00553237, -0.0902699, -0.00822975, 0.00576213, 0.02618, 0.00318221, -0.0174342, -0.0171397, -0.00164851, 0.00457982, -0.00687148, 0.00705, 0.0280678, -0.0105242, -0.00833137, 0.0188223, 0.00286412, -0.00327467, -0.0135024, -0.0108963, -0.00276573, 0.00283837, -0.0135717, -0.0114077, -0.0105077, -0.0132898, 0.00478315, -0.011606, 0.00292582, 0.000408629, 0.00590213, 0.0156753, 0.0133975, 0.0095051, 0.00865822, -0.00551959, -0.00488198, -0.014065, -0.0054667, -0.0106986, 0.0118619, -0.0064849, 0.000619567, 0.00941394, -0.00770077
# -0.000608801, -0.010962, -0.000290921, 7.33944e-06, 8.60245e-05, 0.000297517, 0.000129846, -4.54567e-05, 0.000657621, -0.000196107, 0.0145365, 0.00728486, -0.0149625, 0.0254337, 0.0143864, 0.0229295, 0.0281757, 0.015405, 0.00605594, 0.029257, 0.091084, 0.0506699, 0.00875158, 0.0259893, 0.018263, 0.0135287, 0.0366369, 0.00299124, 0.0128014, 0.00954317, 0.0276605, -0.00567486, 0.0176586, 0.0247123, 0.036447, 0.00183886, -0.00274662, 0.00475049, 0.00692725, 0.00825371, 0.0167047, -0.00104983, 0.00904134, 0.0213033, 0.00355218, -0.00976578, 0.0224732, 0.00903592, 0.0199236, 0.0047612, 0.0142767, 0.0177851, 0.0274645, 0.020973, 0.0194094, 0.00456391, 0.0238789, 0.0132086, 0.0285086, 0.0282111, 0.0184352, 0.0217487, 0.0257393, -0.0124977, 0.00216703, -0.00469162, -0.0126337, -0.0115062, 0.0110188, -0.0165309, -0.0986914, -0.0112705, 0.0120953, 0.00921417, -0.00201063, -0.00407679, -0.0141949, 0.0114444, -0.00295684, 0.00499856, -0.00261952, 0.000845756, 0.0125895, 0.00818516, -0.00364041, 0.00683034, 0.0130828, -0.0226041, 0.0103848, 0.0105831, -0.00401273, -0.00264263, 0.0151115, -0.00608713, 0.00963316, 0.0133272, 0.0038065, 0.0116002, 0.0168137, 0.0138631, -0.00209236, 0.0148312, -0.0153595, -0.00313115, -0.00444286, 0.0125283, -0.00190428, 0.0151354, -0.00766123, -0.0202344, -0.00459606, -0.00579983, -0.0297331
# 0.000140917, -0.0121343, 0.000552018, 0.000249764, 0.000252302, -0.000285689, 4.2416e-05, -0.000715699, 0.000317706, -0.000917031, 0.0253413, 0.0088338, -0.0239816, 0.0278605, 0.0159853, 0.0341594, 0.0298142, 0.00757479, 0.00674887, 0.0386202, 0.0506699, 0.124188, 0.00298486, 0.0423045, 0.0108269, 0.0120491, 0.0489229, 0.000625318, 0.0011896, 0.00756679, 0.0323796, -0.0254047, 0.0296702, 0.0389318, 0.0410734, -0.00980344, -0.01381, -0.00380317, 0.0103924, 0.0128961, 0.0175777, -0.0118594, 0.0191295, 0.0266756, -0.0104591, -0.0206112, 0.0161091, 0.0189859, 0.0330965, 0.010242, 0.0168314, 0.0270959, 0.0390167, 0.0248522, 0.0248933, -0.000236611, 0.0258698, 0.016072, 0.0321232, 0.0266783, 0.0257249, 0.0305236, 0.026244, 0.000471316, -0.00115628, -0.00388264, -0.008225, 0.00850226, -0.00125517, -0.0195636, -0.00733897, -0.0956774, 0.0288859, -0.00111253, -0.00139949, 0.00962541, -0.0113071, -0.00435795, 0.0117002, 0.00897551, 0.0177166, 0.00246686, -0.00431722, 0.00520544, 0.0039054, 0.0267804, 0.00322535, -0.024356, 0.0194765, -0.00681013, 0.00173862, -0.00183625, -0.0107914, 0.00368301, 0.0159402, 0.00472874, 0.0214869, -0.0024628, 0.00233355, 0.000790154, -0.0120203, 0.014808, -0.0132666, -0.0204071, -0.00627403, 0.00705578, -0.00551713, 0.00881134, -0.00339908, -0.00327306, 0.00660715, -0.00679499, -0.0165629
# -0.000389893, -0.00831271, -0.000482139, -2.30715e-05, -0.000141838, 0.000283972, -0.000186716, -0.000449759, 0.000285134, 0.000551773, -0.00362922, -0.0066907, 0.0111499, 0.0115321, 0.0106288, 0.00730185, 0.0129947, 0.0199371, 0.0145905, 0.00270765, 0.00875158, 0.00298486, 0.0986851, 0.0106975, 0.0112279, 0.00752889, 0.0106373, 0.0128668, 0.012397, 0.0182936, 0.0126839, 0.0249834, 0.0131184, 0.012046, 0.0108786, 0.0174319, 0.0170679, 0.021329, 0.0118202, 0.0143737, 0.00997047, 0.010253, 0.0152113, 0.012913, 0.0155177, 0.0235422, 0.00387546, 0.0120809, 0.010026, 0.00572435, 0.0189696, 0.0130427, 0.0133215, 0.0112093, 0.00973086, 0.0104851, 0.0132072, 0.0135707, 0.0174004, 0.016895, 0.0100696, 0.0201286, 0.0141424, 0.0075813, 0.00895905, 0.00878815, 0.00613867, -0.00581121, 0.016813, 0.0110628, -0.00153284, 0.00999611, -0.125528, 0.000148344, 0.0044579, 0.0133266, -0.0104909, 0.00354837, 0.000495796, 0.00299715, 0.0215093, 0.0111776, 0.00785367, -0.00239247, -0.00383392, -0.008046, -0.0421636, 0.00184679, 0.014903, -0.00986371, -0.00548478, 0.000259523, 0.00454136, 0.00409632, 0.00836671, -0.0238897, 0.0211446, -0.0236858, 0.000967699, 0.0159395, -0.0111325, -0.00664783, -0.00024265, -0.00479548, -0.0163058, 0.00293935, -0.00708664, 0.00730496, -0.0139323, -0.00334623, -0.00102943, -0.0309695, 0.00844019
# 0.000200609, -0.0111155, -5.85587e-05, 9.81811e-05, -0.000171304, 0.000388741, 2.48997e-05, -0.000774579, 0.000292277, 0.000262688, 0.00990399, 0.00560386, -0.00573563, 0.0189884, 0.01515, 0.0196994, 0.0182346, 0.0125042, 0.0179289, 0.0213151, 0.0259893, 0.0423045, 0.0106975, 0.0959607, 0.0157529, 0.00529184, 0.0256408, 0.0057319, 0.0123325, 0.00921362, 0.0259602, 0.00788165, 0.0232182, 0.023446, 0.0243912, 0.00972632, 0.00189694, 0.00718182, 0.0123287, 0.0117319, 0.0202021, -0.00331808, 0.0120128, 0.0193158, 0.00793414, -0.00353733, 0.0110223, 0.0145463, 0.0225991, 0.00530605, 0.0177545, 0.0234599, 0.0252866, 0.0170526, 0.0154059, 0.0111806, 0.0217071, 0.0127534, 0.0290627, 0.0201368, 0.0161672, 0.0222358, 0.0200795, 0.000633297, 0.000571845, -0.00522402, 0.000595528, 0.00427925, -0.00712121, -0.00189524, 0.0202959, 0.00318851, 0.00390114, -0.107124, -0.00142431, 0.0325008, 0.00355868, 0.024052, 0.00301936, 0.00622968, -0.00660314, 0.00855655, -0.000986103, 0.00136579, -0.00367798, 0.00590788, -0.0169502, -0.0033962, 0.000373861, -0.0150803, -0.0107201, 0.00076264, 0.00803361, -0.00185079, 0.0173229, -0.0014031, 0.0136854, -0.000440292, -0.00579363, 0.0194209, -0.0146053, -0.00923387, -0.00269456, -0.00418395, 0.00489426, -0.00136812, -0.0113225, 0.00569879, -0.0156279, -0.00662985, 0.00378935, 0.00527507, -0.00964959
# 0.000250553, -0.0118509, -0.000527382, -0.00056818, 0.000163303, 0.000240183, 0.000140934, -0.000178389, -6.68782e-05, 1.51944e-05, -0.00519771, 0.00135196, 0.00175095, 0.0102119, 0.0166476, 0.00999182, 0.0200062, 0.0251254, 0.0217305, 0.00908469, 0.018263, 0.0108269, 0.0112279, 0.0157529, 0.118201, 0.0170712, 0.0116027, 0.0224005, 0.0253789, 0.0187973, 0.0250033, 0.0241452, 0.0202902, 0.016217, 0.0175111, 0.0247978, 0.0203943, 0.022595, 0.0188855, 0.0279154, 0.0187496, 0.0198114, 0.0238027, 0.0145279, 0.0244842, 0.026626, 0.0182142, 0.0147052, 0.0178937, 0.0156706, 0.022127, 0.0200677, 0.00818147, 0.0176811, 0.0184532, 0.0246721, 0.0189813, 0.0132714, 0.0185156, 0.0116004, 0.0203917, 0.0226571, 0.0229775, -0.0149727, -0.00136552, 0.0104407, -0.00481321, -0.00815717, -0.00661258, 0.00371697, -0.00914272, -0.0100221, 0.00160641, 0.0120299, -0.11887, -0.00209451, -0.00130528, 0.000832266, -0.000738095, -0.00613841, -0.0164272, -0.00814137, -0.00611289, -0.0191449, -0.00245809, 0.0205161, -0.00489532, 0.00368339, -0.00110259, -0.0157656, 0.00409614, 0.0182196, 0.0162078, 0.0175293, 0.00283407, 0.00394249, 0.0015806, 0.001263, -0.00230556, -0.00338718, -0.0106109, -0.00956524, 0.0134479, -0.00421686, 0.0194928, 0.00169715, 0.0040683, 0.0071119, -0.00565794, 0.000185421, -0.00332428, -0.0165052, -0.0192849
# 0.000257354, -0.0111666, 0.000379529, -0.000252218, -4.86456e-05, 0.000496806, 0.000247735, -9.35899e-05, 5.04445e-06, -0.000739854, -0.00422309, 0.00417295, -0.010393, 0.0150281, 0.0188134, 0.00935164, 0.0238355, 0.0236119, 0.0108295, 0.0150674, 0.0135287, 0.0120491, 0.00752889, 0.00529184, 0.0170712, 0.123087, 0.0149793, 0.016535, 0.0246709, 0.00587204, 0.0126367, 0.00765026, 0.0139368, 0.00229249, 0.0162128, 0.0125719, 0.0272511, 0.034018, 0.0273467, 0.0186113, 0.0221108, 0.0102667, 0.0180679, 0.00972234, 0.0240369, 0.0280869, 0.0215153, 0.0105408, 0.00715374, 0.0192865, 0.0257161, 0.00384876, 0.0102158, 0.0215738, 0.0167947, 0.014648, 0.0282574, 0.010421, 0.016344, 0.0207314, 0.00913516, 0.0347353, 0.0126333, -0.00623456, 0.00742797, 0.0156375, -0.0160163, -0.00698205, 0.0271275, -0.0179767, -0.0191008, -0.0138857, 0.0191089, 0.0125747, 0.0130861, -0.151157, -0.0117026, 0.00607453, 0.0124096, 0.0268551, 0.0113775, 0.0340988, 0.00807967, 0.0117798, -0.0102301, 0.0252077, -0.0164725, -0.00878025, 0.00872288, -0.0168965, -0.00263264, 0.023613, 0.0180105, -0.000979858, -0.011145, -0.00270232, 0.000838542, -0.00560273, 0.0187763, 0.00658122, 0.00803432, 0.022366, -0.00352583, -0.00717635, 0.00911631, 0.00114368, -0.0294155, 0.0109921, -0.0092852, -0.00914583, 0.0139218, -0.017863, 0.00495418
