# stan_version_major = 2
# stan_version_minor = 37
# stan_version_patch = 0
# model = survival_model
# start_datetime = 2026-03-12 17:42:14 UTC
# method = sample (Default)
#   sample
#     num_samples = 2000
#     num_warmup = 1000 (Default)
#     save_warmup = false (Default)
#     thin = 1 (Default)
#     adapt
#       engaged = true (Default)
#       gamma = 0.05 (Default)
#       delta = 0.8 (Default)
#       kappa = 0.75 (Default)
#       t0 = 10 (Default)
#       init_buffer = 75 (Default)
#       term_buffer = 50 (Default)
#       window = 25 (Default)
#       save_metric = false (Default)
#     algorithm = hmc (Default)
#       hmc
#         engine = nuts (Default)
#           nuts
#             max_depth = 10 (Default)
#         metric = dense_e
#         metric_file =  (Default)
#         stepsize = 1 (Default)
#         stepsize_jitter = 0 (Default)
#     num_chains = 1 (Default)
# id = 1 (Default)
# data
#   file = /Users/dansprague/Documents/PhaseSkate/benchmarks/scaling/data/data_H25.json
# init = 2 (Default)
# random
#   seed = 42
# output
#   file = /Users/dansprague/Documents/PhaseSkate/benchmarks/scaling/stan_output/survival-20260312134214_1.csv
#   diagnostic_file =  (Default)
#   refresh = 100 (Default)
#   sig_figs = 8 (Default)
#   profile_file = profile.csv (Default)
#   save_cmdstan_config = false (Default)
# num_threads = 1 (Default)
# stanc_version = stanc3 v2.37.0
# stancflags = --filename-in-msg=survival.stan
lp__,accept_stat__,stepsize__,treedepth__,n_leapfrog__,divergent__,energy__,log_alpha,beta_0,trt_effect,beta.1,beta.2,beta.3,beta.4,beta.5,beta.6,beta.7,beta.8,log_sigma_int,log_sigma_slope,rho,z_int.1,z_int.2,z_int.3,z_int.4,z_int.5,z_int.6,z_int.7,z_int.8,z_int.9,z_int.10,z_int.11,z_int.12,z_int.13,z_int.14,z_int.15,z_int.16,z_int.17,z_int.18,z_int.19,z_int.20,z_int.21,z_int.22,z_int.23,z_int.24,z_int.25,z_slope.1,z_slope.2,z_slope.3,z_slope.4,z_slope.5,z_slope.6,z_slope.7,z_slope.8,z_slope.9,z_slope.10,z_slope.11,z_slope.12,z_slope.13,z_slope.14,z_slope.15,z_slope.16,z_slope.17,z_slope.18,z_slope.19,z_slope.20,z_slope.21,z_slope.22,z_slope.23,z_slope.24,z_slope.25
# Adaptation terminated
# Step size = 0.299353
# Elements of inverse mass matrix:
# 0.000971182, -7.63002e-05, 0.00023427, -0.000160119, 5.44542e-05, -2.72788e-05, -1.94059e-05, -2.31638e-05, 5.2915e-06, -4.94166e-05, -1.35813e-06, -0.000201456, 0.00113047, 0.000580567, -0.000833052, -0.00033033, 0.000326785, -0.000568336, -0.000775792, -0.000891158, -0.000812281, 0.000307742, 0.000272057, -0.000237677, 0.000617468, -3.70243e-05, -0.000369424, -0.000285278, -0.000331063, 0.000707522, -0.000860817, -0.000417732, -0.00240511, -0.000822272, -0.00056448, -0.000477391, -0.000671338, -0.00110462, 0.000345085, 0.00160584, -0.00110666, -0.00154651, 0.000849161, -0.0016071, 0.00145417, -0.00122531, -0.000882412, 0.000159985, -0.0010456, -0.00118458, -0.000331894, -0.00110139, 0.00241292, 0.000370549, -0.00217191, -0.000751162, -0.00112711, 0.00155495, -0.00100346, 0.000466571, -0.00115554, 0.0033486, 0.000708641, -0.00179792
# -7.63002e-05, 0.0167241, -0.0028665, 0.000376898, -2.56972e-05, 0.000535368, -0.000196751, 0.000150877, -0.00016099, 0.000165855, -0.000131708, 0.00212179, -0.00147743, 0.000331699, -0.0230888, -0.0232593, -0.0220292, -0.0285285, -0.0201909, -0.0215697, -0.0221301, -0.0240292, -0.0210474, -0.0220175, -0.0235487, -0.0222065, -0.0257097, -0.0191398, -0.0189517, -0.0289985, -0.0188333, -0.0233929, -0.020194, -0.0281772, -0.0231048, -0.0176209, -0.0259647, -0.0264769, -0.0229006, -0.0034014, 0.0013249, -0.00281985, 0.00887899, -0.0131169, -0.0101734, 0.00109955, 0.00253555, 0.000532919, -0.00334551, -0.00297987, -0.00315101, -0.000238276, -0.000406825, -0.0123847, 0.00636283, -0.00496529, 0.00626281, 0.0100499, 0.0149309, 0.012731, -0.00293448, 0.00500239, -0.0047355, 0.00109894
# 0.00023427, -0.0028665, 0.00712981, 5.31387e-07, -8.45126e-06, -7.24962e-06, 0.000277688, 0.000132654, -2.52451e-05, -0.00030569, 2.10455e-05, -0.00160676, 0.00552711, 0.00315991, 0.00398252, -0.00246506, 0.00290555, 0.00225863, -0.00075607, -0.000616292, 0.00159063, 0.000173994, 0.000597816, 0.000846355, 0.00150347, 0.000758226, 0.00354306, 0.000368256, -0.00414782, 0.00436787, -0.00259734, 0.000840539, -0.00191206, 0.00210072, 0.00097806, -0.00520659, 0.00339401, -0.00201813, -2.09464e-06, -0.0154422, -0.00180943, -0.0117971, -0.0107179, -0.00714167, -0.00476593, -0.0149482, -0.0108935, -0.0123794, -0.0128773, -0.00562319, -0.00675301, -0.0137722, -0.0119762, -0.006158, -0.00998773, -0.00302241, -0.0159113, -0.00803519, -0.0139483, -0.0150339, -0.00846952, -0.0146232, 0.00157482, -0.0132899
# -0.000160119, 0.000376898, 5.31387e-07, 0.00108645, -0.00013207, -1.91388e-05, -1.29116e-05, -0.000110242, -7.03399e-05, 1.61035e-05, -8.03697e-05, -0.000563756, 0.00144315, 0.000353732, 0.00071237, -0.000688192, -0.00019195, -0.000172403, 0.000558759, 0.000683907, -0.000316532, 0.000267869, -0.00165311, -0.000204305, -0.000332746, 0.000530876, 0.000816682, -0.000553293, 0.00120227, 0.000554964, -0.000715879, 0.000144857, -0.00109238, -0.00153827, -0.00111093, -0.00118076, 0.000347115, 2.93447e-05, 0.000221947, -0.000877466, 0.00171982, 0.00339217, 0.00224758, 0.00205455, -0.00275954, -1.80263e-06, -0.00150844, 0.000218758, -4.69817e-05, 0.000273409, 0.000595319, -0.00185555, -0.00099773, -0.00460323, 0.0008409, 0.000111838, 0.00130128, -0.000673355, -6.08363e-05, 0.000168135, 0.000441677, -0.00115007, 0.0018954, -0.00169242
# 5.44542e-05, -2.56972e-05, -8.45126e-06, -0.00013207, 0.000818332, -2.27495e-05, 1.88022e-05, -1.27501e-05, -5.2429e-05, -2.5164e-05, -2.43414e-05, 0.000243725, -0.000239969, -0.000151669, -0.000804373, -0.00112699, -0.000442245, -0.000155347, -0.000275598, -0.00136449, 0.000256107, -3.19534e-05, -8.48421e-05, 0.000154074, -0.000288827, 6.41662e-06, -0.000353136, -0.000101497, -0.000127029, -0.0006051, -0.000764733, 0.00043785, 0.000433918, -0.000391275, 0.00113216, 0.000719457, -0.000748309, -7.82421e-05, -0.00128776, 0.000605247, -0.000684124, -0.000189584, -0.000101191, -0.0010209, 0.00139059, -0.000825847, 0.0016935, 0.00159295, -0.000125873, 0.000248718, -0.00261686, 0.00106712, -0.00130515, -0.00105731, 0.000316387, 0.00100098, 0.000255618, -6.50924e-05, 0.000234334, -4.14443e-05, -0.00187512, 9.65662e-05, -0.00182276, 0.00228286
# -2.72788e-05, 0.000535368, -7.24962e-06, -1.91388e-05, -2.27495e-05, 0.000906253, 7.96043e-05, -5.05014e-05, -5.65913e-05, -2.82348e-05, 1.09487e-05, -2.82604e-06, 2.51551e-05, -0.000938284, -0.000114258, -0.000753236, -0.00109814, -0.00116044, -0.000147387, -0.000824607, -4.26765e-05, -0.000575061, -0.0011084, -0.000730636, 0.000177451, -0.000857267, -0.00156277, 0.000563214, -0.000672262, -0.00149418, 0.00018171, 7.99203e-05, -0.00183119, -0.000313182, -0.000497186, -0.00137234, -0.000774688, -0.000282741, -0.000527163, -0.000400314, 0.000250716, 4.30427e-05, 0.000882532, -0.00121421, -0.00079923, -0.00107124, 0.00113921, -0.00140704, -0.000403343, -0.00313973, -0.00159361, 0.00191997, -0.00173371, 0.000649851, 0.000551136, -0.00111585, 0.000563623, 0.0019471, -0.000383686, -0.000566795, 0.000540302, -0.0016928, -0.000879135, 0.000478804
# -1.94059e-05, -0.000196751, 0.000277688, -1.29116e-05, 1.88022e-05, 7.96043e-05, 0.00078915, -4.9405e-05, -8.64205e-06, -3.66478e-05, -4.49943e-05, 0.000236436, -0.000346244, -0.000886298, 0.000221354, 0.000253643, 0.000729189, 0.000352599, -0.000116058, -0.000157284, 0.000457043, -0.000179443, 7.9617e-05, -0.000978267, -0.000563019, 1.83568e-07, 0.000219463, 0.000270647, -9.75881e-05, 0.000185969, 3.21775e-05, 3.67658e-05, -0.000364255, 0.000306557, 0.000842713, 0.00119386, 0.000356059, 0.000307348, -0.000313856, -0.000212469, 0.00019348, 0.00029989, -0.002297, -0.000663123, -0.000780979, -0.000945993, 0.00160478, -0.000719036, 0.00226751, 8.40193e-05, 0.000194064, -0.00231938, -0.00104236, 0.000101996, 0.000199838, 0.0022621, 0.000403225, -0.0003654, -0.000553542, -0.00034624, -0.00232687, 0.000241679, -0.00183643, -0.00111926
# -2.31638e-05, 0.000150877, 0.000132654, -0.000110242, -1.27501e-05, -5.05014e-05, -4.9405e-05, 0.000869259, 1.83302e-05, -7.899e-05, 0.000100375, 0.000155916, -1.17585e-05, -0.000296692, 0.00080418, 0.000370333, -0.000665517, -0.000320088, 0.000210711, -0.000403022, 0.000184151, -0.000213318, 0.00130362, -0.000449846, -0.000446878, -0.000546615, -0.000110657, -0.000280543, -0.00121922, -0.000215659, 0.00106834, -0.000363729, -0.00121918, 0.000232022, 0.000291387, -0.00040374, 0.000636365, -0.000173553, 8.43732e-05, -0.00100092, -6.12284e-05, 0.000476331, -0.00300618, -0.000171861, 0.00198643, -0.00263555, 0.00027737, -0.00119694, 2.4144e-05, 0.000389391, 0.00111444, -0.00127731, -0.000287053, 0.00116657, -0.000950762, -0.000620943, -0.000219823, 0.000951911, 0.000188296, 0.00146225, -0.0013215, -0.00179457, -0.000406268, -0.000679389
# 5.2915e-06, -0.00016099, -2.52451e-05, -7.03399e-05, -5.2429e-05, -5.65913e-05, -8.64205e-06, 1.83302e-05, 0.000745897, 0.000129549, 1.77206e-05, -0.00028534, -0.00128017, -0.000845233, 0.000956741, 0.000784736, 0.000581068, 5.90572e-06, 0.00161017, -0.000197888, 0.000450817, 0.000124824, 0.000785854, 0.000588069, -0.000672603, 0.00131896, 0.000124896, 0.000370395, 0.000539929, 0.000554266, 0.000453404, -0.000417072, 0.000612719, -0.000634678, -0.000591442, 0.000239835, 2.40753e-05, 0.000904451, -0.00060213, 0.000689797, -0.00145853, -0.001143, -0.000856093, -0.000769661, 0.00100717, 0.00051867, -0.000787412, -0.00110802, -0.00164951, 0.0018598, -0.000191533, 0.000591564, 4.69809e-05, 0.00135696, 0.00146089, -0.000887332, -0.00113428, -0.00357879, 0.00188929, -5.32142e-05, -0.000926451, 0.0034506, -0.000942242, 7.37563e-05
# -4.94166e-05, 0.000165855, -0.00030569, 1.61035e-05, -2.5164e-05, -2.82348e-05, -3.66478e-05, -7.899e-05, 0.000129549, 0.000935751, -1.49338e-05, 0.000241098, -0.000571493, -0.000869943, 0.0012047, 0.00143004, -0.000429806, 0.000755125, 0.000220071, 0.000384566, 0.000250527, 5.77691e-05, 0.000623755, 0.000232777, -0.000174206, 0.00124424, -0.000192974, 0.000295147, 0.000467179, 0.00111081, 0.000800366, -0.00031053, 0.00207474, -0.00061828, 0.000712314, 0.00102667, -0.000699112, 0.000822518, 0.000508121, -0.00144939, 0.000853212, 0.00123878, 0.000369746, -9.19142e-05, 5.74516e-06, 0.00369929, 0.000480586, 0.000212013, -0.000100269, 0.00259508, -0.00188662, 0.00245821, 0.000997839, 0.000437158, -0.000199208, -0.000836693, 0.00208397, -0.00129973, -0.000776295, -0.00214311, 0.000237422, 9.58131e-05, 0.00113947, 0.000611775
# -1.35813e-06, -0.000131708, 2.10455e-05, -8.03697e-05, -2.43414e-05, 1.09487e-05, -4.49943e-05, 0.000100375, 1.77206e-05, -1.49338e-05, 0.000870977, 0.000128412, -7.09979e-05, 0.000369113, 0.000523588, 0.000453112, 0.000498169, -0.000190972, -0.000607919, 0.000942594, -6.9949e-05, 0.000735031, 0.00135197, 0.000224711, -8.34338e-05, 0.000317668, 7.49904e-05, 3.22523e-05, -0.000266551, -0.00111426, 0.000852838, 0.000482954, 0.00010336, -6.73192e-05, 8.56248e-05, 0.000644662, -0.000163879, 0.000380385, 0.000718753, -0.00155938, 0.00212122, 0.000406871, -0.00153692, -5.50095e-05, -0.000869364, 0.00208733, -0.00174862, 0.00117167, -6.79775e-05, 0.000634611, 0.000238805, -2.94569e-05, 0.000882708, -0.00019648, 0.00206215, 0.0018405, -0.0014008, 0.000654065, 0.00122286, 0.00140814, -0.000272977, 0.000462713, 0.000412422, -0.00071071
# -0.000201456, 0.00212179, -0.00160676, -0.000563756, 0.000243725, -2.82604e-06, 0.000236436, 0.000155916, -0.00028534, 0.000241098, 0.000128412, 0.0289324, -0.00463624, -0.0147939, 0.00415745, -0.0153367, -0.00033959, 0.00284126, -0.0241736, -0.0146297, 0.0182971, 0.0225254, 0.0421916, 0.00214817, 0.00668828, -0.00658401, -0.00809247, 0.00186027, -0.00738859, -0.0314574, -0.00207337, 0.0142181, -0.00716069, 0.0120066, 0.0145475, 0.0312877, -0.0247523, -0.0375661, -0.000261679, -0.0028896, -0.015149, -0.00751809, -0.00300397, -0.00106216, -0.00210467, 0.000999655, 0.0131222, 0.00769266, 0.00602752, 0.0123706, -0.000560146, -0.00228847, -0.000391365, 0.000283008, -0.00612204, 0.00273095, 0.0201432, 8.58745e-06, -0.00239518, 0.0149447, 0.00577899, 0.00308117, -0.0255194, 0.0128219
# 0.00113047, -0.00147743, 0.00552711, 0.00144315, -0.000239969, 2.51551e-05, -0.000346244, -1.17585e-05, -0.00128017, -0.000571493, -7.09979e-05, -0.00463624, 0.173989, -0.0719871, 0.0181858, -0.011974, 0.0238714, 0.0203717, -0.0231423, 0.0210426, 0.0146095, 0.00289441, 0.0097319, 0.000606843, 0.0214483, 0.00327607, 0.0210231, -0.0277691, -0.0190435, 0.0208349, 0.0191639, 0.0271116, -0.0674705, 0.00854307, -0.00229194, -0.0985526, 0.0170825, -0.0484403, 0.0262264, -0.0278385, 0.0275576, -0.0366715, -0.00911044, 0.0488976, -0.00180588, -0.0400703, -0.033474, -0.0544424, -0.0239428, -0.0401362, 0.00617814, -0.0421469, 0.0250654, -0.00677414, 0.00573892, -0.0213459, -0.0516294, 0.107071, -0.0415915, -0.0128021, 0.0644445, -0.0135871, 0.0984669, -0.0556245
# 0.000580567, 0.000331699, 0.00315991, 0.000353732, -0.000151669, -0.000938284, -0.000886298, -0.000296692, -0.000845233, -0.000869943, 0.000369113, -0.0147939, -0.0719871, 0.384772, -0.0108024, -0.0182845, -0.0181369, -0.0222483, 0.000109833, -0.0134784, -0.0236649, 0.00244575, -0.0239732, 0.00731877, -0.00314665, -0.00202265, -0.0193115, 0.00893774, 0.0137876, -0.0301531, -0.0336792, -0.016415, 0.039785, -0.0108809, -0.00128409, 0.0743349, -0.0314067, -0.0122708, -0.0173625, 0.0150609, -0.0329094, 0.0639596, 0.0253988, -0.0840727, 0.00364827, 0.0731434, 0.112083, 0.203316, 0.00388159, 0.0306968, -0.00604818, 0.0200644, -0.0156777, -0.0359301, -0.0647074, 0.0327123, 0.0666885, -0.0935926, 0.0837236, 0.0730561, -0.00047495, -0.00251918, -0.0959431, 0.024162
# -0.000833052, -0.0230888, 0.00398252, 0.00071237, -0.000804373, -0.000114258, 0.000221354, 0.00080418, 0.000956741, 0.0012047, 0.000523588, 0.00415745, 0.0181858, -0.0108024, 0.128834, 0.03206, 0.0367103, 0.0442928, 0.0189238, 0.0244882, 0.049617, 0.0458759, 0.0389898, 0.0255279, 0.0438357, 0.0410592, 0.043015, 0.0370181, 0.0194168, 0.0435456, 0.0297861, 0.039636, 0.0239888, 0.0531754, 0.0370756, 0.0283959, 0.0343951, 0.0292753, 0.0363946, -0.0786767, -0.00962557, -0.000599673, -0.0151492, 0.0296861, 0.0287507, -0.017442, 0.000693559, -0.00907994, 0.0165578, 0.0182342, 0.00392511, -0.0122324, -0.0101537, 0.023663, -0.0230983, 0.00956047, -0.0153698, -0.0259494, -0.0415093, -0.0114108, -0.00869341, 0.00357428, 0.0338572, 0.00130131
# -0.00033033, -0.0232593, -0.00246506, -0.000688192, -0.00112699, -0.000753236, 0.000253643, 0.000370333, 0.000784736, 0.00143004, 0.000453112, -0.0153367, -0.011974, -0.0182845, 0.03206, 0.173195, 0.0224751, 0.0380098, 0.0433263, 0.0392773, 0.0199068, 0.0254734, 0.00830627, 0.0295331, 0.027869, 0.0382137, 0.048427, 0.0332927, 0.0340645, 0.0514078, 0.0389939, 0.0241344, 0.0346567, 0.0417381, 0.0392444, 0.0123888, 0.0488983, 0.0839937, 0.0309401, 0.0263844, -0.120411, 0.0190831, 0.00259308, 0.031245, 0.017142, 0.0279837, -0.0174225, -0.0115489, 0.0253783, 0.0234571, -0.00246505, 0.014974, 0.0240675, 0.0220674, 0.0143778, 0.00472505, -0.00586732, 0.0170066, -0.0246509, -0.0195107, 0.00828972, 0.00277245, 0.0280159, 0.0190393
# 0.000326785, -0.0220292, 0.00290555, -0.00019195, -0.000442245, -0.00109814, 0.000729189, -0.000665517, 0.000581068, -0.000429806, 0.000498169, -0.00033959, 0.0238714, -0.0181369, 0.0367103, 0.0224751, 0.119886, 0.0369936, 0.026471, 0.0385424, 0.038921, 0.0324421, 0.0303001, 0.0184695, 0.0372787, 0.028043, 0.0381069, 0.0263918, 0.0294085, 0.0460811, 0.0286765, 0.0406066, 0.0201941, 0.0235633, 0.02675, 0.00979583, 0.0456815, 0.0289287, 0.0437295, -0.000449495, -0.00619404, -0.0958809, -0.0110443, 0.0437453, 0.00181659, -0.0178778, -0.0172828, -0.0136275, 0.00377342, -0.00945808, 0.000496991, -0.00772436, -0.00127554, 0.0292327, -0.00271235, 0.0202162, -0.0116713, -0.00505212, -0.00696377, 0.00216722, 0.00779105, -0.0300551, 0.023929, -0.0260685
# -0.000568336, -0.0285285, 0.00225863, -0.000172403, -0.000155347, -0.00116044, 0.000352599, -0.000320088, 5.90572e-06, 0.000755125, -0.000190972, 0.00284126, 0.0203717, -0.0222483, 0.0442928, 0.0380098, 0.0369936, 0.123943, 0.0221149, 0.0424832, 0.0520039, 0.0501266, 0.0441398, 0.0373532, 0.0474314, 0.0345097, 0.0506591, 0.0342544, 0.0259078, 0.0432484, 0.0458373, 0.0455473, 0.0346671, 0.0554712, 0.0425014, 0.0335428, 0.054459, 0.0398862, 0.0427932, 0.00366578, 0.00888327, 0.00163052, -0.100624, 0.050226, 0.021037, -0.00389836, -0.0111638, -0.00444281, 0.0275748, -0.00112839, 0.0104664, 0.00228244, -0.00341689, 0.0303214, 0.00814315, 0.00334118, -0.00241573, 0.00707995, -0.0177021, -0.015856, 0.0146194, -0.0104243, 0.00698081, -0.017063
# -0.000775792, -0.0201909, -0.00075607, 0.000558759, -0.000275598, -0.000147387, -0.000116058, 0.000210711, 0.00161017, 0.000220071, -0.000607919, -0.0241736, -0.0231423, 0.000109833, 0.0189238, 0.0433263, 0.026471, 0.0221149, 0.169295, 0.028045, 0.0140956, 0.012959, -0.000245584, 0.0341468, 0.00935072, 0.0258662, 0.0303267, 0.0258198, 0.0360177, 0.0676259, 0.0251284, 0.0140523, 0.0578951, 0.0169673, 0.0231857, 0.00577434, 0.047491, 0.0695295, 0.0257652, 0.0220611, 0.00639091, 0.00474016, 0.0106661, -0.132163, 0.0267189, -0.00257643, -0.0157093, -0.00690837, -0.00367369, -0.00860196, 0.0348419, 0.0329431, -0.0014444, 0.0407949, -0.00171232, 0.0140482, -0.00613978, -0.0282973, 0.0151776, -0.0193741, 0.025638, -0.00917991, 0.0244036, -0.000555797
# -0.000891158, -0.0215697, -0.000616292, 0.000683907, -0.00136449, -0.000824607, -0.000157284, -0.000403022, -0.000197888, 0.000384566, 0.000942594, -0.0146297, 0.0210426, -0.0134784, 0.0244882, 0.0392773, 0.0385424, 0.0424832, 0.028045, 0.140748, 0.021651, 0.0305981, 0.0152754, 0.0297761, 0.0344711, 0.0415455, 0.0459274, 0.024225, 0.0326546, 0.0575617, 0.034429, 0.0321255, 0.0164506, 0.0229136, 0.018831, -0.00117274, 0.0499742, 0.0493356, 0.0468729, 0.00731883, 0.0118592, 0.026227, -0.000948998, 0.0496373, -0.112571, 0.00614254, -0.0431102, -0.0142132, 0.00776851, -0.00674476, 0.00183149, -0.00388306, 0.00965855, 0.0245364, -0.00235556, 0.00171143, 0.00631432, 0.00674216, -0.000783792, -0.0142774, 0.0282683, -0.00337698, 0.0448795, -0.00739528
# -0.000812281, -0.0221301, 0.00159063, -0.000316532, 0.000256107, -4.26765e-05, 0.000457043, 0.000184151, 0.000450817, 0.000250527, -6.9949e-05, 0.0182971, 0.0146095, -0.0236649, 0.049617, 0.0199068, 0.038921, 0.0520039, 0.0140956, 0.021651, 0.120657, 0.0529011, 0.0640391, 0.0245036, 0.0546705, 0.0304511, 0.0348828, 0.0312443, 0.0201608, 0.0124781, 0.0276844, 0.0467414, 0.020776, 0.0520357, 0.038885, 0.0419466, 0.0213185, 0.0116499, 0.0333953, 0.00504445, -0.0103377, 0.00535427, 0.0113164, 0.0265447, 0.0266927, -0.102026, 0.0179181, -0.0128824, 0.0307495, -0.00961187, 0.00955295, 0.005352, -0.0200956, 0.0319452, 0.013762, 0.0267096, 0.0212894, -0.0178121, -0.0171602, 0.00550938, 0.000664428, -0.00788003, -0.0040622, 0.00911666
# 0.000307742, -0.0240292, 0.000173994, 0.000267869, -3.19534e-05, -0.000575061, -0.000179443, -0.000213318, 0.000124824, 5.77691e-05, 0.000735031, 0.0225254, 0.00289441, 0.00244575, 0.0458759, 0.0254734, 0.0324421, 0.0501266, 0.012959, 0.0305981, 0.0529011, 0.127365, 0.0732768, 0.0480102, 0.056112, 0.0370135, 0.0346096, 0.0307737, 0.0296621, 0.0187242, 0.0290368, 0.0577939, 0.0270223, 0.063035, 0.0569585, 0.0612085, 0.0217551, 0.0122606, 0.0407804, -0.00511874, -0.0164822, 0.00561117, -0.00440961, 0.0145435, 0.00272207, 0.00832443, -0.0968433, 0.0189377, 0.0207133, -0.00219772, 0.00420851, -0.00265331, 0.0027206, 0.0148863, -0.000663983, 0.0175408, 0.0212847, -0.000690336, -0.0248031, 0.00742488, 0.0193941, 0.0052379, -0.0210137, 0.0198533
# 0.000272057, -0.0210474, 0.000597816, -0.00165311, -8.48421e-05, -0.0011084, 7.9617e-05, 0.00130362, 0.000785854, 0.000623755, 0.00135197, 0.0421916, 0.0097319, -0.0239732, 0.0389898, 0.00830627, 0.0303001, 0.0441398, -0.000245584, 0.0152754, 0.0640391, 0.0732768, 0.162484, 0.0485952, 0.0574382, 0.027881, 0.0229334, 0.0289937, 0.0139012, -0.0051691, 0.0335562, 0.057908, 0.0101187, 0.0559049, 0.05656, 0.0716323, 0.000928855, -0.0192476, 0.0407669, 0.0218309, 0.000834709, -0.00555006, -0.00734373, 0.00978079, 0.0148664, 0.00900242, 0.0132047, -0.0650654, -0.0133292, 0.0147138, 0.00827121, 0.00279096, 0.021658, 0.0297792, -0.0103266, -0.00297007, 0.0230191, -0.0181955, -0.024781, 0.00235195, 0.0120471, 0.0109242, -0.0405915, 0.0103686
# -0.000237677, -0.0220175, 0.000846355, -0.000204305, 0.000154074, -0.000730636, -0.000978267, -0.000449846, 0.000588069, 0.000232777, 0.000224711, 0.00214817, 0.000606843, 0.00731877, 0.0255279, 0.0295331, 0.0184695, 0.0373532, 0.0341468, 0.0297761, 0.0245036, 0.0480102, 0.0485952, 0.126856, 0.0362981, 0.0287485, 0.0328169, 0.0321726, 0.0307093, 0.0385503, 0.0212473, 0.0352968, 0.0395401, 0.0424825, 0.043022, 0.0313541, 0.0252296, 0.0228343, 0.0334938, 0.0336998, -0.00825288, -0.00143433, 0.00217178, -0.0102421, 0.0169299, 0.0221596, 0.00356646, 0.0118634, -0.106166, -0.00156752, -0.00772146, 0.0101003, 0.00979328, 0.0073067, 0.00394713, 0.0188272, 0.00364918, -0.0134812, -0.0220775, -0.00771172, 0.0158334, -0.00140468, -0.00225853, -0.00947521
# 0.000617468, -0.0235487, 0.00150347, -0.000332746, -0.000288827, 0.000177451, -0.000563019, -0.000446878, -0.000672603, -0.000174206, -8.34338e-05, 0.00668828, 0.0214483, -0.00314665, 0.0438357, 0.027869, 0.0372787, 0.0474314, 0.00935072, 0.0344711, 0.0546705, 0.056112, 0.0574382, 0.0362981, 0.119643, 0.042046, 0.0415754, 0.0263435, 0.0249902, 0.0385561, 0.0165683, 0.0516417, 0.0124822, 0.0539055, 0.0333095, 0.0274837, 0.0303738, 0.0250202, 0.0533387, 0.00572195, -0.0153555, -0.00269302, -0.00114004, 0.0524781, 0.0149587, -0.0101545, -0.0020763, 0.00255419, -0.000693711, -0.0930377, -0.0161152, 0.00339381, 0.00950305, 0.0234381, -0.0327003, 0.0255279, 0.0178618, -0.00665266, -0.0338852, -0.00448227, 0.00679604, 0.00657665, -0.00625027, -0.00248912
# -3.70243e-05, -0.0222065, 0.000758226, 0.000530876, 6.41662e-06, -0.000857267, 1.83568e-07, -0.000546615, 0.00131896, 0.00124424, 0.000317668, -0.00658401, 0.00327607, -0.00202265, 0.0410592, 0.0382137, 0.028043, 0.0345097, 0.0258662, 0.0415455, 0.0304511, 0.0370135, 0.027881, 0.0287485, 0.042046, 0.126333, 0.0351563, 0.0176956, 0.0252021, 0.0427732, 0.0267984, 0.0257547, 0.0260321, 0.0382937, 0.0282404, 0.0208652, 0.0306061, 0.0509768, 0.0440227, 0.00435736, 0.000760707, 0.021324, 0.0111547, 0.0401261, 0.0158706, 0.00469032, -0.0021051, 0.0294667, 0.0197011, 0.00131748, -0.116388, 0.017261, 0.0362563, 0.0450235, 0.0111302, 0.0124527, 0.0121026, -0.0370573, -0.0130558, -0.0249469, 0.00955492, 0.0290182, 0.0144572, -0.0169936
# -0.000369424, -0.0257097, 0.00354306, 0.000816682, -0.000353136, -0.00156277, 0.000219463, -0.000110657, 0.000124896, -0.000192974, 7.49904e-05, -0.00809247, 0.0210231, -0.0193115, 0.043015, 0.048427, 0.0381069, 0.0506591, 0.0303267, 0.0459274, 0.0348828, 0.0346096, 0.0229334, 0.0328169, 0.0415754, 0.0351563, 0.122513, 0.0330506, 0.034597, 0.0545586, 0.0261759, 0.0415349, 0.0259581, 0.0437899, 0.035403, 0.0163843, 0.0483327, 0.0464213, 0.0445823, -0.0183044, 0.00926294, 0.00490982, -0.0220969, 0.0651054, -0.00549124, -0.0172129, -0.0215391, -0.0066813, 0.00628344, -0.00916814, 0.0190325, -0.115998, -0.00920837, 0.0161412, -0.00447916, 0.0200957, -0.0186561, -0.0085553, -0.0349636, -0.0211967, -0.00453393, -0.00918494, 0.0422972, -0.00744349
# -0.000285278, -0.0191398, 0.000368256, -0.000553293, -0.000101497, 0.000563214, 0.000270647, -0.000280543, 0.000370395, 0.000295147, 3.22523e-05, 0.00186027, -0.0277691, 0.00893774, 0.0370181, 0.0332927, 0.0263918, 0.0342544, 0.0258198, 0.024225, 0.0312443, 0.0307737, 0.0289937, 0.0321726, 0.0263435, 0.0176956, 0.0330506, 0.113733, 0.0232248, 0.0235382, 0.0266802, 0.0214086, 0.0287729, 0.0393798, 0.0300203, 0.0445318, 0.0326081, 0.0278189, 0.0244018, -0.0230844, -0.0153551, 0.00519349, -0.0301059, 0.0151491, 0.012825, -0.0089957, 0.0155745, -0.00221633, -0.00686546, -0.00598854, 0.00385874, 0.00889142, -0.124319, 0.0396504, -0.0034545, 0.0132865, 0.0247913, -0.0259167, -0.0248004, -0.00340448, 0.000185438, 0.00876371, 0.00678544, 0.0188376
# -0.000331063, -0.0189517, -0.00414782, 0.00120227, -0.000127029, -0.000672262, -9.75881e-05, -0.00121922, 0.000539929, 0.000467179, -0.000266551, -0.00738859, -0.0190435, 0.0137876, 0.0194168, 0.0340645, 0.0294085, 0.0259078, 0.0360177, 0.0326546, 0.0201608, 0.0296621, 0.0139012, 0.0307093, 0.0249902, 0.0252021, 0.034597, 0.0232248, 0.156777, 0.0418951, 0.0223678, 0.0263776, 0.043281, 0.0268629, 0.0261703, 0.040877, 0.0347334, 0.0563382, 0.0358516, 0.032584, -0.0097256, 0.00929244, 0.0218719, 0.00896904, 0.0114705, 0.034208, 0.0187047, 0.0304997, 0.0249314, 0.00421502, 0.0150836, 0.0144202, 0.0124063, -0.16672, 0.00408414, 0.0280122, 0.0181007, -0.0419408, 0.0137754, -0.0239708, 0.00853836, -0.00638202, 0.00909561, 0.0187376
# 0.000707522, -0.0289985, 0.00436787, 0.000554964, -0.0006051, -0.00149418, 0.000185969, -0.000215659, 0.000554266, 0.00111081, -0.00111426, -0.0314574, 0.0208349, -0.0301531, 0.0435456, 0.0514078, 0.0460811, 0.0432484, 0.0676259, 0.0575617, 0.0124781, 0.0187242, -0.0051691, 0.0385503, 0.0385561, 0.0427732, 0.0545586, 0.0235382, 0.0418951, 0.184363, 0.0390263, 0.0281158, 0.0363514, 0.0343636, 0.0267851, -0.0268155, 0.0723866, 0.0922694, 0.0533486, 0.00118775, 0.0199966, -0.00957852, -0.0320043, 0.0424628, 0.00594892, 0.0195642, -0.0409491, -0.0332716, -0.00965733, -0.0134058, 0.0187094, -0.00359621, 0.0166679, 0.0129236, -0.0769904, -0.0125219, -0.0397338, -0.005041, -0.054245, -0.044725, 0.0100969, -0.00854642, 0.0453491, -0.0372805
# -0.000860817, -0.0188333, -0.00259734, -0.000715879, -0.000764733, 0.00018171, 3.21775e-05, 0.00106834, 0.000453404, 0.000800366, 0.000852838, -0.00207337, 0.0191639, -0.0336792, 0.0297861, 0.0389939, 0.0286765, 0.0458373, 0.0251284, 0.034429, 0.0276844, 0.0290368, 0.0335562, 0.0212473, 0.0165683, 0.0267984, 0.0261759, 0.0266802, 0.0223678, 0.0390263, 0.14235, 0.0400776, 0.00882981, 0.0421206, 0.0351788, 0.00434231, 0.0337965, 0.0260548, 0.0412704, 0.0196216, 0.0169454, 0.0134699, -0.0295619, 0.0107942, 0.0253657, 0.0312106, -0.00538898, 0.000175605, 0.0359856, 0.0387243, 0.0216528, 0.0245967, -0.00654961, 0.0185637, 0.0370273, -0.153294, -0.0148646, 0.0332496, -0.0288371, 0.00627755, 0.0428863, 0.019961, 0.0215802, -0.00462273
# -0.000417732, -0.0233929, 0.000840539, 0.000144857, 0.00043785, 7.99203e-05, 3.67658e-05, -0.000363729, -0.000417072, -0.00031053, 0.000482954, 0.0142181, 0.0271116, -0.016415, 0.039636, 0.0241344, 0.0406066, 0.0455473, 0.0140523, 0.0321255, 0.0467414, 0.0577939, 0.057908, 0.0352968, 0.0516417, 0.0257547, 0.0415349, 0.0214086, 0.0263776, 0.0281158, 0.0400776, 0.131234, 0.0121503, 0.0598826, 0.0406337, 0.0299298, 0.0276656, 0.0118656, 0.0492599, 0.0176821, -0.017574, 0.00615418, -0.00850928, 0.0446545, 0.00867345, 0.023046, -0.0110262, 0.0181571, 0.017109, 0.0151741, 0.00816335, -0.0082396, -0.000142678, 0.0061212, -0.00548502, 0.000945517, -0.10612, 0.0141807, -0.0366664, 0.00657561, 0.0282191, -0.0103148, -0.0200101, -0.00511927
# -0.00240511, -0.020194, -0.00191206, -0.00109238, 0.000433918, -0.00183119, -0.000364255, -0.00121918, 0.000612719, 0.00207474, 0.00010336, -0.00716069, -0.0674705, 0.039785, 0.0239888, 0.0346567, 0.0201941, 0.0346671, 0.0578951, 0.0164506, 0.020776, 0.0270223, 0.0101187, 0.0395401, 0.0124822, 0.0260321, 0.0259581, 0.0287729, 0.043281, 0.0363514, 0.00882981, 0.0121503, 0.213206, 0.0333348, 0.0349171, 0.0627922, 0.0322829, 0.0767165, 0.0143994, 0.00436249, -0.0178871, 0.0152732, 0.00898618, -0.00261944, 0.0230143, 0.0178372, 0.00676798, 0.0410774, 0.0330074, 0.0153222, 0.0136877, 0.0441069, 0.0115139, 0.0193518, -0.0108008, 0.0357194, 0.0216295, -0.206735, 0.0154222, -0.0399746, -0.0361421, -0.000860952, -0.0237508, 0.0207599
# -0.000822272, -0.0281772, 0.00210072, -0.00153827, -0.000391275, -0.000313182, 0.000306557, 0.000232022, -0.000634678, -0.00061828, -6.73192e-05, 0.0120066, 0.00854307, -0.0108809, 0.0531754, 0.0417381, 0.0235633, 0.0554712, 0.0169673, 0.0229136, 0.0520357, 0.063035, 0.0559049, 0.0424825, 0.0539055, 0.0382937, 0.0437899, 0.0393798, 0.0268629, 0.0343636, 0.0421206, 0.0598826, 0.0333348, 0.138849, 0.0616691, 0.0362179, 0.0365978, 0.0254796, 0.0489496, -8.82566e-05, -0.0197632, 0.00667095, -0.0256052, 0.0271168, 0.0293127, 0.0028945, 0.00527363, 0.0137517, 0.0221984, -0.00458202, -0.00997338, 0.000328498, 0.00329659, 0.0215697, -0.0206811, 0.0057552, -0.0186665, -0.00912445, -0.119969, -0.022642, 0.0350783, 0.00477997, -0.00866696, -0.00785894
# -0.00056448, -0.0231048, 0.00097806, -0.00111093, 0.00113216, -0.000497186, 0.000842713, 0.000291387, -0.000591442, 0.000712314, 8.56248e-05, 0.0145475, -0.00229194, -0.00128409, 0.0370756, 0.0392444, 0.02675, 0.0425014, 0.0231857, 0.018831, 0.038885, 0.0569585, 0.05656, 0.043022, 0.0333095, 0.0282404, 0.035403, 0.0300203, 0.0261703, 0.0267851, 0.0351788, 0.0406337, 0.0349171, 0.0616691, 0.121386, 0.0463163, 0.0260432, 0.0223608, 0.0333926, 0.0059488, -0.022493, -0.00288219, -0.0128622, 0.00241849, 0.0272304, 0.0220021, 0.00870163, 0.0195473, 0.0100855, 0.0215757, 0.00191954, 0.0062066, 0.00173862, 0.0153473, 0.00713783, 0.0204686, 0.0120474, 0.00987392, -0.0284049, -0.097043, 0.0161381, -0.0122057, -0.00695498, 0.0297453
# -0.000477391, -0.0176209, -0.00520659, -0.00118076, 0.000719457, -0.00137234, 0.00119386, -0.00040374, 0.000239835, 0.00102667, 0.000644662, 0.0312877, -0.0985526, 0.0743349, 0.0283959, 0.0123888, 0.00979583, 0.0335428, 0.00577434, -0.00117274, 0.0419466, 0.0612085, 0.0716323, 0.0313541, 0.0274837, 0.0208652, 0.0163843, 0.0445318, 0.040877, -0.0268155, 0.00434231, 0.0299298, 0.0627922, 0.0362179, 0.0463163, 0.225606, -0.0169427, 0.0245361, 0.0139246, 0.0313946, -0.00250915, 0.0455603, 0.0132992, -0.00633511, 0.0116556, 0.0437614, 0.05531, 0.0746892, 0.0212936, 0.0481917, 0.0227081, 0.0110882, -0.0015094, 0.00921179, 0.00354003, 0.0424158, 0.0745965, -0.0950311, 0.0219324, 0.0221725, -0.156529, 0.0256017, -0.0785435, 0.0549522
# -0.000671338, -0.0259647, 0.00339401, 0.000347115, -0.000748309, -0.000774688, 0.000356059, 0.000636365, 2.40753e-05, -0.000699112, -0.000163879, -0.0247523, 0.0170825, -0.0314067, 0.0343951, 0.0488983, 0.0456815, 0.054459, 0.047491, 0.0499742, 0.0213185, 0.0217551, 0.000928855, 0.0252296, 0.0303738, 0.0306061, 0.0483327, 0.0326081, 0.0347334, 0.0723866, 0.0337965, 0.0276656, 0.0322829, 0.0365978, 0.0260432, -0.0169427, 0.152703, 0.0789584, 0.044982, 0.00608872, 0.0111711, -0.0195984, -0.0468796, 0.0808816, 0.0213252, -0.0113395, -0.0238447, -0.0429473, 0.0236403, -0.0250125, 0.00863687, 0.0100449, -0.0234034, 0.0197316, 0.00997623, 0.0185917, -0.0372154, 0.00625, -0.0231296, -0.0349057, 0.0134879, -0.121875, 0.0319724, -0.0285346
# -0.00110462, -0.0264769, -0.00201813, 2.93447e-05, -7.82421e-05, -0.000282741, 0.000307348, -0.000173553, 0.000904451, 0.000822518, 0.000380385, -0.0375661, -0.0484403, -0.0122708, 0.0292753, 0.0839937, 0.0289287, 0.0398862, 0.0695295, 0.0493356, 0.0116499, 0.0122606, -0.0192476, 0.0228343, 0.0250202, 0.0509768, 0.0464213, 0.0278189, 0.0563382, 0.0922694, 0.0260548, 0.0118656, 0.0767165, 0.0254796, 0.0223608, 0.0245361, 0.0789584, 0.30371, 0.0418619, 0.0197902, 0.0229888, 0.0124333, -0.0155702, 0.0503294, 0.0317417, 0.0210544, -0.0349971, -0.0201782, 0.0415797, 0.0228623, 0.0145967, 0.0375336, 0.0422927, 0.00930514, 0.054326, 0.029383, -0.0257192, -0.0255316, -0.00415099, -0.0453805, -0.0259426, 0.0155765, -0.165804, 0.00712791
# 0.000345085, -0.0229006, -2.09464e-06, 0.000221947, -0.00128776, -0.000527163, -0.000313856, 8.43732e-05, -0.00060213, 0.000508121, 0.000718753, -0.000261679, 0.0262264, -0.0173625, 0.0363946, 0.0309401, 0.0437295, 0.0427932, 0.0257652, 0.0468729, 0.0333953, 0.0407804, 0.0407669, 0.0334938, 0.0533387, 0.0440227, 0.0445823, 0.0244018, 0.0358516, 0.0533486, 0.0412704, 0.0492599, 0.0143994, 0.0489496, 0.0333926, 0.0139246, 0.044982, 0.0418619, 0.130895, 0.0236637, 0.0100136, -0.00613475, -0.0189363, 0.0318523, -0.0129328, 0.0125082, -0.00300967, 0.00346568, 0.0176194, -0.006781, -0.00314828, -0.00377133, 0.0159376, 0.0284954, -0.0124276, -0.00158709, -0.0150021, -0.00980212, -0.0383236, -0.0109713, 0.0377815, -0.00908903, 3.63642e-05, -0.127153
# 0.00160584, -0.0034014, -0.0154422, -0.000877466, 0.000605247, -0.000400314, -0.000212469, -0.00100092, 0.000689797, -0.00144939, -0.00155938, -0.0028896, -0.0278385, 0.0150609, -0.0786767, 0.0263844, -0.000449495, 0.00366578, 0.0220611, 0.00731883, 0.00504445, -0.00511874, 0.0218309, 0.0336998, 0.00572195, 0.00435736, -0.0183044, -0.0230844, 0.032584, 0.00118775, 0.0196216, 0.0176821, 0.00436249, -8.82566e-05, 0.0059488, 0.0313946, 0.00608872, 0.0197902, 0.0236637, 0.636078, -0.0317475, 0.05019, 0.0619863, -0.0532826, -0.00016059, 0.0486579, 0.0406431, 0.0346758, -0.0347916, 0.00634633, -0.044107, 0.0710402, 0.116107, 0.0167281, 0.0410711, -0.0308571, 0.00950023, 0.0191206, 0.0636277, 0.00673614, 0.0480437, 0.0470462, -0.0396362, -0.0125193
# -0.00110666, 0.0013249, -0.00180943, 0.00171982, -0.000684124, 0.000250716, 0.00019348, -6.12284e-05, -0.00145853, 0.000853212, 0.00212122, -0.015149, 0.0275576, -0.0329094, -0.00962557, -0.120411, -0.00619404, 0.00888327, 0.00639091, 0.0118592, -0.0103377, -0.0164822, 0.000834709, -0.00825288, -0.0153555, 0.000760707, 0.00926294, -0.0153551, -0.0097256, 0.0199966, 0.0169454, -0.017574, -0.0178871, -0.0197632, -0.022493, -0.00250915, 0.0111711, 0.0229888, 0.0100136, -0.0317475, 0.69838, 0.0181372, -0.02776, 0.0260992, -0.02073, -0.00888862, -0.0300129, -0.00819384, -0.0258593, -0.0226851, 0.0398964, -0.0405476, 0.0659899, 0.031188, 0.00902122, -0.0446868, 0.0489415, -0.0180969, 0.0370471, -0.00391813, -0.00473518, -0.00947832, 0.0112397, 0.00177981
# -0.00154651, -0.00281985, -0.0117971, 0.00339217, -0.000189584, 4.30427e-05, 0.00029989, 0.000476331, -0.001143, 0.00123878, 0.000406871, -0.00751809, -0.0366715, 0.0639596, -0.000599673, 0.0190831, -0.0958809, 0.00163052, 0.00474016, 0.026227, 0.00535427, 0.00561117, -0.00555006, -0.00143433, -0.00269302, 0.021324, 0.00490982, 0.00519349, 0.00929244, -0.00957852, 0.0134699, 0.00615418, 0.0152732, 0.00667095, -0.00288219, 0.0455603, -0.0195984, 0.0124333, -0.00613475, 0.05019, 0.0181372, 0.587408, 0.0503547, 0.0081617, -0.0413769, 0.0135139, 0.0664071, 0.0278873, 0.0350443, 0.036829, -0.0113394, 0.0268421, 0.0358626, -0.0182921, -0.0082847, -0.00719153, 0.0265055, -0.0195617, 0.030976, 0.0660175, 0.00468812, 0.0842946, 0.0451434, 0.0637838
# 0.000849161, 0.00887899, -0.0107179, 0.00224758, -0.000101191, 0.000882532, -0.002297, -0.00300618, -0.000856093, 0.000369746, -0.00153692, -0.00300397, -0.00911044, 0.0253988, -0.0151492, 0.00259308, -0.0110443, -0.100624, 0.0106661, -0.000948998, 0.0113164, -0.00440961, -0.00734373, 0.00217178, -0.00114004, 0.0111547, -0.0220969, -0.0301059, 0.0218719, -0.0320043, -0.0295619, -0.00850928, 0.00898618, -0.0256052, -0.0128622, 0.0132992, -0.0468796, -0.0155702, -0.0189363, 0.0619863, -0.02776, 0.0503547, 0.523002, -0.0369566, -0.0182029, -0.0338548, 0.0583325, 0.0654011, 0.0121506, 0.00465038, 0.0249051, 0.0277403, 0.0856366, -0.0596151, 0.0302763, -0.00222127, 0.0544251, -0.00955132, 0.0407194, -0.019842, 0.00931727, 0.0369089, 0.0450774, 0.0337979
# -0.0016071, -0.0131169, -0.00714167, 0.00205455, -0.0010209, -0.00121421, -0.000663123, -0.000171861, -0.000769661, -9.19142e-05, -5.50095e-05, -0.00106216, 0.0488976, -0.0840727, 0.0296861, 0.031245, 0.0437453, 0.050226, -0.132163, 0.0496373, 0.0265447, 0.0145435, 0.00978079, -0.0102421, 0.0524781, 0.0401261, 0.0651054, 0.0151491, 0.00896904, 0.0424628, 0.0107942, 0.0446545, -0.00261944, 0.0271168, 0.00241849, -0.00633511, 0.0808816, 0.0503294, 0.0318523, -0.0532826, 0.0260992, 0.0081617, -0.0369566, 0.76255, 0.052628, 0.000174448, 0.00767307, -0.0681515, 0.0859381, -0.021402, -0.0259693, -0.0711177, 0.0212954, 0.00313611, 0.000499324, 0.0450165, -0.029953, 0.0365631, -0.06571, 0.00725812, -0.0199927, -0.0700161, 0.0145935, -0.0224073
# 0.00145417, -0.0101734, -0.00476593, -0.00275954, 0.00139059, -0.00079923, -0.000780979, 0.00198643, 0.00100717, 5.74516e-06, -0.000869364, -0.00210467, -0.00180588, 0.00364827, 0.0287507, 0.017142, 0.00181659, 0.021037, 0.0267189, -0.112571, 0.0266927, 0.00272207, 0.0148664, 0.0169299, 0.0149587, 0.0158706, -0.00549124, 0.012825, 0.0114705, 0.00594892, 0.0253657, 0.00867345, 0.0230143, 0.0293127, 0.0272304, 0.0116556, 0.0213252, 0.0317417, -0.0129328, -0.00016059, -0.02073, -0.0413769, -0.0182029, 0.052628, 0.601247, 0.00625561, 0.0531567, 0.0340638, 0.0286659, 0.0243061, 0.0324066, 0.0634426, 0.0386641, 0.0506271, -0.00251756, 0.0162321, -0.0358268, 0.0062869, 0.00476095, 0.037437, 0.000545849, 0.0366715, -0.0813709, 0.0558079
# -0.00122531, 0.00109955, -0.0149482, -1.80263e-06, -0.000825847, -0.00107124, -0.000945993, -0.00263555, 0.00051867, 0.00369929, 0.00208733, 0.000999655, -0.0400703, 0.0731434, -0.017442, 0.0279837, -0.0178778, -0.00389836, -0.00257643, 0.00614254, -0.102026, 0.00832443, 0.00900242, 0.0221596, -0.0101545, 0.00469032, -0.0172129, -0.0089957, 0.034208, 0.0195642, 0.0312106, 0.023046, 0.0178372, 0.0028945, 0.0220021, 0.0437614, -0.0113395, 0.0210544, 0.0125082, 0.0486579, -0.00888862, 0.0135139, -0.0338548, 0.000174448, 0.00625561, 0.552201, 0.0418705, 0.154134, 0.0295339, 0.0642196, 0.0142395, 0.0453626, 0.0637014, -0.0383777, -0.0270835, -0.0298439, 0.00905442, 0.0430993, 0.02829, 0.00320986, 0.00865871, 0.0854947, -0.0365023, 0.0529538
# -0.000882412, 0.00253555, -0.0108935, -0.00150844, 0.0016935, 0.00113921, 0.00160478, 0.00027737, -0.000787412, 0.000480586, -0.00174862, 0.0131222, -0.033474, 0.112083, 0.000693559, -0.0174225, -0.0172828, -0.0111638, -0.0157093, -0.0431102, 0.0179181, -0.0968433, 0.0132047, 0.00356646, -0.0020763, -0.0021051, -0.0215391, 0.0155745, 0.0187047, -0.0409491, -0.00538898, -0.0110262, 0.00676798, 0.00527363, 0.00870163, 0.05531, -0.0238447, -0.0349971, -0.00300967, 0.0406431, -0.0300129, 0.0664071, 0.0583325, 0.00767307, 0.0531567, 0.0418705, 0.571385, 0.0976941, 0.0334292, 0.0694774, 0.0378123, 0.059154, 0.00168496, -0.00426555, -0.0219942, -0.00834783, 0.108242, -0.0264971, 0.0308764, 0.00938497, 0.0372149, -0.0246552, -0.053717, 0.0371577
# 0.000159985, 0.000532919, -0.0123794, 0.000218758, 0.00159295, -0.00140704, -0.000719036, -0.00119694, -0.00110802, 0.000212013, 0.00117167, 0.00769266, -0.0544424, 0.203316, -0.00907994, -0.0115489, -0.0136275, -0.00444281, -0.00690837, -0.0142132, -0.0128824, 0.0189377, -0.0650654, 0.0118634, 0.00255419, 0.0294667, -0.0066813, -0.00221633, 0.0304997, -0.0332716, 0.000175605, 0.0181571, 0.0410774, 0.0137517, 0.0195473, 0.0746892, -0.0429473, -0.0201782, 0.00346568, 0.0346758, -0.00819384, 0.0278873, 0.0654011, -0.0681515, 0.0340638, 0.154134, 0.0976941, 0.647681, 0.0616086, 0.0692304, -0.0243093, 0.083792, 0.0405034, -0.015209, -0.0194075, 0.0194432, 0.0792837, -0.0152514, 0.0739371, 0.0988152, 0.0445422, 0.0354079, -0.0392171, 0.027195
# -0.0010456, -0.00334551, -0.0128773, -4.69817e-05, -0.000125873, -0.000403343, 0.00226751, 2.4144e-05, -0.00164951, -0.000100269, -6.79775e-05, 0.00602752, -0.0239428, 0.00388159, 0.0165578, 0.0253783, 0.00377342, 0.0275748, -0.00367369, 0.00776851, 0.0307495, 0.0207133, -0.0133292, -0.106166, -0.000693711, 0.0197011, 0.00628344, -0.00686546, 0.0249314, -0.00965733, 0.0359856, 0.017109, 0.0330074, 0.0221984, 0.0100855, 0.0212936, 0.0236403, 0.0415797, 0.0176194, -0.0347916, -0.0258593, 0.0350443, 0.0121506, 0.0859381, 0.0286659, 0.0295339, 0.0334292, 0.0616086, 0.592698, 0.0987036, 0.0211005, 0.00510394, 0.00944863, 0.0144732, 0.0189734, 0.00058872, 0.0284633, 0.0204523, 0.0288526, 0.011384, 0.0203346, 0.0151615, -0.0287965, 0.0206798
