# stan_version_major = 2
# stan_version_minor = 37
# stan_version_patch = 0
# model = survival_model
# start_datetime = 2026-03-12 12:14:59 UTC
# method = sample (Default)
#   sample
#     num_samples = 2000
#     num_warmup = 1000 (Default)
#     save_warmup = false (Default)
#     thin = 1 (Default)
#     adapt
#       engaged = true (Default)
#       gamma = 0.05 (Default)
#       delta = 0.8 (Default)
#       kappa = 0.75 (Default)
#       t0 = 10 (Default)
#       init_buffer = 75 (Default)
#       term_buffer = 50 (Default)
#       window = 25 (Default)
#       save_metric = false (Default)
#     algorithm = hmc (Default)
#       hmc
#         engine = nuts (Default)
#           nuts
#             max_depth = 10 (Default)
#         metric = dense_e
#         metric_file =  (Default)
#         stepsize = 1 (Default)
#         stepsize_jitter = 0 (Default)
#     num_chains = 1 (Default)
# id = 1 (Default)
# data
#   file = /Users/dansprague/Documents/PhaseSkate/benchmarks/scaling/data/data_H10.json
# init = 2 (Default)
# random
#   seed = 42
# output
#   file = /Users/dansprague/Documents/PhaseSkate/benchmarks/scaling/stan_output/survival-20260312081459_1.csv
#   diagnostic_file =  (Default)
#   refresh = 100 (Default)
#   sig_figs = 8 (Default)
#   profile_file = profile.csv (Default)
#   save_cmdstan_config = false (Default)
# num_threads = 1 (Default)
# stanc_version = stanc3 v2.37.0
# stancflags = --filename-in-msg=survival.stan
lp__,accept_stat__,stepsize__,treedepth__,n_leapfrog__,divergent__,energy__,log_alpha,beta_0,beta.1,beta.2,beta.3,beta.4,beta.5,beta.6,beta.7,beta.8,log_sigma_int,log_sigma_slope,rho,z_int.1,z_int.2,z_int.3,z_int.4,z_int.5,z_int.6,z_int.7,z_int.8,z_int.9,z_int.10,z_slope.1,z_slope.2,z_slope.3,z_slope.4,z_slope.5,z_slope.6,z_slope.7,z_slope.8,z_slope.9,z_slope.10
# Adaptation terminated
# Step size = 0.222894
# Elements of inverse mass matrix:
# 0.00250688, -0.00031113, -0.00052101, 0.000125364, -2.57664e-05, 7.82564e-05, -0.000309814, 0.000211263, -0.000156222, 0.000226082, 0.000242543, 0.00159754, -0.00274022, 0.000944352, 0.00211454, -0.00231138, 0.00117899, -0.00120547, -0.00224457, 0.00141195, 0.00108377, 0.00155152, -3.81857e-06, -0.000245762, -0.00526661, 0.00623926, -0.000338469, 0.0040731, 0.0043152, -0.00374802, -0.0031084, 0.00117038, 0.00198548
# -0.00031113, 0.0318842, 0.000380866, -0.000600868, -4.16031e-05, 0.000215145, 0.00111353, -0.00156676, 0.000284508, -1.94259e-05, 0.00275169, -0.00329354, 0.0249416, -0.046436, -0.0509398, -0.0448098, -0.0499322, -0.0502153, -0.0534899, -0.0519187, -0.051309, -0.0500518, -0.0504302, 0.00370877, 0.00278337, -0.00250022, -0.00606352, -0.0114306, -0.018405, 0.0161038, 0.0177453, -0.00731076, -0.00117841
# -0.00052101, 0.000380866, 0.00241799, -0.000296007, 0.000202262, -0.000474799, 4.03666e-05, 0.000287015, -7.96859e-05, -0.000353335, -0.000773807, -0.000203882, -0.00165745, -0.00127785, 0.000967475, -0.00100342, -0.0014284, 0.000247768, 0.000657446, 0.00109792, -0.000660612, 0.00256364, -0.000433161, -0.000545191, 0.00430041, 0.000558141, -0.00108554, 0.00402146, 3.82727e-05, -0.000345565, 0.00165357, -0.00394334, 5.92345e-05
# 0.000125364, -0.000600868, -0.000296007, 0.00234087, -0.000322897, -3.95273e-05, 0.0002065, 0.000359636, 0.000165072, 0.000397154, 0.000697171, 0.000284994, 6.14115e-05, 0.000456737, -0.000553362, 0.00111574, -0.00123078, 0.000350761, 0.000517922, -0.000969395, 0.00328556, -0.00188031, -0.00037614, -0.00121864, -6.31312e-06, -0.000450451, -0.00092661, -0.0030796, -0.00241904, -0.00196683, -0.00396471, 0.00154961, -0.000713186
# -2.57664e-05, -4.16031e-05, 0.000202262, -0.000322897, 0.00161341, -7.40849e-05, -3.11212e-05, -2.95831e-05, -0.000129761, 8.93411e-05, -0.00125044, 9.18489e-05, 0.00105711, -0.00010588, -0.001615, -0.000797459, 0.00081478, 0.000461478, 0.00118766, -4.91325e-05, -0.00105298, -0.000156017, -0.000108284, 7.562e-05, 0.00442722, 0.00340029, 0.000519142, 0.00166205, 0.0030832, 0.00303446, -0.000479529, -0.000313263, 0.000242233
# 7.82564e-05, 0.000215145, -0.000474799, -3.95273e-05, -7.40849e-05, 0.00205959, -0.000306708, -0.00018578, 5.98788e-05, 1.68502e-05, -8.42317e-05, -0.000654274, 0.000845888, -0.00119799, 2.34323e-06, -0.0011049, 0.000325075, -0.00101013, -0.00148776, -0.000490146, -0.000307315, 0.000569575, -0.00303066, -0.000543079, -0.00280948, -0.00287882, -0.000550869, -0.000929854, 0.00146293, -0.00258749, -0.000594578, 0.000553659, 0.00252622
# -0.000309814, 0.00111353, 4.03666e-05, 0.0002065, -3.11212e-05, -0.000306708, 0.00226056, -5.40203e-05, 0.000237582, -0.000151044, 0.00110167, -0.000927526, -0.00325324, -0.00303959, -0.00320012, -0.00209992, -0.0013144, -0.00152356, -0.00126728, -0.000978576, -0.00110871, -0.000245067, -0.00179447, 0.00313648, 0.0075899, -0.000776874, -0.00195785, -0.0049714, -0.00193064, 0.00376759, -0.00318337, -0.00281072, 3.16009e-05
# 0.000211263, -0.00156676, 0.000287015, 0.000359636, -2.95831e-05, -0.00018578, -5.40203e-05, 0.00245658, -0.000257183, 0.000190524, -0.00117541, -0.000391498, -0.0031019, 0.000518474, 0.00157182, 0.00144102, 0.000381605, 0.00109681, 0.00346331, -0.000200129, 0.00403828, 0.0018813, 0.000187864, 0.000784011, 0.00135158, 0.00236352, 0.0013888, 0.00306414, -3.6776e-05, 0.00304712, -0.000285327, 0.00528536, 0.0013379
# -0.000156222, 0.000284508, -7.96859e-05, 0.000165072, -0.000129761, 5.98788e-05, 0.000237582, -0.000257183, 0.00166727, -4.05153e-05, 0.0021012, 0.000837682, -0.000934786, 0.000515813, 0.00171341, -0.000410743, 0.000263705, -0.00113353, -0.00258689, 0.000545907, 0.00198499, 0.00140928, -0.000665406, -0.00100364, -0.00194093, -0.00129611, -0.000661299, -4.32127e-05, 0.00171481, 0.000607571, -0.000596849, -0.0025725, -0.000533854
# 0.000226082, -1.94259e-05, -0.000353335, 0.000397154, 8.93411e-05, 1.68502e-05, -0.000151044, 0.000190524, -4.05153e-05, 0.00250218, 0.000776639, 0.00121917, -0.00111719, 0.00115847, -0.000367592, -0.00321404, -3.66716e-05, -0.00298494, -0.00297038, -0.000795723, -0.00100336, 0.00118489, -0.00267931, 0.00182789, -0.0061443, 0.00519298, 0.000593304, -0.000781637, 0.000605834, -5.25195e-06, 0.00189294, 0.00234159, -0.00168016
# 0.000242543, 0.00275169, -0.000773807, 0.000697171, -0.00125044, -8.42317e-05, 0.00110167, -0.00117541, 0.0021012, 0.000776639, 0.0837885, -0.00385908, -0.0407945, 0.041458, -0.0338984, -0.0310118, 0.0255124, -0.0563651, -0.0852272, 0.0533401, 0.0851355, 0.011122, -0.0127744, 0.00533697, -0.00676774, 0.00927197, -0.0101654, 0.00351684, -0.00932121, 0.0183627, -0.0176085, -0.00065526, -0.00842735
# 0.00159754, -0.00329354, -0.000203882, 0.000284994, 9.18489e-05, -0.000654274, -0.000927526, -0.000391498, 0.000837682, 0.00121917, -0.00385908, 0.26337, -0.0467452, 0.0217798, 0.0303582, -0.0524323, 0.0092536, 0.023009, -0.00879367, 0.0359806, 0.0564268, 0.0215877, 0.0224927, 0.0249207, -0.0373898, 0.111138, 0.0358587, -0.010616, 0.0254071, -0.0436532, 0.00512706, -0.0346077, -0.0191146
# -0.00274022, 0.0249416, -0.00165745, 6.14115e-05, 0.00105711, 0.000845888, -0.00325324, -0.0031019, -0.000934786, -0.00111719, -0.0407945, -0.0467452, 0.894136, -0.0311618, -0.114066, 0.0850309, -0.0167776, -0.0754613, -0.00539774, -0.0800221, -0.0912018, -0.0735479, -0.0493451, 0.070423, -0.0288912, -0.187974, -0.0115011, 0.0214617, -0.231795, 0.0935448, 0.35401, -0.0109206, -0.0977843
# 0.000944352, -0.046436, -0.00127785, 0.000456737, -0.00010588, -0.00119799, -0.00303959, 0.000518474, 0.000515813, 0.00115847, 0.041458, 0.0217798, -0.0311618, 0.211431, 0.0626534, 0.0580946, 0.100558, 0.0406937, 0.0269819, 0.125266, 0.128646, 0.0854737, 0.0686455, -0.113607, -0.0145466, 0.0032207, 0.0255453, 0.0690216, 0.0247862, -0.00584369, -0.00549546, 0.0179775, -0.00503813
# 0.00211454, -0.0509398, 0.000967475, -0.000553362, -0.001615, 2.34323e-06, -0.00320012, 0.00157182, 0.00171341, -0.000367592, -0.0338984, 0.0303582, -0.114066, 0.0626534, 0.238669, 0.0709366, 0.0749585, 0.112943, 0.119944, 0.064885, 0.0635209, 0.0918408, 0.097311, -0.0182869, -0.15686, 0.017802, 0.00685078, 0.0269774, 0.05495, -0.0609529, -0.057591, -0.000669162, -0.00797315
# -0.00231138, -0.0448098, -0.00100342, 0.00111574, -0.000797459, -0.0011049, -0.00209992, 0.00144102, -0.000410743, -0.00321404, -0.0310118, -0.0524323, 0.0850309, 0.0580946, 0.0709366, 0.203173, 0.0643401, 0.0821655, 0.116053, 0.0486532, 0.0389973, 0.0494552, 0.0875323, -0.0150639, -0.0104673, -0.138429, 0.0147449, 0.0182344, -0.0420455, -0.0163555, 0.0234961, 0.0252529, -0.0212961
# 0.00117899, -0.0499322, -0.0014284, -0.00123078, 0.00081478, 0.000325075, -0.0013144, 0.000381605, 0.000263705, -3.66716e-05, 0.0255124, 0.0092536, -0.0167776, 0.100558, 0.0749585, 0.0643401, 0.181842, 0.071621, 0.0580169, 0.109942, 0.112627, 0.087907, 0.0826498, -0.013732, -0.01962, 0.0262939, -0.0813823, 0.00146873, 0.0210075, -0.0138586, -0.00692724, 0.0119852, -0.0135758
# -0.00120547, -0.0502153, 0.000247768, 0.000350761, 0.000461478, -0.00101013, -0.00152356, 0.00109681, -0.00113353, -0.00298494, -0.0563651, 0.023009, -0.0754613, 0.0406937, 0.112943, 0.0821655, 0.071621, 0.240007, 0.146225, 0.0579327, 0.0293531, 0.0726348, 0.0992906, -0.0120925, 0.0108443, 0.00262081, 0.00910541, -0.0866935, 0.0486927, -0.0540137, -0.0467691, -0.0101305, -0.00611939
# -0.00224457, -0.0534899, 0.000657446, 0.000517922, 0.00118766, -0.00148776, -0.00126728, 0.00346331, -0.00258689, -0.00297038, -0.0852272, -0.00879367, -0.00539774, 0.0269819, 0.119944, 0.116053, 0.0580169, 0.146225, 0.280344, 0.0359136, -0.00384999, 0.0658608, 0.0930614, -0.00761305, 0.0275304, -0.0240301, 0.00855105, -0.00570389, -0.0362166, -0.0361291, -0.0221054, 0.0218362, 0.0114242
# 0.00141195, -0.0519187, 0.00109792, -0.000969395, -4.91325e-05, -0.000490146, -0.000978576, -0.000200129, 0.000545907, -0.000795723, 0.0533401, 0.0359806, -0.0800221, 0.125266, 0.064885, 0.0486532, 0.109942, 0.0579327, 0.0359136, 0.227428, 0.158342, 0.113039, 0.0921657, -0.00286489, 0.00659097, 0.0548342, 0.00165661, 0.00610343, 0.0382411, -0.100436, -0.0244892, 0.0237837, -0.021962
# 0.00108377, -0.051309, -0.000660612, 0.00328556, -0.00105298, -0.000307315, -0.00110871, 0.00403828, 0.00198499, -0.00100336, 0.0851355, 0.0564268, -0.0912018, 0.128646, 0.0635209, 0.0389973, 0.112627, 0.0293531, -0.00384999, 0.158342, 0.293787, 0.109063, 0.0846461, 0.00597943, -0.0191264, 0.0358244, 0.00976198, 0.0205196, 0.0208031, -0.040252, -0.158652, 0.00507068, 0.0077376
# 0.00155152, -0.0500518, 0.00256364, -0.00188031, -0.000156017, 0.000569575, -0.000245067, 0.0018813, 0.00140928, 0.00118489, 0.011122, 0.0215877, -0.0735479, 0.0854737, 0.0918408, 0.0494552, 0.087907, 0.0726348, 0.0658608, 0.113039, 0.109063, 0.222944, 0.0804004, -6.94452e-05, -0.01904, 0.0436303, 0.00993074, 0.0561666, 0.0577914, -0.0460272, -0.0278122, -0.129761, -0.00755545
# -3.81857e-06, -0.0504302, -0.000433161, -0.00037614, -0.000108284, -0.00303066, -0.00179447, 0.000187864, -0.000665406, -0.00267931, -0.0127744, 0.0224927, -0.0493451, 0.0686455, 0.097311, 0.0875323, 0.0826498, 0.0992906, 0.0930614, 0.0921657, 0.0846461, 0.0804004, 0.220962, 0.00847166, 0.0298717, -0.0109014, 0.017761, 0.00429564, 0.0310219, -0.0354246, -0.0298676, 0.00832894, -0.148882
# -0.000245762, 0.00370877, -0.000545191, -0.00121864, 7.562e-05, -0.000543079, 0.00313648, 0.000784011, -0.00100364, 0.00182789, 0.00533697, 0.0249207, 0.070423, -0.113607, -0.0182869, -0.0150639, -0.013732, -0.0120925, -0.00761305, -0.00286489, 0.00597943, -6.94452e-05, 0.00847166, 0.598135, -0.00995078, 0.0206093, -0.0160608, -0.102593, -0.0850619, 0.0563297, 0.0459093, 0.00977411, -0.0158391
# -0.00526661, 0.00278337, 0.00430041, -6.31312e-06, 0.00442722, -0.00280948, 0.0075899, 0.00135158, -0.00194093, -0.0061443, -0.00676774, -0.0373898, -0.0288912, -0.0145466, -0.15686, -0.0104673, -0.01962, 0.0108443, 0.0275304, 0.00659097, -0.0191264, -0.01904, 0.0298717, -0.00995078, 0.716193, 0.000738886, -0.0245574, -0.0540566, -0.014021, 0.0543099, -0.00426863, 0.00158963, 0.0031063
# 0.00623926, -0.00250022, 0.000558141, -0.000450451, 0.00340029, -0.00287882, -0.000776874, 0.00236352, -0.00129611, 0.00519298, 0.00927197, 0.111138, -0.187974, 0.0032207, 0.017802, -0.138429, 0.0262939, 0.00262081, -0.0240301, 0.0548342, 0.0358244, 0.0436303, -0.0109014, 0.0206093, 0.000738886, 0.679507, -0.0644273, 0.00873974, 0.0778955, -0.0464685, -0.0684051, -0.00581809, 0.0523634
# -0.000338469, -0.00606352, -0.00108554, -0.00092661, 0.000519142, -0.000550869, -0.00195785, 0.0013888, -0.000661299, 0.000593304, -0.0101654, 0.0358587, -0.0115011, 0.0255453, 0.00685078, 0.0147449, -0.0813823, 0.00910541, 0.00855105, 0.00165661, 0.00976198, 0.00993074, 0.017761, -0.0160608, -0.0245574, -0.0644273, 0.59704, 0.0756931, 0.0775074, -0.00119395, -0.0126332, -0.0246654, 0.0463049
# 0.0040731, -0.0114306, 0.00402146, -0.0030796, 0.00166205, -0.000929854, -0.0049714, 0.00306414, -4.32127e-05, -0.000781637, 0.00351684, -0.010616, 0.0214617, 0.0690216, 0.0269774, 0.0182344, 0.00146873, -0.0866935, -0.00570389, 0.00610343, 0.0205196, 0.0561666, 0.00429564, -0.102593, -0.0540566, 0.00873974, 0.0756931, 0.721313, 0.0460921, 0.0165405, 0.00471295, -0.0281882, 0.0845082
# 0.0043152, -0.018405, 3.82727e-05, -0.00241904, 0.0030832, 0.00146293, -0.00193064, -3.6776e-05, 0.00171481, 0.000605834, -0.00932121, 0.0254071, -0.231795, 0.0247862, 0.05495, -0.0420455, 0.0210075, 0.0486927, -0.0362166, 0.0382411, 0.0208031, 0.0577914, 0.0310219, -0.0850619, -0.014021, 0.0778955, 0.0775074, 0.0460921, 0.651349, -0.111456, -0.158367, -0.0225837, -0.0102297
# -0.00374802, 0.0161038, -0.000345565, -0.00196683, 0.00303446, -0.00258749, 0.00376759, 0.00304712, 0.000607571, -5.25195e-06, 0.0183627, -0.0436532, 0.0935448, -0.00584369, -0.0609529, -0.0163555, -0.0138586, -0.0540137, -0.0361291, -0.100436, -0.040252, -0.0460272, -0.0354246, 0.0563297, 0.0543099, -0.0464685, -0.00119395, 0.0165405, -0.111456, 0.623889, 0.105594, 0.0380865, 0.0176662
# -0.0031084, 0.0177453, 0.00165357, -0.00396471, -0.000479529, -0.000594578, -0.00318337, -0.000285327, -0.000596849, 0.00189294, -0.0176085, 0.00512706, 0.35401, -0.00549546, -0.057591, 0.0234961, -0.00692724, -0.0467691, -0.0221054, -0.0244892, -0.158652, -0.0278122, -0.0298676, 0.0459093, -0.00426863, -0.0684051, -0.0126332, 0.00471295, -0.158367, 0.105594, 0.69327, 0.008789, -0.0650832
# 0.00117038, -0.00731076, -0.00394334, 0.00154961, -0.000313263, 0.000553659, -0.00281072, 0.00528536, -0.0025725, 0.00234159, -0.00065526, -0.0346077, -0.0109206, 0.0179775, -0.000669162, 0.0252529, 0.0119852, -0.0101305, 0.0218362, 0.0237837, 0.00507068, -0.129761, 0.00832894, 0.00977411, 0.00158963, -0.00581809, -0.0246654, -0.0281882, -0.0225837, 0.0380865, 0.008789, 0.555754, -0.0088185
# 0.00198548, -0.00117841, 5.92345e-05, -0.000713186, 0.000242233, 0.00252622, 3.16009e-05, 0.0013379, -0.000533854, -0.00168016, -0.00842735, -0.0191146, -0.0977843, -0.00503813, -0.00797315, -0.0212961, -0.0135758, -0.00611939, 0.0114242, -0.021962, 0.0077376, -0.00755545, -0.148882, -0.0158391, 0.0031063, 0.0523634, 0.0463049, 0.0845082, -0.0102297, 0.0176662, -0.0650832, -0.0088185, 0.61863
-787.72891,0.999494,0.22289425,4,15,0,803.5628,0.35690423,2.3349282,0.24710363,-0.39620832,0.28723794,-0.16317878,0.42455547,-0.089448093,0.37738877,-0.32924862,-0.63816235,-1.0348357,0.2221662,-0.3516084,0.56065846,0.87297782,-0.68355542,1.1125548,1.2191874,-0.60524056,-1.2176321,-0.28339484,0.3593991,-0.16065453,0.11568698,1.210883,-0.012114471,-0.55207727,1.0243659,-0.22747407,-0.12187491,-0.030858088,-0.49782181
-792.53664,0.95613173,0.22289425,4,15,0,801.31465,0.42442941,2.2713137,0.26371519,-0.39460309,0.27314447,-0.10357236,0.39437002,-0.047462657,0.35563483,-0.30036381,-1.0558911,-1.5967298,0.12955107,-0.79963329,1.5598988,0.58347304,-0.35226819,2.2606748,1.9915659,-1.4410094,-0.83078781,0.35117735,0.62297733,0.25254627,-1.4373857,1.8745349,-0.33696931,-1.547431,1.3181123,-0.34643637,-1.1234465,-0.088678167,0.19719688
-791.38763,0.96870364,0.22289425,4,15,0,806.15182,0.40504246,2.2681429,0.31241315,-0.3410861,0.2500406,-0.13484616,0.37590511,-0.07975459,0.38282197,-0.31429345,-1.0685186,-0.96655654,0.010901096,-1.126143,1.8287181,0.39116625,-0.74805663,1.9021881,2.206778,-1.3702641,-0.86199674,0.37864501,0.77978428,0.11776425,-0.5004393,1.9879075,0.883846,-0.075328918,1.2891749,0.64163944,-1.2097539,-0.24692747,0.21503999
-793.71241,0.88981545,0.22289425,4,15,0,806.13436,0.42285049,2.4320447,0.29797229,-0.42316956,0.2483574,-0.10869246,0.36716074,-0.16215498,0.44100628,-0.33509146,-1.2214319,-1.4751996,0.24575404,-0.92473725,1.16608,0.44955518,-0.74928293,1.9580922,2.1397698,-1.9465302,-1.5619222,-0.27818698,0.43311197,-0.195119,-0.099030876,1.1807845,-0.72666427,-0.35352156,0.41715027,-0.91265365,-0.84684047,-0.35484681,-0.78412148
-792.96535,0.97863841,0.22289425,4,15,0,807.1855,0.38241352,2.4846099,0.24843668,-0.37562839,0.20605621,-0.19704677,0.38064649,-0.045869562,0.35003854,-0.280785,-0.89910303,-1.6587178,0.24285867,-0.6421013,0.74306608,0.11633977,-0.80495745,1.4834451,1.6187808,-1.7346323,-1.747354,-1.0424186,0.24280486,-0.48270494,-1.0135146,1.7802323,0.21263384,-0.79873591,0.26668817,1.0903708,-1.7322287,0.40026587,0.1104315
-790.7436,0.9809737,0.22289425,4,15,0,807.86351,0.3930124,2.481864,0.28489731,-0.41291501,0.26632881,-0.10159059,0.37276501,-0.18988881,0.38117497,-0.30653411,-0.79054199,-1.9865701,0.37657599,-1.5236189,0.31887172,0.55930115,-0.13956623,0.78226181,1.5421334,-0.92114802,-1.8250097,-0.31662514,-0.18821966,0.5218887,-0.023170672,-0.13081279,-0.051631887,-0.50940207,0.21386585,-0.74956118,-0.59107215,-0.74779154,0.52288548
-795.08058,0.92459997,0.22289425,4,15,0,809.9399,0.42941474,2.4077646,0.33089006,-0.49468325,0.20163758,-0.1814478,0.35967514,-0.16380703,0.3638746,-0.29735469,-0.57420898,-1.4145666,-0.04773814,-1.1818106,1.4627904,0.55822094,-0.51332614,1.1721601,0.810219,-0.24383274,-0.90074974,0.10593777,0.61414146,0.50144318,-0.98908883,1.2969308,0.29348015,-0.44726672,0.9644159,-1.4566961,-2.310168,-0.17409085,-0.62939181
-788.68442,0.999613,0.22289425,4,15,0,803.3368,0.39504837,2.4783589,0.27278982,-0.40015189,0.30146173,-0.092839346,0.39148836,-0.080155908,0.37762916,-0.302053,-1.078662,-1.0817108,0.55231551,-1.2946731,0.33948942,0.16471348,-0.78819363,0.59155937,1.9051007,-1.2499648,-1.7675905,-0.89096593,0.12706684,0.14149786,-0.45614881,0.99379053,-0.062593823,-0.21183384,-1.0096414,-0.3191738,0.29980264,0.61764796,-0.037596289
-789.75627,0.95559223,0.22289425,4,15,0,802.54206,0.4012251,2.5448319,0.29110473,-0.40583088,0.31930895,-0.087653822,0.37177495,-0.08666799,0.38038814,-0.29838248,-1.1341236,-1.0800272,0.58758524,-1.3997137,0.29332483,0.15036847,-0.94253008,0.51954676,1.8736151,-1.32123,-1.9436673,-1.0171354,0.065127346,-0.12021677,-0.45108677,0.71929926,0.17614708,-0.18807651,-0.80440749,-0.27543443,0.3792628,0.70497488,-0.089587292
-792.34214,0.97901355,0.22289425,4,15,0,806.77605,0.48100226,2.4380363,0.27643565,-0.39239849,0.21549008,-0.16082527,0.36985197,-0.10871699,0.37922835,-0.21623647,-0.58416896,-0.99982517,0.49949632,-1.2304057,0.33276516,0.30507219,-0.65136768,1.0507004,0.83496474,-0.96536271,-1.3784219,-0.087009672,-0.37938544,1.1851062,0.94980227,2.1282261,0.99289402,-0.24674069,0.81220545,-0.30343589,-0.50034493,0.17719008,0.84542355
-793.65361,0.85714852,0.22289425,4,15,0,807.4983,0.44662005,2.3135648,0.26599604,-0.44437944,0.29749959,-0.18034415,0.35484336,-0.11011869,0.37249953,-0.3356757,-0.96063147,-1.9569363,0.78997412,-0.84071201,1.190294,0.65059644,-0.0033482076,0.92252526,1.7697348,-0.70475521,-1.338346,-0.44736132,0.31352606,0.14929364,0.21107376,0.67516551,-0.85887959,-0.081929507,0.37986094,-1.5235801,-0.51225017,-0.22406049,0.40337464
-796.75087,0.95008297,0.22289425,4,15,0,813.51491,0.44906696,2.3605065,0.22537452,-0.40386405,0.21441541,-0.0966657,0.40219805,-0.16274337,0.35643445,-0.28795922,-0.66475589,-1.7634726,-0.3540024,-0.6686971,0.61710809,0.52422136,0.086293125,1.5672097,1.8145699,-0.63542969,-1.3005007,0.19075625,0.58271208,-1.9285226,0.49066172,1.8217741,-1.3176193,-1.4843376,0.57215374,-2.5367502,-2.2736544,-1.0789916,0.4755855
-794.50524,0.99402893,0.22289425,4,15,0,811.77464,0.34551643,2.4954637,0.35072995,-0.39356673,0.27493034,-0.15899398,0.31414802,-0.097360305,0.42131547,-0.29713769,-0.80770342,-0.96790032,0.79994335,-0.80742135,1.0177088,-0.10412541,-0.70180269,1.1582888,1.2484066,-1.0587842,-1.5148724,-0.20052698,0.13218029,-0.11280784,-1.080462,1.693867,1.0242137,-0.31717968,-1.1276819,1.1828043,0.21928732,-1.1249505,-0.97025372
-789.97783,0.95087287,0.22289425,4,15,0,808.07695,0.42265262,2.5553386,0.26709403,-0.45161464,0.23332193,-0.059099504,0.36408306,-0.10066512,0.33644876,-0.26542273,-0.43576575,-1.4621189,-0.28658489,-0.89196517,0.10750633,-0.090073152,-0.63283887,0.43318939,1.0204002,-0.90105102,-1.1521655,-0.17082189,0.40658195,-0.38572834,-0.24290455,2.0447042,-0.061818699,-1.3458343,1.3254032,-1.8587436,-1.2414576,-0.19290992,-0.58325666
-785.09498,0.96938736,0.22289425,4,15,0,800.02338,0.42108219,2.5954335,0.27122353,-0.46936324,0.26795808,-0.095005266,0.38568426,-0.086964596,0.34129242,-0.28671194,-0.20150121,-1.5312823,0.012867298,-0.55276012,0.28362922,-0.057516775,-0.32217328,0.86140906,0.79437359,-0.81194919,-1.1942407,-0.26564175,-0.22585228,-0.69354611,-0.62160241,1.529719,0.022989931,-0.62013775,0.32119503,-0.61392693,-0.81141216,-0.35349468,0.31014221
-791.11734,0.8274154,0.22289425,4,15,0,802.93141,0.32391418,2.3191413,0.33017434,-0.35560813,0.22381267,-0.20382282,0.34501521,-0.078818392,0.41518059,-0.26631846,-1.0381649,-1.3403293,0.071710066,-0.74649757,0.95903447,0.16194728,-0.43745159,1.0886785,1.7019175,-0.46435514,-1.6521923,-0.11866697,0.73383942,-0.12209185,-0.21134802,1.2580995,-0.51208149,-0.75590059,0.77014485,-0.56308228,-0.93496114,-0.13846894,-0.35289519
-796.20872,0.96944861,0.22289425,4,15,0,809.53023,0.32581747,2.4270895,0.3542879,-0.47336331,0.23867639,-0.20173171,0.33237666,-0.0097499835,0.38883221,-0.26253029,-0.76231067,-0.86758268,0.42212013,-0.82706873,0.16817214,-0.050159863,-0.47117545,1.0311088,1.1507262,0.34604887,-1.4274359,-0.40432888,0.58745676,0.27712463,-0.22350291,1.636284,0.36813175,0.23880174,0.51682564,-1.4632762,-0.46985707,0.040785473,-0.82575184
-792.6249,0.98824793,0.22289425,4,31,0,807.40715,0.35825168,2.4804148,0.31008775,-0.42578962,0.27040016,-0.16247224,0.30683448,-0.029234175,0.36654358,-0.24043033,-1.061271,-1.0827152,0.12020485,-1.2495264,1.194649,-0.48500166,-0.41658383,1.3165973,0.93252251,-0.77420394,-1.6935474,-0.46951746,0.4872705,-0.085024104,-0.51858733,0.78515927,-0.68194556,-1.1272943,0.64672933,-1.3059297,-0.56669975,-0.11668196,0.49961792
-787.92663,0.99933317,0.22289425,4,15,0,802.58421,0.3750551,2.4201054,0.25442221,-0.41362285,0.19822416,-0.13840343,0.43918068,-0.11913511,0.38892905,-0.29308983,-0.71918473,-1.0391113,-0.1923593,-1.1441814,0.66945105,0.25684686,-0.59542412,1.5429151,1.8354113,-1.3336024,-1.4424393,-0.24130246,0.30117751,0.39247121,-0.17326743,1.4410531,0.44402612,-0.04973991,0.53953326,-0.11957767,-1.4942541,0.57790958,-0.024149366
-791.57641,0.89002461,0.22289425,4,15,0,802.13837,0.4376851,2.453248,0.18310444,-0.38379941,0.19448435,-0.11576684,0.40403081,-0.12818325,0.39468066,-0.28930379,-0.5637814,-1.3465618,0.068279476,-1.0636844,0.69978061,-0.23278446,-0.27748708,1.4678895,1.4977846,-1.0909103,-1.1701329,-0.45251748,0.31981629,0.48382155,-1.5825113,2.2163693,-0.43695047,-2.1146928,0.17025733,-1.044219,-0.40327881,0.54153717,-0.85301263
-798.76207,0.89189579,0.22289425,4,15,0,813.97348,0.36975394,2.4928984,0.37768813,-0.43889583,0.28500584,-0.1427622,0.3038542,-0.056794542,0.33363982,-0.33063429,-1.1225617,-1.6848995,0.24311169,-1.2706381,0.38131216,0.23636007,-1.5773262,0.56068664,1.1884322,-0.85025346,-2.4605006,-0.45734572,0.041673861,-1.0019619,0.99958641,0.36691776,0.29243273,0.53254567,0.15485057,-0.72793929,-1.4748347,-0.65674796,0.099011651
-792.00274,0.98461104,0.22289425,4,15,0,809.27274,0.38925441,2.1463255,0.21248998,-0.3855634,0.2516584,-0.090674194,0.38294658,-0.12041602,0.41159945,-0.26251198,-1.0011395,-1.5757515,0.32836842,-0.79928732,1.3783544,1.181607,0.53309702,2.174528,2.2203027,-0.82670978,-1.041443,-0.013571237,0.71810108,0.25899516,-0.77589901,0.89115017,-0.66390633,-0.92187383,1.3544652,-1.3339101,-0.56968403,0.75427581,0.33838085
-792.68087,0.98593266,0.22289425,4,15,0,805.32114,0.38553576,2.4281979,0.34753878,-0.45676094,0.28875411,-0.17776791,0.3779094,-0.069690816,0.28455313,-0.312934,-0.69617871,-0.98611329,-0.42367562,-0.21036087,0.9313156,-0.25002695,-0.5714956,1.7141274,1.5988297,-1.0195354,-1.2371325,-0.5093077,0.59763273,-0.85271227,0.51728292,1.8028419,-0.26367647,-0.25075698,0.58855033,0.22086695,-1.7907908,-0.20893682,-0.41725724
-799.34644,0.96653685,0.22289425,4,15,0,810.22935,0.38174404,2.5314469,0.238792,-0.34520198,0.18614123,-0.13072224,0.34727267,-0.12109929,0.48684112,-0.2832598,-1.2672772,-0.85285116,0.45833765,-0.85684111,0.43273761,-0.46992644,-1.1074125,0.59905161,1.0067872,-1.2088597,-2.8499952,-0.4778372,-0.84120781,-0.66446872,-0.27451378,1.3953226,0.27557784,-0.89664938,0.51786888,-1.6652155,0.95246053,-0.18590175,0.5755852
-807.83597,0.87221784,0.22289425,5,31,0,830.9013,0.34421846,2.4544878,0.17462243,-0.4260302,0.23671868,-0.10491057,0.30657664,-0.10831805,0.30760143,-0.14699508,-1.29066,-0.68540722,0.13089798,-1.0667618,1.7553591,0.70890201,-0.58130625,2.0564737,3.1401821,-1.9867395,-1.6130683,-0.28995779,1.1094084,-0.38830336,-0.76049495,0.19973952,-0.86813263,-0.93373754,1.3596185,-0.74321534,-1.1192044,-0.44319558,-0.84952766
-799.36935,0.98503824,0.22289425,5,31,0,822.67095,0.40338533,2.5419856,0.25947655,-0.37292786,0.25616412,-0.083558244,0.30918179,-0.18152252,0.40949737,-0.33953999,-1.3340206,-0.89666198,0.079480363,-1.0232772,0.056511545,-0.71580476,-0.78257869,1.1296034,0.59703656,-0.68665735,-2.574971,-0.83878166,-0.65194949,-0.36448303,-0.33126018,1.8969411,0.45747117,-0.72694136,1.1620739,-1.3645456,-0.75844256,0.054644051,0.44144228
-794.57913,0.86583596,0.22289425,4,31,0,810.88104,0.36611715,2.2975903,0.29300259,-0.45901153,0.16083622,-0.21613676,0.37009246,-0.039111739,0.3353382,-0.17740252,-0.60089501,-0.67429356,-0.26089508,-0.54083516,1.0919831,-0.42970289,0.15433625,1.1663141,1.8144989,-1.0356944,-0.42857711,0.41935996,0.90864565,0.0050696713,-0.54831956,2.0620089,-0.69879156,-0.025721486,0.62617757,-0.51516762,-1.7240795,-0.19624731,0.1826767
-796.30861,0.94421845,0.22289425,4,31,0,813.03795,0.40295129,2.3048677,0.30009634,-0.43841649,0.22350487,-0.26292904,0.38972938,-0.086384895,0.36724036,-0.20027434,-1.1243605,-1.3910313,0.056972666,-0.61363553,0.76840845,0.20849677,-0.2090326,1.8371407,2.2878408,-1.4208358,-1.186325,0.76505342,1.3481137,-0.56366998,0.47357828,2.4353416,-0.26003482,0.17235277,0.24607012,-0.97289662,-1.3639318,-1.1499856,-0.7583911
-799.76566,0.78229577,0.22289425,4,15,0,817.32203,0.35961901,2.2125325,0.26521477,-0.34747974,0.21146846,-0.077495127,0.40497488,-0.16382793,0.37540008,-0.32418918,-1.1669368,-1.4854408,-0.038072643,-1.0325795,1.5677776,0.30567848,0.11971604,1.7380401,2.0541719,-0.90268453,-2.0518662,0.91064028,1.3836815,1.0408093,-0.15190471,2.4912142,-1.3946526,0.23097276,1.7519109,-1.4260775,-0.28814527,-0.081083535,-0.89186572
-799.88136,0.99785575,0.22289425,4,31,0,815.24155,0.36923946,2.2110654,0.27379649,-0.35830667,0.22290562,-0.074103056,0.42031428,-0.15506272,0.37232465,-0.32232433,-1.2035419,-1.4789213,0.1064472,-1.1090909,1.6004136,0.43965561,0.11089224,1.7632608,2.0980395,-0.83831239,-2.1390764,0.85000944,1.5214022,1.0905205,0.086267507,2.3911116,-1.4616421,0.15379192,1.5695249,-1.5236887,0.081792546,0.083104696,-0.86847598
-797.08831,0.96459971,0.22289425,5,31,0,816.14113,0.37925776,2.526716,0.323444,-0.41540842,0.24051301,-0.11145388,0.38932779,-0.15480433,0.39662152,-0.29974127,-0.76287361,-1.1248027,-0.063119653,-0.019847879,0.19556618,-0.44814191,-0.50660032,1.0812454,0.51492307,-0.98729336,-0.7765771,-0.16750649,-0.4532304,-2.0135197,0.63316914,1.8011028,-1.3976525,-0.64240473,1.8465209,-1.2825687,-2.3031786,-1.0110754,-0.0056551201
-799.33193,0.91106673,0.22289425,4,15,0,813.75329,0.38804559,2.3461186,0.26099867,-0.39892091,0.26447096,-0.17973982,0.33789498,-0.027660234,0.34915254,-0.27868111,-0.67321889,-1.4505577,0.64905496,-0.19307208,1.0283379,0.81930499,-0.58641476,0.81675262,1.7344247,-0.96807273,-1.8058069,-0.2901141,0.486327,1.6910923,-1.5978442,1.141504,0.61774238,-0.51710914,-0.8861157,0.15240963,0.34473485,1.209741,0.4138777
-792.05804,0.99550152,0.22289425,4,15,0,807.58729,0.40563215,2.3209849,0.30025218,-0.41630147,0.30199984,-0.15762312,0.30647326,-0.041352205,0.31591029,-0.29419092,-0.89896253,-1.3793803,0.63703407,-0.807398,0.89404697,0.55809901,-0.42739367,1.0965106,1.9455462,-0.67405609,-1.6474155,0.18608387,0.38488333,2.1422737,-0.76031863,1.3738908,0.02449163,-0.14114544,-0.41823736,-0.51927543,0.24122418,0.36114732,0.10992011
-799.85942,0.93932383,0.22289425,4,15,0,808.99075,0.36960712,2.6123201,0.30521757,-0.39190595,0.23116976,-0.089861893,0.38136753,-0.1835335,0.37064897,-0.3079059,-1.0921527,-2.0930155,0.73546007,-0.92697774,0.55264113,0.40478504,-1.1347623,0.60313836,0.79296147,-1.9457715,-2.0212695,-0.98683346,-0.10537627,-0.94151549,-0.27977185,-0.0078257488,-0.49135068,-0.29470236,1.7206195,-0.51682185,-3.004305,-0.76987083,0.11706181
-798.13748,0.99670762,0.22289425,4,15,0,810.33311,0.42639578,2.5824589,0.31649438,-0.39376956,0.22026459,-0.11241912,0.34982741,-0.13496366,0.37503519,-0.28774894,-0.85017366,-1.6142996,0.71203229,-0.91306965,0.51580553,0.055583077,-1.2455939,0.32191685,0.64922675,-1.7650564,-2.0572338,-0.55497264,-0.040111022,-0.15113664,-0.64472965,0.69573492,-1.6649052,0.68418485,1.3485657,0.49479552,-1.6838952,-1.2113579,0.10865214
-795.40352,1,0.22289425,4,31,0,811.29273,0.41289449,2.2169277,0.25717634,-0.41736708,0.25276168,-0.16340927,0.42779938,-0.071169126,0.38617904,-0.35267688,-0.73927025,-1.9990934,0.54420039,-0.7228119,0.83300298,0.7276845,0.091870995,1.8360948,1.6960011,-0.6936206,-1.5825987,0.26204262,0.3579772,0.57657197,0.76513328,2.0291168,0.38754098,0.045407185,-1.0888152,-0.51209427,-0.37645181,-0.54919805,1.8466391
-793.34344,0.9955635,0.22289425,4,31,0,809.10203,0.41427488,2.553195,0.27708475,-0.38046629,0.2616491,-0.081021411,0.29667584,-0.1002045,0.36777053,-0.24073774,-0.75152556,-0.99348543,0.72860565,-0.78324712,0.31550608,-0.17342985,-1.0987133,0.53324156,1.0157183,-1.3491587,-1.1565668,-0.73766442,0.22036101,-0.80014337,-0.31962381,1.7116951,1.0969979,-2.1415404,-0.16236878,0.27942181,-0.9949749,1.0171342,-2.0451723
-790.98203,0.96996455,0.22289425,4,15,0,805.62141,0.44082193,2.2235725,0.26479332,-0.41602801,0.24762268,-0.16063151,0.41287358,-0.13278242,0.40511038,-0.33767721,-0.92713423,-1.5889,0.090965072,-0.46590614,1.0547457,0.69797911,0.03137129,1.7307873,2.5685042,-0.79287744,-1.7579514,0.47300427,1.1582079,-0.25167456,-0.30982871,2.1216139,0.61254559,-0.76656293,-0.65310876,-0.5834093,-0.96208478,-0.74303275,-0.77291752
-793.82848,0.95096174,0.22289425,4,15,0,806.87572,0.39917041,2.2122524,0.2720445,-0.3395893,0.24213845,-0.1099661,0.40348256,-0.14184316,0.37943414,-0.28645547,-0.9583795,-1.6206712,-0.073542282,-0.37502791,1.2530817,0.92975102,-0.05329522,1.9738057,2.7738784,-0.88404902,-1.9678231,0.3184541,0.88408757,0.19292138,-0.16664973,1.7876915,0.54482902,-1.0864657,-0.63734576,0.1172306,-0.95742803,-0.72576605,-0.77504571
-795.69346,0.85688773,0.22289425,4,15,0,810.18867,0.40624439,2.2051812,0.27616146,-0.355919,0.24728956,-0.15567972,0.36985709,-0.12451599,0.388537,-0.27057758,-1.1263085,-1.5347723,-0.13755224,-0.31329274,1.4884147,1.140754,0.17411762,2.075217,2.7748766,-1.0758111,-2.0794907,0.36347281,0.91154554,-0.40191978,-0.7117258,1.9877118,0.024000727,-1.0012729,-0.75887493,-0.130657,-1.0181023,-1.1260966,-0.68534943
-792.62335,0.96702896,0.22289425,4,15,0,805.80402,0.46332515,2.4550658,0.34559259,-0.42600643,0.29186338,-0.12152527,0.355047,-0.10818821,0.38108914,-0.28766838,-1.0436577,-1.3598871,0.39276707,-0.78006953,0.99039478,0.17653741,-0.58566788,0.78977221,1.471223,-1.2218973,-1.8226702,-0.50046476,-0.70994699,-0.69117626,-0.11523223,2.4454592,-0.39588681,-0.2692387,0.74040507,-2.0283359,-1.130958,-0.25799117,1.7895821
-793.56335,0.85194538,0.22289425,4,15,0,810.23973,0.43887575,2.6142298,0.3232644,-0.36439864,0.25983234,-0.13784782,0.36742596,-0.085404327,0.40751133,-0.32118439,-1.1793867,-1.5751517,0.6746475,-1.2745654,0.78392978,0.29177815,-0.85854982,0.99851334,1.7327854,-1.7175379,-2.3016234,-1.0081133,-0.62908529,-0.068839938,-0.31959175,1.9770408,0.10136401,-0.64120382,1.1860873,-1.0351476,-1.0331893,0.37093111,0.64661223
-783.75233,0.99040467,0.22289425,4,15,0,803.03407,0.39394807,2.5705231,0.24394201,-0.44955712,0.24659117,-0.15669597,0.38404346,-0.16612162,0.32663167,-0.26802209,-0.53359851,-0.44788413,0.16925878,-1.0625988,0.056480859,-0.25825337,-0.81989321,0.67455326,0.70760784,-0.78170533,-1.5078583,-0.37660006,0.61723235,-0.12754681,-0.097184182,0.73677945,0.26579599,-0.3794414,0.41691068,-0.74981442,-0.62903783,0.1296761,-1.0497762
-786.26062,0.80450014,0.22289425,4,15,0,797.98779,0.38816576,2.7145152,0.23950857,-0.46563342,0.26019043,-0.13111127,0.40633247,-0.15847343,0.30899994,-0.25863567,-0.59968988,-0.74832099,0.35336643,-1.2298352,-0.12124496,-0.47253785,-0.88714533,0.21277509,0.68563044,-1.0354728,-1.9746202,-0.57195867,0.17051016,-0.44963877,0.15643365,1.1097008,-0.1408013,0.11857574,0.27662302,-0.35866486,-0.084346027,0.10647384,-1.0186998
-789.39472,0.90185402,0.22289425,4,15,0,802.09816,0.40078539,2.1033953,0.31429411,-0.37114879,0.18437865,-0.16460465,0.30481571,-0.027371298,0.42004295,-0.30463225,-0.66148467,-0.90484581,-0.21978358,-0.32195727,1.3131773,0.42642735,0.091024096,1.9573289,1.5646983,-0.44572585,-0.43897171,0.31086775,0.080653833,0.2582812,-0.29464817,2.404911,-0.077630892,-0.92219066,1.4263885,-1.221254,-1.4151076,0.16006018,0.361898
-801.61731,0.66245252,0.22289425,4,15,0,813.58358,0.36452255,2.3831721,0.26740867,-0.3912325,0.30665812,-0.14506682,0.49595093,-0.20210672,0.31137344,-0.25252944,-1.0184385,-1.4528575,0.79125097,-0.79323173,0.98181129,0.61454347,-0.69621685,0.94160774,2.1646758,-1.222343,-2.1688789,-0.40789999,0.9778016,-1.0389215,-1.2062303,0.76256116,-0.82371168,-1.0298848,0.18616884,0.24003788,0.34494407,-0.28297655,-0.37998958
-804.99992,0.99330137,0.22289425,4,15,0,819.90817,0.42421764,2.5197385,0.29912318,-0.3659543,0.1977457,-0.14878321,0.19482462,-0.062207562,0.41771516,-0.31079762,-0.71701848,-1.338971,-0.45356392,-1.2450859,0.29139399,-0.45544268,-0.34695225,0.70633181,0.57509221,-1.3819633,-1.1640948,-0.33043311,-0.58529226,0.83456215,0.60806804,2.4980174,-0.24347073,0.7967332,2.0469833,-0.95959679,-1.0423898,0.0034539127,-0.091747769
-797.28974,0.99617646,0.22289425,4,15,0,819.66501,0.32867268,2.2150245,0.30893509,-0.45241113,0.208506,-0.23758621,0.44188224,-0.14002025,0.38017608,-0.30100846,-0.60102366,-0.76842749,0.68260855,-0.47910507,0.86531081,0.89633278,-0.29115968,1.678951,1.811496,0.10687208,-0.97761797,0.0099129923,0.4778325,0.49036216,-0.92419404,0.17790954,0.165175,-1.4357315,-0.51041701,-1.1988551,-0.71152148,0.086275433,1.2191146
-788.94017,0.97743036,0.22289425,4,15,0,810.38592,0.40667018,2.5523172,0.30217269,-0.35251345,0.24382329,-0.091129466,0.25894776,-0.064635761,0.3282712,-0.20329828,-0.68141137,-1.0857108,0.23525429,-1.1557585,0.46234191,-0.49191107,-0.73689489,0.94129264,0.681726,-1.2620435,-1.2290581,-0.3030526,-0.32411745,0.7067344,-0.60227894,1.4602707,0.017616674,-1.6702131,0.4453,-0.87633632,-0.99850682,-0.018141708,-0.4698182
-794.86675,0.94857931,0.22289425,4,15,0,805.71953,0.3816454,2.7591051,0.34947173,-0.34407845,0.24539107,-0.097743735,0.27854753,-0.052187483,0.3366379,-0.26308366,-0.78810516,-0.94883708,0.4227439,-1.2919311,0.22886088,-0.40455852,-1.2257247,0.78606228,0.48751999,-1.5086746,-1.3256964,-0.80285357,-0.56227006,0.47052528,-0.56374537,1.1700602,1.2745127,-1.1941267,-0.15446573,-0.74569238,-1.7704534,0.25601969,-0.349052
-790.85465,0.99325604,0.22289425,4,15,0,809.94667,0.37101662,2.2185715,0.28270605,-0.42318972,0.33134639,-0.14759871,0.38738123,-0.051231361,0.37355792,-0.32521799,-0.24314238,-0.97772781,0.38922781,-0.39114287,0.84771224,0.32667328,0.17558335,0.82202778,1.0987024,-0.033349094,-0.96456907,0.13836674,0.45131619,-0.083885805,-0.40313132,1.9141858,-0.15266799,-1.1645067,1.1913335,-1.1650959,0.38000997,-0.40320358,0.99372634
-788.8989,0.95980093,0.22289425,4,15,0,803.95949,0.38777839,2.3358829,0.29929352,-0.41374458,0.31249622,-0.14913757,0.3956447,-0.037370066,0.33600876,-0.29907853,-0.77376714,-1.271235,0.46939006,-0.99883739,0.58432862,0.15439398,-0.4776007,1.243306,1.7681375,-0.52338665,-1.4587972,-0.40257381,0.23785851,0.25052766,0.84615867,1.6635877,0.065567826,-1.29099,1.2065726,-0.40065503,-0.10682125,0.23923028,0.27496921
-791.28302,0.96669008,0.22289425,4,15,0,804.42416,0.38136826,2.4141645,0.25489302,-0.39230642,0.28060806,-0.12086436,0.37785745,-0.083677068,0.38078129,-0.26887884,-0.7455931,-1.2531735,0.61878587,-1.3601845,0.85332737,0.295924,-0.57099049,0.99685143,1.8914432,-0.98845698,-1.464113,-0.64932707,0.30957823,0.95279407,0.13535776,1.6652226,-0.37354784,-1.3068512,-0.086959233,0.54554676,0.35568528,0.78090174,0.47935265
-799.7632,0.88047848,0.22289425,4,15,0,813.39349,0.46287488,2.673777,0.35683446,-0.42936496,0.2330433,-0.21428962,0.34928635,-0.030889469,0.39968071,-0.25508507,-1.0477695,-1.477626,0.19879567,-1.0920566,0.17646068,-0.21586556,-1.235967,0.4316441,0.16357246,-2.0158821,-2.4738643,-0.35914954,-0.9600077,-0.73016041,-1.0100937,0.68070311,0.60528291,0.41796713,2.2583751,-1.4550442,-0.70634337,-1.0359206,0.6195007
-803.39434,0.84001102,0.22289425,5,31,0,825.70479,0.43730679,2.7616958,0.35133664,-0.41853664,0.3068324,-0.16167326,0.31869424,-0.032226442,0.3893721,-0.26082313,-0.73761661,-1.9957803,0.55068222,-1.1086425,-0.079292924,-0.072260246,-1.0482266,-0.0091096499,0.88334308,-1.973306,-2.3896782,-0.80779159,0.18519799,-0.94265388,-1.70926,0.65580584,0.52778983,1.8824299,0.95169767,0.073232148,-0.29539053,-2.4852661,-1.2080765
-798.50035,0.95956771,0.22289425,4,15,0,822.51972,0.38280305,2.5606251,0.3722131,-0.3742918,0.26140039,-0.054490583,0.35037198,-0.098500413,0.46169752,-0.26388278,-0.82021859,-1.8277575,0.55843957,-0.99273614,0.63303261,0.64847217,-0.97590447,0.23357407,1.2883357,-1.3821031,-2.0166405,-0.33403394,-0.23073804,-0.74066957,-1.6689096,0.33298454,-0.11279321,0.77089805,1.4703002,0.31978387,-0.18709737,-1.834536,-0.54070855
-788.51395,0.98819531,0.22289425,4,15,0,808.60603,0.42361212,2.4436246,0.33165296,-0.44520732,0.25475981,-0.17633958,0.36973833,-0.14317097,0.36718782,-0.26525795,-1.0030984,-1.0465715,0.29841823,-0.89705298,0.45556202,0.50410514,-0.4841342,1.3249933,1.0290379,-1.5013318,-1.3083286,-0.43598986,-0.20544849,-0.054935791,-0.23866717,0.77975358,-0.31365393,-1.4833435,1.4865567,-0.35659228,-0.83710664,-0.49032138,0.52730903
-791.7502,0.91439995,0.22289425,4,15,0,801.27329,0.39911269,2.5525826,0.33858786,-0.33210828,0.22397895,-0.15310243,0.33478764,-0.039888699,0.39245046,-0.32591563,-0.72104377,-1.2885428,-0.19502891,-0.59897608,-0.048452514,-0.27514954,-0.90560959,0.79400689,0.70556655,-1.5998986,-1.401331,-0.5504508,-0.4645571,-0.30644252,0.63121405,2.2329587,-0.17615958,0.62656696,0.91707168,-0.51337098,-1.5718909,0.56139358,0.12723593
-798.7831,0.94070117,0.22289425,4,15,0,813.88326,0.39035403,2.3114494,0.2313035,-0.4532268,0.19394977,-0.23556931,0.31250348,-0.13861054,0.46299822,-0.2109324,-1.0186157,-1.0012165,0.60990617,-1.2594024,1.3145041,0.59132182,-0.22524763,1.300939,1.8191569,-0.7477186,-1.3199911,-0.35804669,0.57323956,1.5586891,-0.92109908,0.3918613,0.38895158,-0.25051211,1.4365467,0.061156859,0.084745158,0.4138373,-0.049904425
