# stan_version_major = 2
# stan_version_minor = 37
# stan_version_patch = 0
# model = survival_model
# start_datetime = 2026-03-12 17:42:14 UTC
# method = sample (Default)
#   sample
#     num_samples = 2000
#     num_warmup = 1000 (Default)
#     save_warmup = false (Default)
#     thin = 1 (Default)
#     adapt
#       engaged = true (Default)
#       gamma = 0.05 (Default)
#       delta = 0.8 (Default)
#       kappa = 0.75 (Default)
#       t0 = 10 (Default)
#       init_buffer = 75 (Default)
#       term_buffer = 50 (Default)
#       window = 25 (Default)
#       save_metric = false (Default)
#     algorithm = hmc (Default)
#       hmc
#         engine = nuts (Default)
#           nuts
#             max_depth = 10 (Default)
#         metric = dense_e
#         metric_file =  (Default)
#         stepsize = 1 (Default)
#         stepsize_jitter = 0 (Default)
#     num_chains = 1 (Default)
# id = 3
# data
#   file = /Users/dansprague/Documents/PhaseSkate/benchmarks/scaling/data/data_H25.json
# init = 2 (Default)
# random
#   seed = 42
# output
#   file = /Users/dansprague/Documents/PhaseSkate/benchmarks/scaling/stan_output/survival-20260312134214_3.csv
#   diagnostic_file =  (Default)
#   refresh = 100 (Default)
#   sig_figs = 8 (Default)
#   profile_file = profile.csv (Default)
#   save_cmdstan_config = false (Default)
# num_threads = 1 (Default)
# stanc_version = stanc3 v2.37.0
# stancflags = --filename-in-msg=survival.stan
lp__,accept_stat__,stepsize__,treedepth__,n_leapfrog__,divergent__,energy__,log_alpha,beta_0,trt_effect,beta.1,beta.2,beta.3,beta.4,beta.5,beta.6,beta.7,beta.8,log_sigma_int,log_sigma_slope,rho,z_int.1,z_int.2,z_int.3,z_int.4,z_int.5,z_int.6,z_int.7,z_int.8,z_int.9,z_int.10,z_int.11,z_int.12,z_int.13,z_int.14,z_int.15,z_int.16,z_int.17,z_int.18,z_int.19,z_int.20,z_int.21,z_int.22,z_int.23,z_int.24,z_int.25,z_slope.1,z_slope.2,z_slope.3,z_slope.4,z_slope.5,z_slope.6,z_slope.7,z_slope.8,z_slope.9,z_slope.10,z_slope.11,z_slope.12,z_slope.13,z_slope.14,z_slope.15,z_slope.16,z_slope.17,z_slope.18,z_slope.19,z_slope.20,z_slope.21,z_slope.22,z_slope.23,z_slope.24,z_slope.25
# Adaptation terminated
# Step size = 0.285333
# Elements of inverse mass matrix:
# 0.000958705, -0.000741955, 0.000411513, -0.000124437, 8.40326e-05, -0.000165004, -2.80758e-06, -3.09732e-05, 2.65341e-05, -0.000132974, 8.5448e-05, -5.90224e-05, 0.00101083, -0.00137024, 0.000525727, 0.000444694, 0.00141836, 0.0012951, 0.000249738, 0.000327822, 0.000796794, 0.000692232, 0.00102933, 0.000361695, 0.000397703, 0.000542208, 0.000751312, -0.000151044, 0.000105787, 0.000748525, 0.000267717, 0.000491734, -0.00155542, 0.000178644, 0.00112969, -0.000740469, 0.00118656, -0.00043498, 0.0003445, -0.00308703, 0.00102919, -0.00240546, -0.00326141, -0.000922344, 0.0017893, -0.000413593, -0.00235162, -0.00112761, -0.00181927, -0.000420899, 0.000166221, 0.00125099, -0.000106299, -0.000224199, 0.000250827, -0.000892586, -0.00085284, 0.00315148, -0.000434027, -0.0016086, 0.000599258, -0.000807042, -0.000848621, 0.000802208
# -0.000741955, 0.0179043, -0.00192728, 0.000114971, -0.000370514, 0.000721839, -0.000187417, 0.000347343, -1.61137e-05, 0.000667309, -0.000227952, 0.00177644, -0.000355587, -0.00298456, -0.0254434, -0.0255682, -0.0256901, -0.0242848, -0.0239011, -0.0227264, -0.028802, -0.0267292, -0.0264615, -0.0207068, -0.0268534, -0.0254586, -0.0231975, -0.0249017, -0.0233435, -0.0256268, -0.0262108, -0.0266783, -0.0222754, -0.0247625, -0.0263236, -0.0184874, -0.0260998, -0.0228914, -0.0225208, -0.00199383, 0.00228433, 0.00391576, -0.00495149, -0.00338204, -0.00312612, 0.00685981, 0.000883073, 0.00529698, -0.00498264, 4.33255e-05, -0.00220945, 0.000159395, -0.00244605, -0.00247377, -0.00238469, 0.00585376, 0.00986862, -0.00843628, -0.00413382, 0.00960685, -0.0139871, -0.00127113, -0.0103033, -0.0078601
# 0.000411513, -0.00192728, 0.00623181, -0.000248697, 1.73982e-05, -0.000348818, 7.42663e-05, 0.000120224, 1.63621e-05, -0.000134976, -9.69807e-05, -0.000936325, 0.00385399, 0.0056277, 0.00222549, 0.00133702, 0.00290894, 0.00141029, 0.000817093, -0.00171588, -0.00031202, 0.000551614, -0.00103848, 0.0011764, -0.00134402, -0.000787484, 0.00057341, -0.00228255, -0.00497256, -0.00114827, 0.00251919, -0.00132444, -0.000726663, -0.00329652, 0.00128643, -0.00250347, 0.0028263, -0.00890934, -0.00183806, -0.00893465, -0.0147595, -0.0160777, -0.0160151, -0.00899465, -0.00497545, -0.00595295, -0.0137632, -0.00629443, -0.00967443, -0.00551337, -0.00846375, -0.0105098, -0.0124224, -0.003888, -0.00928666, -0.0122061, -0.00596622, -0.00459606, -0.0076806, -0.0123145, -0.00690781, -0.0115884, -0.0023847, -0.00537983
# -0.000124437, 0.000114971, -0.000248697, 0.000912766, 4.92638e-05, 2.97796e-05, -4.41797e-05, -0.000180989, -0.000114225, -1.12991e-06, -5.87422e-05, 0.000394334, 0.0016416, 0.000222228, 0.000589802, -0.00113442, 0.000403867, -0.000566169, -0.00180988, -0.000152263, 0.00124527, 0.000300891, 0.000278599, 0.000690932, 0.00139302, 7.06245e-05, 0.000109795, 0.000805876, 3.07846e-05, -0.000414461, -2.46378e-05, 0.0013278, -0.00131035, 0.000819854, 5.36942e-05, -0.000312082, 0.000444198, -0.00155395, 0.00152972, 0.000271286, -0.00234061, 0.00194659, 0.00379165, 0.00313656, 0.000129488, 0.00147373, 0.00075618, 5.22146e-05, 0.00173824, -6.97804e-05, -8.99909e-05, -0.00115671, -0.00247615, -0.000195171, 0.000717584, 0.000233407, 0.000572165, 0.00305807, 0.00109628, 0.000963273, 0.00355856, -0.000564257, 0.0018708, 0.0011347
# 8.40326e-05, -0.000370514, 1.73982e-05, 4.92638e-05, 0.000939081, 8.70049e-06, -3.19905e-05, 3.71252e-05, -4.77394e-06, -0.000111798, 7.54088e-05, 0.000424659, -0.00135511, 0.00124412, 0.000348733, -0.000873077, 0.000394069, -0.000469989, 0.000458454, -0.000374168, 0.000703942, 0.00115704, 0.00141787, 0.000776838, -0.000128666, -0.000534116, -9.08494e-05, 0.000680963, 0.00162714, -0.000762384, -0.000192558, 0.00163977, -0.000435721, 0.000483125, 0.00118643, 0.002044, -0.000591486, -0.00111747, -0.000754233, 2.70331e-05, -0.000459185, 0.00109597, 0.000435799, -0.00218886, -0.00115234, -0.00240411, 0.001154, 0.000689462, -0.00128405, 0.00197494, 0.000201264, 0.00126592, 0.000271712, -0.00314436, -0.0018698, 0.000141935, -0.000730414, 0.00317065, -0.00062355, -0.00139576, -0.00167548, 0.0010744, -0.000509663, 8.62422e-05
# -0.000165004, 0.000721839, -0.000348818, 2.97796e-05, 8.70049e-06, 0.00100408, -1.14898e-05, -0.000111992, -7.16266e-06, 0.000145617, 3.10233e-06, 0.000372297, 0.00208896, -0.000912478, -0.000963563, -0.00151329, -0.00085397, -0.0001854, -0.000238816, -0.000887483, -1.16915e-05, -0.00168231, -0.000210353, 6.44181e-05, -0.000811722, 0.000614534, -0.00125989, 0.000250237, -0.000407505, -0.00107711, -0.000145612, -0.000212905, -0.000537433, 7.2445e-05, 7.19049e-05, -0.000906907, -0.00109067, -0.000496036, -0.00059754, -0.000979777, 0.0016774, -0.00043856, -0.001677, -0.00121489, -0.00159649, -0.000459989, 0.00388236, -0.00216697, -2.38725e-06, 2.59573e-05, -0.000703781, 0.000872241, -6.72146e-07, 6.70806e-05, 0.00258115, 0.000277509, -0.000386689, -0.00220849, 0.00298954, -0.000483622, 0.000358522, -0.000791241, 0.00196961, 0.000195144
# -2.80758e-06, -0.000187417, 7.42663e-05, -4.41797e-05, -3.19905e-05, -1.14898e-05, 0.000765945, -2.74942e-05, 1.67232e-05, -8.59516e-05, -3.12661e-06, -8.64477e-05, 0.000384235, -0.000615793, 0.000495404, 0.000374354, 0.00127037, 0.000335608, -0.000215723, 7.33106e-05, 0.000197725, -0.000224561, -0.000642414, -0.000277002, -0.000883342, 0.000795256, 4.40582e-05, -0.000116424, -0.00176167, 0.000451818, 0.00086724, 0.000494455, -0.000152744, -0.000543114, 3.182e-05, -0.00051635, 0.000478024, 0.000366288, -0.000147756, -0.00228873, 0.00194993, -0.00173623, -0.00242691, -0.000101183, -0.00114638, -0.000924907, 0.00136544, 0.0013869, 0.00105816, 0.000636765, 0.00256622, -0.000628276, -0.000507012, 0.00190961, 0.000708689, 0.000288967, -0.000210292, -0.00163241, 0.000100968, -0.000878912, -0.000319347, 0.000187512, 0.000627416, 0.000381526
# -3.09732e-05, 0.000347343, 0.000120224, -0.000180989, 3.71252e-05, -0.000111992, -2.74942e-05, 0.000845542, 0.000107422, -9.99829e-05, 5.04182e-06, -5.88698e-05, -0.00117325, 0.000579215, 0.000583579, 8.02658e-05, -0.000419968, -0.000599591, 0.000890452, -0.00142912, -0.0010786, -0.000239735, 0.000180448, -0.00168537, -0.00135721, -0.000629961, 5.52623e-05, -0.000983997, 0.00056776, -0.000170524, 0.000740674, -0.00138362, -0.000345617, -0.00138441, -0.000574234, 0.000655031, -0.000419926, -1.63748e-05, -5.04065e-05, 0.000539822, 0.000901011, 0.000217369, -0.00230488, -0.00162783, 0.00166326, 5.45061e-05, 6.10323e-05, 0.00344262, 0.000648348, -0.000863505, -0.0020406, 0.000282285, -0.000158525, -0.00222062, -0.00292741, -0.0014884, -0.000815812, -0.000746323, -0.000969712, -0.000462412, -0.00225202, 0.000390205, -0.000730844, 0.00165114
# 2.65341e-05, -1.61137e-05, 1.63621e-05, -0.000114225, -4.77394e-06, -7.16266e-06, 1.67232e-05, 0.000107422, 0.000731974, 1.13808e-05, 4.65691e-05, -0.000264876, -0.0011471, 0.000855855, -1.80466e-05, 3.60322e-06, -9.38433e-06, 0.000127792, 0.000178262, -0.000573629, -0.000473194, 0.000664763, 0.000304697, -0.000797973, -0.000773588, 0.00136641, 0.000451402, 0.000241538, 0.000691718, 1.30168e-05, 0.000778419, -0.000371118, 0.000242519, 1.32409e-05, -0.000746296, 0.00118456, -0.00059353, 0.00101132, -0.000774509, -0.0017583, 0.00213871, 0.000173188, -0.000805062, 0.000567888, 0.000350856, 0.00219608, -0.000751777, -0.000327553, -0.000514332, 0.00238147, -0.000799037, 4.14469e-05, -0.000101536, -0.00208686, 5.20531e-06, -1.19944e-05, -0.000705631, -0.00212572, -0.000643192, 0.00045851, -0.00156022, 0.00171995, -0.00237983, 0.0004229
# -0.000132974, 0.000667309, -0.000134976, -1.12991e-06, -0.000111798, 0.000145617, -8.59516e-05, -9.99829e-05, 1.13808e-05, 0.000917572, -3.43486e-05, 1.48274e-05, 0.000370276, -0.000729179, -0.00058619, -0.000595391, -0.001339, -0.000669548, -0.00123245, -5.00233e-05, -0.00127094, -0.00124174, -0.000878079, 0.000639857, -0.000899847, -0.0011256, -0.000362575, 0.000197722, 0.000203779, 0.000480788, -0.00137322, 0.000614098, 0.000609292, -0.000554549, -0.000358453, -1.81994e-05, -0.00157041, 2.78242e-05, -7.80312e-05, -0.00076858, -0.000487759, 0.000463521, -0.000240458, 0.00125562, -0.00219376, 0.00165915, 0.00140511, -7.31888e-05, -0.00140189, 0.00200219, 0.00219747, 0.00012259, -0.000839287, -0.001597, -0.00102299, 0.000782574, -0.000727695, -0.000148026, -0.000435197, -0.000998781, -0.00125401, 0.000250582, 0.000405469, -0.00254804
# 8.5448e-05, -0.000227952, -9.69807e-05, -5.87422e-05, 7.54088e-05, 3.10233e-06, -3.12661e-06, 5.04182e-06, 4.65691e-05, -3.43486e-05, 0.000873427, -8.72653e-05, -0.000610192, -0.000147964, 7.77301e-05, 0.00123594, 0.00042253, 0.000480071, 0.00122589, 0.000519955, 0.000677407, 0.000536982, 0.000841689, 0.000151644, 0.00011031, -0.000237399, 0.000511752, 0.000495865, 0.00142942, -0.000742824, -0.000848788, 0.000159562, -1.5976e-05, -0.000411057, 0.000334725, -0.000474128, 0.000359759, 0.000680357, -0.000126033, -0.000320188, 0.000675431, -0.0004799, -0.00281269, -0.000856078, -0.00108202, -0.00127451, -0.000262886, -0.00166442, -0.00010113, 0.00217779, 0.00138334, 0.000562127, 0.00149141, -0.00160348, -6.73632e-05, 0.00131809, -0.00121551, 0.000453029, 0.0020302, 0.00047009, 0.000662822, 0.00224138, 0.000461992, 0.000690203
# -5.90224e-05, 0.00177644, -0.000936325, 0.000394334, 0.000424659, 0.000372297, -8.64477e-05, -5.88698e-05, -0.000264876, 1.48274e-05, -8.72653e-05, 0.0261003, 0.00100891, -0.0260793, -0.00253575, -0.0187549, 0.00349731, -0.00260014, -0.0161583, -0.00948219, 0.0211073, 0.0263983, 0.0422457, 0.00395316, 0.00929014, -0.00424284, -0.00351533, 0.00515453, -0.00736358, -0.0288082, -0.00344142, 0.0170864, -0.00500255, 0.00650903, 0.0151487, 0.0190877, -0.0149179, -0.0328685, -0.00128942, 0.000413807, -0.00140641, 0.00104163, 0.00813157, 0.00030164, -0.00668267, -0.0117617, 0.00747313, -0.0138793, -0.0006095, 0.00174757, 0.00136846, 0.00449822, -0.000280492, -0.0059454, -0.00553826, 0.000267621, 0.00390391, 0.00707247, 0.00475924, -0.00588834, 0.0207551, -0.011199, -0.0143973, 0.00453807
# 0.00101083, -0.000355587, 0.00385399, 0.0016416, -0.00135511, 0.00208896, 0.000384235, -0.00117325, -0.0011471, 0.000370276, -0.000610192, 0.00100891, 0.224839, -0.0381438, 0.0119802, -0.0126024, 0.0238591, 0.0223225, -0.0335139, 0.00684087, 0.0199664, -0.0144365, 0.0152367, -0.00549341, 0.0260494, 0.00328724, 0.0129359, -0.0319795, -0.00962577, 0.000404408, 0.0330953, 0.0393677, -0.0865472, 0.00054986, 0.0114947, -0.110495, 0.0172534, -0.0766426, 0.0269663, -0.022211, -0.00184294, -0.0378926, -0.0361778, 0.0431126, 0.012152, -0.0339353, 0.0271446, -0.0410798, 0.00842614, -0.0618541, 0.00265339, 0.00596426, 0.0343168, -0.0202463, -0.0127154, -0.0259635, -0.038221, 0.100195, -0.0154903, -0.0404179, 0.0593488, -0.0286166, 0.106623, -0.000498416
# -0.00137024, -0.00298456, 0.0056277, 0.000222228, 0.00124412, -0.000912478, -0.000615793, 0.000579215, 0.000855855, -0.000729179, -0.000147964, -0.0260793, -0.0381438, 0.485064, -0.00466126, 0.0109752, -0.00138808, -0.00324919, 0.00521174, -0.00792409, -0.00934515, 0.00573265, -0.0146844, -0.000850743, -0.0132261, 0.00605296, 0.0080988, 0.0137228, -0.0056943, 0.00218958, -0.005747, -0.0248664, 0.0513424, 0.00287626, -0.00912974, 0.0895923, -0.015345, -0.0129822, -0.0225048, -0.00226863, -0.0769686, 0.0239867, 0.0350956, -0.0786665, -0.0571832, 0.0738239, 0.071623, 0.195765, -0.0248981, 0.056816, -0.0302474, -0.0729824, -0.0346447, -0.042476, -0.0718817, -0.0280337, 0.104024, -0.0998245, 0.0131447, 0.055427, -0.0226178, -0.0285136, -0.142879, -0.004975
# 0.000525727, -0.0254434, 0.00222549, 0.000589802, 0.000348733, -0.000963563, 0.000495404, 0.000583579, -1.80466e-05, -0.00058619, 7.77301e-05, -0.00253575, 0.0119802, -0.00466126, 0.128054, 0.0443209, 0.0416091, 0.0345596, 0.031831, 0.0308776, 0.042622, 0.0360027, 0.0468385, 0.0242936, 0.0462964, 0.0413426, 0.0363114, 0.0409607, 0.0380403, 0.0416437, 0.0544483, 0.0414315, 0.0277824, 0.0405281, 0.0396696, 0.0232364, 0.0510899, 0.0272441, 0.042108, -0.0845919, -0.00473519, -0.00469896, -0.00169865, 0.0164861, 0.015645, -0.0195928, 0.00524142, -0.00239954, 0.00814724, -0.0186068, -0.000324298, -0.000527628, -0.00379163, 0.0072354, 0.000553005, -0.0230118, -0.0118336, 0.0288181, -0.0162871, -0.0251558, 0.0386365, -0.00608612, 0.0407811, 0.0141376
# 0.000444694, -0.0255682, 0.00133702, -0.00113442, -0.000873077, -0.00151329, 0.000374354, 8.02658e-05, 3.60322e-06, -0.000595391, 0.00123594, -0.0187549, -0.0126024, 0.0109752, 0.0443209, 0.162485, 0.0390907, 0.0378964, 0.0540136, 0.0414655, 0.0301991, 0.0343321, 0.00623485, 0.0382914, 0.0345967, 0.0403719, 0.0302134, 0.0294261, 0.0478113, 0.0459123, 0.0505127, 0.0216226, 0.0445598, 0.0353961, 0.0221248, 0.0128665, 0.0539863, 0.0713147, 0.0300865, 0.0128395, -0.12218, -0.00843677, -0.00156114, 0.00097162, 0.0064825, -0.00696314, -0.0162333, 0.0144237, -0.000466046, 0.000675053, 0.0221132, 0.00876221, 0.0175019, -0.00689941, 0.0505196, -0.0222009, -0.0423227, 0.00096647, -0.00690297, 0.00394639, 0.0124388, -0.00503971, 0.020747, 0.012937
# 0.00141836, -0.0256901, 0.00290894, 0.000403867, 0.000394069, -0.00085397, 0.00127037, -0.000419968, -9.38433e-06, -0.001339, 0.00042253, 0.00349731, 0.0238591, -0.00138808, 0.0416091, 0.0390907, 0.120387, 0.0376992, 0.0309999, 0.0209587, 0.0509998, 0.04566, 0.0552521, 0.0256956, 0.0391899, 0.0404615, 0.0321383, 0.0305817, 0.0325549, 0.035546, 0.053508, 0.0476912, 0.0220453, 0.0377576, 0.0423313, 0.0178375, 0.0406571, 0.0139618, 0.0361185, -0.0142062, -0.00397243, -0.079957, 0.0046494, 0.00445007, 0.00149928, -0.0232704, 0.0029458, -0.0153692, 0.0265182, -0.00429281, 0.000566446, -0.00191513, -0.0016943, -0.00400007, -0.0230268, -0.0298563, -0.0249075, 0.0227179, 0.00578556, -0.0108256, 0.0392706, 0.000696177, 0.0227358, 0.00307666
# 0.0012951, -0.0242848, 0.00141029, -0.000566169, -0.000469989, -0.0001854, 0.000335608, -0.000599591, 0.000127792, -0.000669548, 0.000480071, -0.00260014, 0.0223225, -0.00324919, 0.0345596, 0.0378964, 0.0376992, 0.105245, 0.0279218, 0.0263358, 0.0331896, 0.0336255, 0.0413655, 0.0271412, 0.0361558, 0.0350731, 0.0347772, 0.0329335, 0.0412895, 0.0295181, 0.0310115, 0.0416814, 0.0277391, 0.0395488, 0.0340318, 0.0100777, 0.0376268, 0.0343502, 0.0314947, 0.0129502, 0.00575555, -0.00846899, -0.0882203, 0.0114318, 0.0105887, 0.0105548, 0.0118825, -0.0127978, 0.0104183, 0.00183916, 0.00735174, 0.00793795, 0.0166184, 0.00749428, 0.0128699, 0.00307718, -0.00558636, 0.0235067, -0.00532902, -0.0132467, 0.022392, 0.0187126, 0.029647, 0.00364106
# 0.000249738, -0.0239011, 0.000817093, -0.00180988, 0.000458454, -0.000238816, -0.000215723, 0.000890452, 0.000178262, -0.00123245, 0.00122589, -0.0161583, -0.0335139, 0.00521174, 0.031831, 0.0540136, 0.0309999, 0.0279218, 0.167732, 0.0310916, 0.0236857, 0.0255662, 0.00497908, 0.0289143, 0.0244633, 0.0343204, 0.0329983, 0.0399632, 0.0412152, 0.0493214, 0.0457032, 0.0171719, 0.0519568, 0.0226468, 0.0267886, 0.0333232, 0.0425452, 0.063134, 0.0240241, 0.0182802, 0.00969521, -0.0224773, 0.0219132, -0.162085, 0.0030987, -0.00254622, -0.00678951, -0.00382237, -0.00456026, -0.0164864, 0.00092174, 0.00591954, -0.00213676, 0.00789683, 0.0109115, -0.0271728, -0.0233671, -0.0150663, 0.0219076, -0.0166266, -0.0145502, 0.0257941, 0.0264389, 0.00937667
# 0.000327822, -0.0227264, -0.00171588, -0.000152263, -0.000374168, -0.000887483, 7.33106e-05, -0.00142912, -0.000573629, -5.00233e-05, 0.000519955, -0.00948219, 0.00684087, -0.00792409, 0.0308776, 0.0414655, 0.0209587, 0.0263358, 0.0310916, 0.141865, 0.0340697, 0.0283768, 0.018518, 0.0298099, 0.0385944, 0.0280903, 0.0317198, 0.0290729, 0.0270123, 0.0420763, 0.0224889, 0.0335344, 0.0209058, 0.0322294, 0.0306642, 0.00241309, 0.0354622, 0.0416548, 0.0349224, 0.0127894, 0.000510176, 0.0102243, 0.0227628, 0.00697667, -0.112936, -0.00771087, 0.00775993, 0.00436063, 0.0085132, 0.00687076, 0.0114937, 0.0101562, 0.0301593, 0.0258227, 0.0274542, 0.00672858, 0.00488707, 0.0171391, 0.0117054, -0.000153396, 0.0343075, 0.0241078, 0.0454164, 0.0122249
# 0.000796794, -0.028802, -0.00031202, 0.00124527, 0.000703942, -1.16915e-05, 0.000197725, -0.0010786, -0.000473194, -0.00127094, 0.000677407, 0.0211073, 0.0199664, -0.00934515, 0.042622, 0.0301991, 0.0509998, 0.0331896, 0.0236857, 0.0340697, 0.138624, 0.0667169, 0.0888735, 0.0417543, 0.062109, 0.0446545, 0.0378355, 0.0448561, 0.033217, 0.0140576, 0.0457349, 0.0704779, 0.0370598, 0.0516494, 0.0653643, 0.0459493, 0.0252882, 0.00467208, 0.0438088, 0.00897721, -0.00410635, -0.0162033, 0.0227151, 0.012508, 0.00211753, -0.108004, 0.0303872, -0.0123736, 0.00740711, -0.00665051, 0.0178084, 0.00816213, 0.0235155, -0.00326833, 0.00510489, 0.00253541, -0.0165745, 0.0372917, 0.0249756, -0.0128034, 0.0676263, 0.00176156, 0.00627346, 0.0103633
# 0.000692232, -0.0267292, 0.000551614, 0.000300891, 0.00115704, -0.00168231, -0.000224561, -0.000239735, 0.000664763, -0.00124174, 0.000536982, 0.0263983, -0.0144365, 0.00573265, 0.0360027, 0.0343321, 0.04566, 0.0336255, 0.0255662, 0.0283768, 0.0667169, 0.143327, 0.0959382, 0.0418578, 0.0579464, 0.0337409, 0.0307581, 0.0471182, 0.0342056, 0.000981576, 0.0363659, 0.0610368, 0.0390985, 0.0498919, 0.058562, 0.0687284, 0.0258682, 0.0102231, 0.0390656, 0.0022266, -0.00211253, -0.00103278, 0.0235153, -0.00383138, -0.0137721, -0.0125605, -0.0975554, -0.00775765, 0.0205292, 0.00524712, -0.0110708, 0.0248789, 0.00200833, -0.00880968, -0.0166922, -0.0137034, -0.00795607, 0.0103946, 0.0189978, -0.0151287, 0.0562872, 0.00479508, -0.0163945, 0.0223729
# 0.00102933, -0.0264615, -0.00103848, 0.000278599, 0.00141787, -0.000210353, -0.000642414, 0.000180448, 0.000304697, -0.000878079, 0.000841689, 0.0422457, 0.0152367, -0.0146844, 0.0468385, 0.00623485, 0.0552521, 0.0413655, 0.00497908, 0.018518, 0.0888735, 0.0959382, 0.180438, 0.0377361, 0.0685475, 0.0392261, 0.032391, 0.0552284, 0.0307721, -0.00368339, 0.0463505, 0.0738061, 0.0424815, 0.0570195, 0.0728518, 0.0691335, 0.0169784, -0.0107321, 0.03863, -0.00704015, 0.00198727, 0.0134418, 0.0228264, 0.0220302, 0.00222118, -0.0273134, 0.0416489, -0.100125, 0.00370502, 0.00209096, -0.0119107, 0.0245501, 0.00981079, -0.0203514, -0.00594907, -0.0177571, 0.000226852, 0.00481462, 0.0187327, -0.0193672, 0.0629448, -0.0022344, -0.0192631, 0.0356946
# 0.000361695, -0.0207068, 0.0011764, 0.000690932, 0.000776838, 6.44181e-05, -0.000277002, -0.00168537, -0.000797973, 0.000639857, 0.000151644, 0.00395316, -0.00549341, -0.000850743, 0.0242936, 0.0382914, 0.0256956, 0.0271412, 0.0289143, 0.0298099, 0.0417543, 0.0418578, 0.0377361, 0.123946, 0.038372, 0.0272442, 0.0200133, 0.0191978, 0.0316258, 0.0260661, 0.0301394, 0.0466245, 0.0364076, 0.0352729, 0.0354895, 0.0286938, 0.0284478, 0.0170971, 0.0275379, 0.0199635, -0.0381686, 0.00489741, 0.0203212, -0.0183975, -0.0123723, -0.00983482, 0.00950495, 0.00219488, -0.129227, 0.00234661, 0.00325968, 0.0304425, 0.0227372, -0.00154233, 0.00496151, -0.00581515, -0.0342566, -0.00358681, 0.0256724, 0.00719296, 0.0119383, -0.0150485, 0.0209919, 0.00219314
# 0.000397703, -0.0268534, -0.00134402, 0.00139302, -0.000128666, -0.000811722, -0.000883342, -0.00135721, -0.000773588, -0.000899847, 0.00011031, 0.00929014, 0.0260494, -0.0132261, 0.0462964, 0.0345967, 0.0391899, 0.0361558, 0.0244633, 0.0385944, 0.062109, 0.0579464, 0.0685475, 0.038372, 0.124556, 0.0421531, 0.0320511, 0.0407175, 0.0450049, 0.0248762, 0.0394571, 0.0492768, 0.0236924, 0.0490749, 0.0512778, 0.0227977, 0.0398799, 0.0259396, 0.0456715, 0.00847588, -0.0169405, 0.00919074, 0.0314847, 0.032361, -0.00498945, -0.014197, 0.0126207, -0.0151584, 0.0079049, -0.109212, 0.00525047, 0.0168642, 0.0239762, -0.0108177, 0.0129635, 0.0108682, -0.00277376, 0.0312961, 0.0242414, -0.00373586, 0.0611179, -0.00386898, 0.0143622, 0.0277035
# 0.000542208, -0.0254586, -0.000787484, 7.06245e-05, -0.000534116, 0.000614534, 0.000795256, -0.000629961, 0.00136641, -0.0011256, -0.000237399, -0.00424284, 0.00328724, 0.00605296, 0.0413426, 0.0403719, 0.0404615, 0.0350731, 0.0343204, 0.0280903, 0.0446545, 0.0337409, 0.0392261, 0.0272442, 0.0421531, 0.148744, 0.0299689, 0.0415286, 0.0351228, 0.0437195, 0.0541386, 0.0318132, 0.0420384, 0.0406206, 0.0366982, 0.0463964, 0.0402957, 0.0476579, 0.0381917, -0.018437, 0.0253566, 0.00795143, 0.0157983, -0.00798901, -0.00064004, -0.00238449, 0.0242868, 0.00554365, 0.0300702, -0.00426944, -0.138086, 0.00545393, -0.014941, -0.00167845, 0.0012077, 0.00143224, -0.0112145, -0.0123646, -0.00824528, 0.00959788, 0.0124497, 0.0173964, 0.0173468, 0.0239814
# 0.000751312, -0.0231975, 0.00057341, 0.000109795, -9.08494e-05, -0.00125989, 4.40582e-05, 5.52623e-05, 0.000451402, -0.000362575, 0.000511752, -0.00351533, 0.0129359, 0.0080988, 0.0363114, 0.0302134, 0.0321383, 0.0347772, 0.0329983, 0.0317198, 0.0378355, 0.0307581, 0.032391, 0.0200133, 0.0320511, 0.0299689, 0.119498, 0.0317978, 0.0344043, 0.0338866, 0.0287918, 0.0446401, 0.0221232, 0.0360322, 0.0301449, 0.0272286, 0.0425214, 0.0293801, 0.0358267, 0.0107524, 0.00500573, 0.0208013, 0.0160922, 0.0240484, -0.0142309, -0.00580498, 0.0156109, 0.000676736, 0.014546, 0.00672214, 0.00355385, -0.130841, 0.00294578, -0.0178727, -0.021392, 0.00276438, -0.0198143, 0.0211124, -0.00523652, -0.00704649, 0.0179162, 0.00750318, 0.0180899, -0.00441455
# -0.000151044, -0.0249017, -0.00228255, 0.000805876, 0.000680963, 0.000250237, -0.000116424, -0.000983997, 0.000241538, 0.000197722, 0.000495865, 0.00515453, -0.0319795, 0.0137228, 0.0409607, 0.0294261, 0.0305817, 0.0329335, 0.0399632, 0.0290729, 0.0448561, 0.0471182, 0.0552284, 0.0191978, 0.0407175, 0.0415286, 0.0317978, 0.132703, 0.0378205, 0.037912, 0.0307094, 0.0421602, 0.0452298, 0.0401692, 0.0435496, 0.0596134, 0.0280753, 0.0421283, 0.035409, 0.0114914, 0.00550928, 0.0289151, 0.0288224, 0.00502368, 0.00968821, 0.000742739, 0.0197811, -0.0192632, 0.0255545, 0.0223254, 0.000825448, 0.0168543, -0.12243, 0.0193762, 0.0173166, -0.0189046, 0.0183698, 0.0121393, 0.0183908, -0.00797337, 0.0159323, 0.0403339, 0.0018054, -0.0105502
# 0.000105787, -0.0233435, -0.00497256, 3.07846e-05, 0.00162714, -0.000407505, -0.00176167, 0.00056776, 0.000691718, 0.000203779, 0.00142942, -0.00736358, -0.00962577, -0.0056943, 0.0380403, 0.0478113, 0.0325549, 0.0412895, 0.0412152, 0.0270123, 0.033217, 0.0342056, 0.0307721, 0.0316258, 0.0450049, 0.0351228, 0.0344043, 0.0378205, 0.166891, 0.0366454, 0.0377703, 0.0406485, 0.0459507, 0.0393098, 0.038483, 0.0228823, 0.0386545, 0.0420622, 0.0393862, 0.0206072, 0.00611918, 0.0247996, 0.00726251, 0.0211937, 0.0279313, 0.0237245, 0.00917108, 0.0138509, 0.0194933, -0.0144254, 0.00989283, 0.0121012, 0.0256871, -0.173674, 0.0271379, -0.00467508, -0.0204518, -0.00226761, -0.00357801, -0.017344, 0.015609, 0.0138705, 0.0335442, 0.0153793
# 0.000748525, -0.0256268, -0.00114827, -0.000414461, -0.000762384, -0.00107711, 0.000451818, -0.000170524, 1.30168e-05, 0.000480788, -0.000742824, -0.0288082, 0.000404408, 0.00218958, 0.0416437, 0.0459123, 0.035546, 0.0295181, 0.0493214, 0.0420763, 0.0140576, 0.000981576, -0.00368339, 0.0260661, 0.0248762, 0.0437195, 0.0338866, 0.037912, 0.0366454, 0.15907, 0.0432288, 0.0214919, 0.0297005, 0.0316568, 0.0207449, 0.00852278, 0.0458273, 0.065922, 0.0380512, 0.0150786, 0.032571, 0.00355872, 0.0156222, 0.0128709, 0.0280296, -0.00187167, 0.00346444, -0.00319973, -0.00314465, 0.00373294, 0.000350491, 0.00874089, -0.00717362, 0.0351972, -0.0591936, -0.0106444, -0.0204269, 0.0155922, -0.000448584, -0.0129131, -0.00602437, 0.0362928, 0.0646682, 0.00682841
# 0.000267717, -0.0262108, 0.00251919, -2.46378e-05, -0.000192558, -0.000145612, 0.00086724, 0.000740674, 0.000778419, -0.00137322, -0.000848788, -0.00344142, 0.0330953, -0.005747, 0.0544483, 0.0505127, 0.053508, 0.0310115, 0.0457032, 0.0224889, 0.0457349, 0.0363659, 0.0463505, 0.0301394, 0.0394571, 0.0541386, 0.0287918, 0.0307094, 0.0377703, 0.0432288, 0.150365, 0.0354432, 0.0338483, 0.0382096, 0.0413853, 0.0143173, 0.0523002, 0.0228574, 0.0435449, 0.0101239, -0.0205648, -0.0274208, 0.000409891, 0.0137568, 0.0192017, -0.0264406, 0.0128139, -0.00492014, 0.00751807, -0.00372935, -0.00890068, 0.0117849, 0.00545438, -0.014346, 0.00738871, -0.147599, -0.0183287, 0.00248268, -0.0122135, -0.0322045, 0.0308916, -0.0265444, 0.042747, 0.0115814
# 0.000491734, -0.0266783, -0.00132444, 0.0013278, 0.00163977, -0.000212905, 0.000494455, -0.00138362, -0.000371118, 0.000614098, 0.000159562, 0.0170864, 0.0393677, -0.0248664, 0.0414315, 0.0216226, 0.0476912, 0.0416814, 0.0171719, 0.0335344, 0.0704779, 0.0610368, 0.0738061, 0.0466245, 0.0492768, 0.0318132, 0.0446401, 0.0421602, 0.0406485, 0.0214919, 0.0354432, 0.143652, 0.0202543, 0.0512634, 0.0621517, 0.0273124, 0.0264623, -0.00733933, 0.0422608, -0.000129311, 0.014085, 0.00601568, 0.0344732, 0.0211659, -0.0224649, -0.013052, 0.018347, -0.0240853, 0.00221458, 0.0159737, 0.031882, -0.00458849, 0.0100405, -0.0115559, -0.00249581, 0.0139427, -0.122038, 0.0478144, 0.0183808, -0.0360919, 0.057849, 0.00856613, 0.0399188, -0.0024217
# -0.00155542, -0.0222754, -0.000726663, -0.00131035, -0.000435721, -0.000537433, -0.000152744, -0.000345617, 0.000242519, 0.000609292, -1.5976e-05, -0.00500255, -0.0865472, 0.0513424, 0.0277824, 0.0445598, 0.0220453, 0.0277391, 0.0519568, 0.0209058, 0.0370598, 0.0390985, 0.0424815, 0.0364076, 0.0236924, 0.0420384, 0.0221232, 0.0452298, 0.0459507, 0.0297005, 0.0338483, 0.0202543, 0.187697, 0.0370165, 0.0396762, 0.0891817, 0.0339018, 0.0703379, 0.0230174, 0.0305884, -0.0407513, 0.0384904, 0.0306791, 0.00866397, -0.00390571, 0.0138856, 0.0163193, 0.00489537, -0.0101251, 0.025552, -0.0138468, 0.0192149, 0.00874268, -0.0150413, 0.00166712, -0.00552054, 0.002033, -0.153742, 0.00309249, 0.00460127, -0.0135443, 0.000362163, -0.0263581, 0.00328548
# 0.000178644, -0.0247625, -0.00329652, 0.000819854, 0.000483125, 7.2445e-05, -0.000543114, -0.00138441, 1.32409e-05, -0.000554549, -0.000411057, 0.00650903, 0.00054986, 0.00287626, 0.0405281, 0.0353961, 0.0377576, 0.0395488, 0.0226468, 0.0322294, 0.0516494, 0.0498919, 0.0570195, 0.0352729, 0.0490749, 0.0406206, 0.0360322, 0.0401692, 0.0393098, 0.0316568, 0.0382096, 0.0512634, 0.0370165, 0.116545, 0.0421765, 0.0473824, 0.0364887, 0.0363231, 0.0313655, 0.02876, 0.00252841, 0.00822078, 0.0188585, 0.0322628, 0.00202668, 0.00370694, 0.0239975, 0.00786877, 0.0270071, 0.00919482, 0.018415, 0.00661404, 0.0311827, 0.0109677, 0.00619423, -0.00421828, -0.0211051, 0.00689779, -0.0834641, -0.00420281, 0.0427461, -0.0165337, -0.0135992, 0.0219193
# 0.00112969, -0.0263236, 0.00128643, 5.36942e-05, 0.00118643, 7.19049e-05, 3.182e-05, -0.000574234, -0.000746296, -0.000358453, 0.000334725, 0.0151487, 0.0114947, -0.00912974, 0.0396696, 0.0221248, 0.0423313, 0.0340318, 0.0267886, 0.0306642, 0.0653643, 0.058562, 0.0728518, 0.0354895, 0.0512778, 0.0366982, 0.0301449, 0.0435496, 0.038483, 0.0207449, 0.0413853, 0.0621517, 0.0396762, 0.0421765, 0.109747, 0.0483015, 0.0294166, 0.003629, 0.0339189, -0.00114041, 0.00459436, -0.0143507, 0.0186356, 0.0176359, -0.00152105, -0.0174844, 0.0234693, -0.0177626, 0.0027214, -0.00342305, 0.00244277, 0.0133885, 0.0036512, -0.0208619, 0.0037912, -0.0190859, -0.0113551, 0.0122378, 0.0145461, -0.0894758, 0.0399472, 0.00183619, 0.00746898, 0.0228788
# -0.000740469, -0.0184874, -0.00250347, -0.000312082, 0.002044, -0.000906907, -0.00051635, 0.000655031, 0.00118456, -1.81994e-05, -0.000474128, 0.0190877, -0.110495, 0.0895923, 0.0232364, 0.0128665, 0.0178375, 0.0100777, 0.0333232, 0.00241309, 0.0459493, 0.0687284, 0.0691335, 0.0286938, 0.0227977, 0.0463964, 0.0272286, 0.0596134, 0.0228823, 0.00852278, 0.0143173, 0.0273124, 0.0891817, 0.0473824, 0.0483015, 0.223922, 0.00467077, 0.0289155, 0.00824591, 0.0163532, 0.010081, 0.0322743, 0.0469248, -0.0219525, -0.0107919, 0.029045, 0.0345842, 0.046198, -0.000198034, 0.0442148, -0.0325577, -0.00838735, -0.00471493, -0.0192769, -0.0194847, -0.0033115, 0.0307526, -0.0432152, 0.0120493, -0.0128679, -0.125346, -0.000149073, -0.0881755, 0.0315314
# 0.00118656, -0.0260998, 0.0028263, 0.000444198, -0.000591486, -0.00109067, 0.000478024, -0.000419926, -0.00059353, -0.00157041, 0.000359759, -0.0149179, 0.0172534, -0.015345, 0.0510899, 0.0539863, 0.0406571, 0.0376268, 0.0425452, 0.0354622, 0.0252882, 0.0258682, 0.0169784, 0.0284478, 0.0398799, 0.0402957, 0.0425214, 0.0280753, 0.0386545, 0.0458273, 0.0523002, 0.0264623, 0.0339018, 0.0364887, 0.0294166, 0.00467077, 0.13599, 0.0535803, 0.0438914, -0.000460204, -0.00677291, -0.0166777, 0.0244316, 0.0180925, 0.00677817, 0.0139386, -0.0137025, 0.00261109, 0.0163451, -0.00627104, -0.00430207, 0.000932843, -0.00374646, -0.0169519, 0.0229026, -0.0111751, -0.0144593, 0.00980896, -0.0130792, -0.0051345, 0.0155834, -0.0926564, 0.0567058, 0.0283398
# -0.00043498, -0.0228914, -0.00890934, -0.00155395, -0.00111747, -0.000496036, 0.000366288, -1.63748e-05, 0.00101132, 2.78242e-05, 0.000680357, -0.0328685, -0.0766426, -0.0129822, 0.0272441, 0.0713147, 0.0139618, 0.0343502, 0.063134, 0.0416548, 0.00467208, 0.0102231, -0.0107321, 0.0170971, 0.0259396, 0.0476579, 0.0293801, 0.0421283, 0.0420622, 0.065922, 0.0228574, -0.00733933, 0.0703379, 0.0363231, 0.003629, 0.0289155, 0.0535803, 0.308215, 0.0268893, 0.0609317, 0.0125474, 0.0471459, 0.0185186, 0.0372151, 0.0272346, 0.0120305, -0.00228767, 0.00816419, 0.017065, 0.0162356, 0.00284496, 0.0342878, 0.026109, 0.0283112, 0.0486466, 0.0248325, 0.0252269, -0.00880564, -0.00168, 0.0418744, -0.000692001, 0.0413041, -0.176248, 0.011863
# 0.0003445, -0.0225208, -0.00183806, 0.00152972, -0.000754233, -0.00059754, -0.000147756, -5.04065e-05, -0.000774509, -7.80312e-05, -0.000126033, -0.00128942, 0.0269663, -0.0225048, 0.042108, 0.0300865, 0.0361185, 0.0314947, 0.0240241, 0.0349224, 0.0438088, 0.0390656, 0.03863, 0.0275379, 0.0456715, 0.0381917, 0.0358267, 0.035409, 0.0393862, 0.0380512, 0.0435449, 0.0422608, 0.0230174, 0.0313655, 0.0339189, 0.00824591, 0.0438914, 0.0268893, 0.114798, 0.0208845, -0.00608954, 0.00848468, 0.0185809, 0.0303658, 0.00542486, -0.00920034, 0.009968, -0.00262453, 0.02704, -0.015333, 0.00759877, 0.0129633, 0.00691122, -0.00377377, 0.00918874, -0.0229837, -0.00276057, 0.0293427, 0.00898126, -0.010259, 0.0426593, 0.00879963, 0.04996, -0.0851429
# -0.00308703, -0.00199383, -0.00893465, 0.000271286, 2.70331e-05, -0.000979777, -0.00228873, 0.000539822, -0.0017583, -0.00076858, -0.000320188, 0.000413807, -0.022211, -0.00226863, -0.0845919, 0.0128395, -0.0142062, 0.0129502, 0.0182802, 0.0127894, 0.00897721, 0.0022266, -0.00704015, 0.0199635, 0.00847588, -0.018437, 0.0107524, 0.0114914, 0.0206072, 0.0150786, 0.0101239, -0.000129311, 0.0305884, 0.02876, -0.00114041, 0.0163532, -0.000460204, 0.0609317, 0.0208845, 0.657592, -0.0118267, 0.0244307, 0.0399445, 0.00462713, -0.0110367, -0.0434878, 0.0429913, 0.041979, 0.0278972, 0.0433783, 0.0496672, 0.0163419, 0.0976831, 0.0131044, -0.00027307, -0.0153929, 0.000485638, 0.0122501, -0.0323722, 0.00208752, 0.00292886, 0.0153268, -0.084961, -0.0567393
# 0.00102919, 0.00228433, -0.0147595, -0.00234061, -0.000459185, 0.0016774, 0.00194993, 0.000901011, 0.00213871, -0.000487759, 0.000675431, -0.00140641, -0.00184294, -0.0769686, -0.00473519, -0.12218, -0.00397243, 0.00575555, 0.00969521, 0.000510176, -0.00410635, -0.00211253, 0.00198727, -0.0381686, -0.0169405, 0.0253566, 0.00500573, 0.00550928, 0.00611918, 0.032571, -0.0205648, 0.014085, -0.0407513, 0.00252841, 0.00459436, 0.010081, -0.00677291, 0.0125474, -0.00608954, -0.0118267, 0.752228, -0.00581465, 0.0212738, -0.00994388, 0.0767043, 0.0142006, 0.00995144, -0.0370915, 0.0303624, 0.0080407, -0.0222721, 0.0522494, 0.0377693, 0.026346, -0.0277632, 0.138759, -0.0316176, 0.00753926, 0.0330478, 0.0195279, -0.0086945, 0.135118, 0.0576386, 0.0525615
# -0.00240546, 0.00391576, -0.0160777, 0.00194659, 0.00109597, -0.00043856, -0.00173623, 0.000217369, 0.000173188, 0.000463521, -0.0004799, 0.00104163, -0.0378926, 0.0239867, -0.00469896, -0.00843677, -0.079957, -0.00846899, -0.0224773, 0.0102243, -0.0162033, -0.00103278, 0.0134418, 0.00489741, 0.00919074, 0.00795143, 0.0208013, 0.0289151, 0.0247996, 0.00355872, -0.0274208, 0.00601568, 0.0384904, 0.00822078, -0.0143507, 0.0322743, -0.0166777, 0.0471459, 0.00848468, 0.0244307, -0.00581465, 0.592316, 0.0805635, 0.0103277, 0.0278608, 0.0198382, 0.0466961, -0.000975935, 0.00789515, 0.0204374, -0.0477263, -0.0472357, -0.0140652, -0.0338432, -0.0479487, 0.100856, 0.0635182, -0.0159462, 0.0567202, 0.0531669, 0.0123736, -0.0055146, -0.0984967, -0.00153554
# -0.00326141, -0.00495149, -0.0160151, 0.00379165, 0.000435799, -0.001677, -0.00242691, -0.00230488, -0.000805062, -0.000240458, -0.00281269, 0.00813157, -0.0361778, 0.0350956, -0.00169865, -0.00156114, 0.0046494, -0.0882203, 0.0219132, 0.0227628, 0.0227151, 0.0235153, 0.0228264, 0.0203212, 0.0314847, 0.0157983, 0.0160922, 0.0288224, 0.00726251, 0.0156222, 0.000409891, 0.0344732, 0.0306791, 0.0188585, 0.0186356, 0.0469248, 0.0244316, 0.0185186, 0.0185809, 0.0399445, 0.0212738, 0.0805635, 0.626362, -0.00686873, 0.0260828, 0.0476626, 0.0340074, 0.0287977, 0.0324721, 0.0286867, 0.00598042, -0.0154135, -0.0189159, -0.0256854, 0.00669305, 0.0225814, -0.02069, -0.0412612, 0.0305146, 0.0592888, -0.00121104, -0.00632576, 0.0240697, 0.0251933
# -0.000922344, -0.00338204, -0.00899465, 0.00313656, -0.00218886, -0.00121489, -0.000101183, -0.00162783, 0.000567888, 0.00125562, -0.000856078, 0.00030164, 0.0431126, -0.0786665, 0.0164861, 0.00097162, 0.00445007, 0.0114318, -0.162085, 0.00697667, 0.012508, -0.00383138, 0.0220302, -0.0183975, 0.032361, -0.00798901, 0.0240484, 0.00502368, 0.0211937, 0.0128709, 0.0137568, 0.0211659, 0.00866397, 0.0322628, 0.0176359, -0.0219525, 0.0180925, 0.0372151, 0.0303658, 0.00462713, -0.00994388, 0.0103277, -0.00686873, 0.688944, 0.0413762, 0.0110522, 0.0220681, -0.0596578, 0.0560342, 0.0153176, 0.0793462, -0.00162272, 0.0370483, -0.0108442, 0.0305954, 0.0140873, -0.0235117, 0.0493719, -0.0204148, -0.0150422, 0.0485924, 0.0131262, 0.0489219, 0.017708
# 0.0017893, -0.00312612, -0.00497545, 0.000129488, -0.00115234, -0.00159649, -0.00114638, 0.00166326, 0.000350856, -0.00219376, -0.00108202, -0.00668267, 0.012152, -0.0571832, 0.015645, 0.0064825, 0.00149928, 0.0105887, 0.0030987, -0.112936, 0.00211753, -0.0137721, 0.00222118, -0.0123723, -0.00498945, -0.00064004, -0.0142309, 0.00968821, 0.0279313, 0.0280296, 0.0192017, -0.0224649, -0.00390571, 0.00202668, -0.00152105, -0.0107919, 0.00677817, 0.0272346, 0.00542486, -0.0110367, 0.0767043, 0.0278608, 0.0260828, 0.0413762, 0.595255, 0.0375182, -0.0258428, -0.0544364, 0.016646, 0.00872539, 0.0377219, 0.0500185, 0.0119524, 0.0176582, 0.0743603, -0.00685727, 0.00633539, 0.0469492, -0.015393, 0.0145574, -0.0324396, -0.0166142, -0.0131251, 0.0734224
# -0.000413593, 0.00685981, -0.00595295, 0.00147373, -0.00240411, -0.000459989, -0.000924907, 5.45061e-05, 0.00219608, 0.00165915, -0.00127451, -0.0117617, -0.0339353, 0.0738239, -0.0195928, -0.00696314, -0.0232704, 0.0105548, -0.00254622, -0.00771087, -0.108004, -0.0125605, -0.0273134, -0.00983482, -0.014197, -0.00238449, -0.00580498, 0.000742739, 0.0237245, -0.00187167, -0.0264406, -0.013052, 0.0138856, 0.00370694, -0.0174844, 0.029045, 0.0139386, 0.0120305, -0.00920034, -0.0434878, 0.0142006, 0.0198382, 0.0476626, 0.0110522, 0.0375182, 0.578917, -0.0121404, 0.0532277, 0.0101908, 0.0192758, -0.034871, -0.0137834, -0.0440265, 0.00556164, -0.00718082, 0.00434217, 0.0332741, -0.0404709, -0.0212099, 0.0264605, -0.0589931, -0.0177966, -0.00219089, 0.00345938
# -0.00235162, 0.000883073, -0.0137632, 0.00075618, 0.001154, 0.00388236, 0.00136544, 6.10323e-05, -0.000751777, 0.00140511, -0.000262886, 0.00747313, 0.0271446, 0.071623, 0.00524142, -0.0162333, 0.0029458, 0.0118825, -0.00678951, 0.00775993, 0.0303872, -0.0975554, 0.0416489, 0.00950495, 0.0126207, 0.0242868, 0.0156109, 0.0197811, 0.00917108, 0.00346444, 0.0128139, 0.018347, 0.0163193, 0.0239975, 0.0234693, 0.0345842, -0.0137025, -0.00228767, 0.009968, 0.0429913, 0.00995144, 0.0466961, 0.0340074, 0.0220681, -0.0258428, -0.0121404, 0.587821, 0.0621404, -0.0502633, 0.0335437, 0.0132144, -0.0376755, 0.078075, -0.0284344, 0.00656347, 0.00820877, 0.039699, 0.000920823, 0.0255014, 0.00454578, 0.0437696, 0.0115958, -0.0413559, 0.00107886
# -0.00112761, 0.00529698, -0.00629443, 5.22146e-05, 0.000689462, -0.00216697, 0.0013869, 0.00344262, -0.000327553, -7.31888e-05, -0.00166442, -0.0138793, -0.0410798, 0.195765, -0.00239954, 0.0144237, -0.0153692, -0.0127978, -0.00382237, 0.00436063, -0.0123736, -0.00775765, -0.100125, 0.00219488, -0.0151584, 0.00554365, 0.000676736, -0.0192632, 0.0138509, -0.00319973, -0.00492014, -0.0240853, 0.00489537, 0.00786877, -0.0177626, 0.046198, 0.00261109, 0.00816419, -0.00262453, 0.041979, -0.0370915, -0.000975935, 0.0287977, -0.0596578, -0.0544364, 0.0532277, 0.0621404, 0.671466, 0.00707882, 0.0917771, 0.047133, -0.0249921, 0.0344318, -0.0207539, -0.0348216, 0.0146747, 0.088229, -0.00999468, -0.0245694, 0.0645134, 0.0476658, -0.0107515, -0.0787718, -0.0224451
# -0.00181927, -0.00498264, -0.00967443, 0.00173824, -0.00128405, -2.38725e-06, 0.00105816, 0.000648348, -0.000514332, -0.00140189, -0.00010113, -0.0006095, 0.00842614, -0.0248981, 0.00814724, -0.000466046, 0.0265182, 0.0104183, -0.00456026, 0.0085132, 0.00740711, 0.0205292, 0.00370502, -0.129227, 0.0079049, 0.0300702, 0.014546, 0.0255545, 0.0194933, -0.00314465, 0.00751807, 0.00221458, -0.0101251, 0.0270071, 0.0027214, -0.000198034, 0.0163451, 0.017065, 0.02704, 0.0278972, 0.0303624, 0.00789515, 0.0324721, 0.0560342, 0.016646, 0.0101908, -0.0502633, 0.00707882, 0.656889, 0.0142969, -0.000824408, -0.0645736, 0.0101228, -0.0143435, -0.00184291, 0.032974, 0.0457746, 0.0209496, -0.0444232, 0.0298692, 0.0616597, -0.00444214, -0.0133722, -0.0123205
