# stan_version_major = 2
# stan_version_minor = 37
# stan_version_patch = 0
# model = survival_model
# start_datetime = 2026-03-12 17:43:02 UTC
# method = sample (Default)
#   sample
#     num_samples = 2000
#     num_warmup = 1000 (Default)
#     save_warmup = false (Default)
#     thin = 1 (Default)
#     adapt
#       engaged = true (Default)
#       gamma = 0.05 (Default)
#       delta = 0.8 (Default)
#       kappa = 0.75 (Default)
#       t0 = 10 (Default)
#       init_buffer = 75 (Default)
#       term_buffer = 50 (Default)
#       window = 25 (Default)
#       save_metric = false (Default)
#     algorithm = hmc (Default)
#       hmc
#         engine = nuts (Default)
#           nuts
#             max_depth = 10 (Default)
#         metric = dense_e
#         metric_file =  (Default)
#         stepsize = 1 (Default)
#         stepsize_jitter = 0 (Default)
#     num_chains = 1 (Default)
# id = 1 (Default)
# data
#   file = /Users/dansprague/Documents/PhaseSkate/benchmarks/scaling/data/data_H50.json
# init = 2 (Default)
# random
#   seed = 42
# output
#   file = /Users/dansprague/Documents/PhaseSkate/benchmarks/scaling/stan_output/survival-20260312134302_1.csv
#   diagnostic_file =  (Default)
#   refresh = 100 (Default)
#   sig_figs = 8 (Default)
#   profile_file = profile.csv (Default)
#   save_cmdstan_config = false (Default)
# num_threads = 1 (Default)
# stanc_version = stanc3 v2.37.0
# stancflags = --filename-in-msg=survival.stan
lp__,accept_stat__,stepsize__,treedepth__,n_leapfrog__,divergent__,energy__,log_alpha,beta_0,trt_effect,beta.1,beta.2,beta.3,beta.4,beta.5,beta.6,beta.7,beta.8,log_sigma_int,log_sigma_slope,rho,z_int.1,z_int.2,z_int.3,z_int.4,z_int.5,z_int.6,z_int.7,z_int.8,z_int.9,z_int.10,z_int.11,z_int.12,z_int.13,z_int.14,z_int.15,z_int.16,z_int.17,z_int.18,z_int.19,z_int.20,z_int.21,z_int.22,z_int.23,z_int.24,z_int.25,z_int.26,z_int.27,z_int.28,z_int.29,z_int.30,z_int.31,z_int.32,z_int.33,z_int.34,z_int.35,z_int.36,z_int.37,z_int.38,z_int.39,z_int.40,z_int.41,z_int.42,z_int.43,z_int.44,z_int.45,z_int.46,z_int.47,z_int.48,z_int.49,z_int.50,z_slope.1,z_slope.2,z_slope.3,z_slope.4,z_slope.5,z_slope.6,z_slope.7,z_slope.8,z_slope.9,z_slope.10,z_slope.11,z_slope.12,z_slope.13,z_slope.14,z_slope.15,z_slope.16,z_slope.17,z_slope.18,z_slope.19,z_slope.20,z_slope.21,z_slope.22,z_slope.23,z_slope.24,z_slope.25,z_slope.26,z_slope.27,z_slope.28,z_slope.29,z_slope.30,z_slope.31,z_slope.32,z_slope.33,z_slope.34,z_slope.35,z_slope.36,z_slope.37,z_slope.38,z_slope.39,z_slope.40,z_slope.41,z_slope.42,z_slope.43,z_slope.44,z_slope.45,z_slope.46,z_slope.47,z_slope.48,z_slope.49,z_slope.50
# Adaptation terminated
# Step size = 0.287362
# Elements of inverse mass matrix:
# 0.000464954, -0.000106994, -1.70542e-05, 6.87695e-06, -8.96898e-06, 4.25336e-06, 4.12327e-05, -7.49895e-05, -2.09762e-05, -5.31546e-05, 3.03106e-05, -0.000312289, 0.000241045, -0.00130221, -0.000231869, -0.000158537, 0.000272887, -0.000414679, 0.000488732, 0.000260607, -0.000813568, 0.000266306, -0.00026248, -0.000529243, -0.00057499, 0.000336037, 0.000244528, 0.000480045, 0.000178047, 0.000217501, -0.000421778, -0.000507106, -0.000248551, -1.25949e-06, -0.000550888, -0.000118192, 0.00025181, 9.58564e-05, -0.000544674, 0.00042249, 8.00825e-05, 0.000474415, 0.000870651, 0.00015584, 0.000101586, -0.000104864, 0.000683753, 3.08139e-05, 1.98029e-05, -5.60946e-05, 0.000231567, 0.000451745, -9.07203e-05, -0.000101792, 0.000430126, -2.81585e-05, 4.02491e-05, -0.000368618, 2.09619e-05, 0.000225493, -0.00023959, -0.000150544, 0.000463817, -0.000571901, 0.000450484, -1.95648e-05, 1.64035e-05, 0.000630942, 0.000336594, -0.000120116, 1.26526e-05, -0.00180092, -0.00102866, 0.000983382, 0.00043071, -9.602e-05, 0.000268994, -0.00161988, -0.00119059, -0.000498179, 0.000799273, -0.000139443, 0.000785268, -7.10448e-05, -0.000264317, -0.000736312, 0.0017243, -0.00157796, 0.00114409, -0.000371957, 0.000529201, -1.85081e-05, 0.000390944, 0.00107211, -0.000152098, 0.00126549, 0.000553395, 0.000720839, -0.000151528, 0.000811565, -0.000518591, 0.000135577, -0.000375713, 0.000932922, -0.000162886, 0.000665973, 0.000699227, 0.00125914, -0.00150766, -0.000732631, 0.000183251, 0.00147932, -0.00199907, 0.000359221
# -0.000106994, 0.00959693, 0.000311386, -8.67499e-06, -0.000183917, 1.86251e-05, -0.000167976, 0.000125352, -3.42438e-05, 3.84219e-05, -6.24357e-05, 0.000167234, 1.73158e-05, 0.0012413, -0.0143766, -0.0132133, -0.0152371, -0.0126199, -0.0099204, -0.0114232, -0.0120072, -0.0144933, -0.0151154, -0.0145033, -0.0138811, -0.0154617, -0.0154426, -0.0137459, -0.0140833, -0.0121209, -0.0156924, -0.0150329, -0.0136135, -0.0152326, -0.0129335, -0.0120446, -0.0142217, -0.0120434, -0.011979, -0.0112898, -0.0116159, -0.0134809, -0.012892, -0.0135848, -0.0149788, -0.0128641, -0.0119889, -0.0154971, -0.0130109, -0.0117402, -0.0114133, -0.0134388, -0.0124662, -0.0127036, -0.0147131, -0.0123838, -0.0107637, -0.0116357, -0.013759, -0.0112148, -0.0134775, -0.0144767, -0.0130814, -0.0116185, 0.00259771, -0.00182729, 0.00109621, 0.000566056, -0.00519117, 0.00201751, -0.00464988, 0.000941024, 0.00577202, -0.000772844, 0.00111611, 0.00520512, 0.00229793, 0.00593392, 0.00325055, -0.00275013, 0.00263006, 0.00616035, 0.00297461, 0.00662945, 0.00249318, -0.00375515, -0.0012525, -0.00318876, 0.000710215, -0.00194028, 0.0022962, -0.0019966, 0.00153966, -0.00143364, 0.00228157, 0.000385659, -0.00700982, 0.000993965, -0.000284513, 0.00396198, -0.00934768, -0.001466, 0.00125457, 0.000258648, 0.00469424, -0.00777667, -0.00638447, -0.00600661, -0.000267597, -0.000234822, 0.0030097, -9.08798e-05, 0.00553212, -0.00267985
# -1.70542e-05, 0.000311386, 0.00396832, -8.90903e-05, 0.000148456, -1.81032e-05, -0.000152349, -9.87597e-05, 0.000102029, 1.11769e-05, 0.000136992, -0.000652716, 0.000593763, 0.0043572, -0.00241307, -0.00238679, -0.00207387, 0.000291675, -0.0031162, -0.0019826, -0.00157684, -0.00231264, -0.00243356, -0.00286317, -0.00398295, -0.00197, -0.000220467, -0.00231182, -0.000889293, -0.0033511, -0.00197929, -0.00231827, -0.00282266, -0.00129097, -0.00211439, -0.00238277, -7.10944e-05, -0.000490598, -0.00180334, -0.00116478, -0.00439102, -0.00240963, -0.0024595, -0.00235967, -0.000808969, -0.00190179, -0.00156261, -0.00348665, -0.0023744, -0.00320619, -0.00199235, -0.00177972, -0.0042575, -0.0018067, -0.00178453, -0.00167501, -0.00158861, -0.00182552, -0.00138696, -0.00156322, -0.00343171, -0.00101805, -0.00204913, -0.000850211, -0.00631958, -0.00486029, -0.00456657, -0.0113305, -0.00532333, -0.00514904, -0.00515282, -0.0065386, -0.00275241, -0.00399587, -0.00050379, -0.00485954, -0.00839257, -0.0067484, -0.00480248, -0.00563274, -0.00464895, -0.00167065, -0.000578688, -0.00894262, -0.00569228, -0.00538604, -0.00968265, -0.00587432, -0.00687008, -0.00533322, -0.00167814, -0.00661114, -0.00848481, -0.00306748, -0.00459127, -0.00777908, -0.00809439, -0.00381895, -0.00677086, 0.000462398, -0.00740361, -0.00452555, -0.00234381, -0.00974705, -0.00641703, -0.00479905, -0.0060443, -0.00499369, -0.0071344, -0.00879469, -0.00277727, -0.00747266, -0.00539065, -0.00490801
# 6.87695e-06, -8.67499e-06, -8.90903e-05, 0.000489273, -6.30996e-05, -4.51904e-05, 4.84976e-05, -6.69417e-06, 6.14735e-06, -1.96247e-05, -5.83859e-06, 1.73496e-05, -5.66922e-05, 0.000328654, 0.000341409, -0.000323994, 0.000896888, 0.000182158, 0.000364951, 0.000316017, 0.000450937, 9.33611e-05, 0.000426529, 0.000123167, 0.000423238, -0.000334788, 0.000832723, 9.80665e-05, -0.000108936, 0.000130253, -0.000302528, 0.000146779, -0.000998084, 0.000500758, 0.000552169, 4.41663e-05, 0.000430088, 0.000863975, 0.000343602, 0.000770683, 0.00044848, 0.000268609, 0.00017053, -0.00015506, -0.000265748, -0.000324866, 0.000274528, -2.69781e-05, -0.00014996, 0.000245568, -0.000285274, 0.00010621, 0.000248824, 0.000397563, -1.48518e-05, -0.000517201, 0.00021991, 0.000106599, -0.000108301, -0.000384175, 0.000371699, 0.000357188, 0.000269894, 0.000422787, -0.000564561, 0.00107316, -0.000733713, -0.000357387, -0.00116956, 5.48029e-05, -0.0020547, -0.000231116, -0.000679496, 0.000189616, 2.26401e-05, -0.000393325, -0.00157795, 0.00090067, -0.00108133, -5.67619e-05, 7.50309e-05, -0.000373194, 0.00105028, -0.000456113, 0.000400933, 0.000439622, -0.000842883, -0.00144319, 0.000825141, -0.000437537, -0.000321754, -0.00021105, -0.000323863, 0.000394289, 0.000825811, 0.00145856, -0.000989498, 0.00118921, -0.000335888, -0.000341994, 0.00184123, 0.00184827, 0.000324633, -0.000728489, 0.000202279, 0.000695092, -0.00112608, 0.00122402, 0.000824225, 0.000909388, -0.000113297, -0.00026975, 0.000517031, 0.000228754
# -8.96898e-06, -0.000183917, 0.000148456, -6.30996e-05, 0.000430422, -1.30348e-05, -3.12115e-05, -2.04766e-05, 1.56918e-05, 2.72285e-05, 3.7896e-05, -7.85209e-05, -0.000276045, -0.000714453, -0.00041854, 0.000117536, 3.98433e-05, 0.000115402, 2.95092e-05, 1.9593e-05, 0.000440253, 0.000264292, 0.000134294, -0.000606781, -0.000355107, 0.000275431, 0.000978637, -5.34014e-05, -0.000126683, -0.000742699, -0.000168012, 0.000139048, 0.000225549, 0.000341288, -0.000662365, -0.000564959, 0.000336435, 0.000980963, 0.000340679, 9.79406e-06, -0.0002643, -0.000450585, 5.81378e-05, -0.000181151, -0.000174893, 3.40183e-05, -0.000452333, 0.000180885, 0.0004573, 0.000299222, 0.000223237, 2.25596e-05, -0.00032648, 0.000194456, 0.000802047, 0.000312059, 0.000469703, 0.000271725, 0.00054642, 0.000102943, 0.000184756, -0.000266146, 4.82833e-05, 4.0054e-05, 0.000124145, -0.000997884, 0.000143816, -0.00176974, 0.000678039, -0.000500489, -0.00183667, -0.00107794, -0.0021885, 0.00117181, 0.000343169, -0.000654689, -0.000493316, -0.000721867, -0.000164741, 0.00028774, -0.000326664, -0.000180286, 6.74984e-05, -0.000249574, 0.000347578, 0.00112196, 0.000293631, -0.0007413, -0.000146142, 0.000693632, 7.21998e-05, 0.000360287, 0.000263598, 0.000221557, 0.000659577, 0.000832166, 0.000432534, -0.000576604, -0.000576244, -0.000644236, -0.00148582, 0.000676915, -0.00109463, -0.000551986, -0.000904849, -0.000371389, -0.000197237, 7.54307e-06, -0.00117177, -0.00109739, 0.000815088, 0.000567967, -1.40922e-05, 0.00116691
# 4.25336e-06, 1.86251e-05, -1.81032e-05, -4.51904e-05, -1.30348e-05, 0.000480716, 5.67651e-06, 1.42396e-05, -2.95877e-05, 5.62586e-05, 3.88342e-05, -0.000165231, -0.000219124, 0.000399186, -0.000523879, 0.000619683, 4.20405e-05, -9.12856e-05, 0.000283446, 2.04865e-05, 1.04558e-05, -8.06744e-05, -0.000358623, -0.000505277, -2.97432e-05, 0.000811057, -0.000734238, 0.000292664, 0.000106215, 0.000473036, -0.000137722, 0.000344235, 0.000228696, -2.67548e-05, -0.000353056, 0.000258614, -9.74562e-05, 0.000281618, 0.000338451, 0.000394072, 0.000658066, 0.000263184, -0.000115741, 0.000309716, 0.000142188, 0.000502446, 4.57805e-05, -0.000843145, -0.000600447, -0.000282044, 4.48817e-06, 0.000237492, 0.000389277, -0.000125738, -0.000607361, 0.000381535, 0.000452378, -0.000106553, 0.000358864, 0.000428379, -0.0004561, -0.000324328, -0.000258137, -0.00037095, 0.000868431, -0.000120196, 0.000260596, 0.000612334, -0.000458137, 0.000483347, -0.000381728, -4.81994e-05, 0.000643097, 0.00117921, -0.000322494, -0.000947234, 0.00067434, -0.00171757, -0.000328561, -6.32877e-05, 0.00107447, -0.000125361, -0.000903259, 0.000596139, -0.000501526, -0.00159934, 0.00116057, 0.00151846, 0.000269562, 4.80077e-05, -0.000198129, -0.00027589, 0.00149603, -0.00169355, -0.00103859, -0.00121754, -0.000940514, 0.00103114, 0.00109011, 0.000326194, -6.80195e-05, -0.000887789, -0.000608783, 0.000669589, 0.00119028, -0.000119487, 0.000250085, -0.000387391, -0.000496269, -0.00187604, -0.000582307, 0.000647138, 0.000276021, 0.000939761
# 4.12327e-05, -0.000167976, -0.000152349, 4.84976e-05, -3.12115e-05, 5.67651e-06, 0.000377309, 8.68549e-06, 1.01428e-05, -5.6586e-05, 1.53731e-05, 0.00010859, 6.87548e-05, 1.58759e-05, 0.000817337, 0.000325941, 0.00021696, 0.000348034, 0.000181543, 0.000195052, 0.000393408, 0.000611385, 0.000300873, 0.000357501, 0.000124593, 0.000319181, -0.000174025, 0.000464451, 0.00021981, 0.000615788, 0.000442973, 0.000572988, 0.000913277, 0.000383756, -2.53986e-05, 0.00045851, 0.000197013, -0.000172399, -0.000466972, -7.99593e-05, 0.000812126, 0.000624634, -0.000335388, -7.064e-05, 7.8572e-05, 6.44343e-05, -0.00061253, -5.04668e-05, 9.96001e-05, 0.000259651, 0.000471204, 0.000640587, 0.000133321, 0.000348897, 0.000641025, 0.00022253, 0.000113502, 0.000442674, -0.000178021, 5.36585e-05, 0.000132594, 0.000687034, 0.000342163, 0.000332172, -0.000718775, 0.00057945, 8.77501e-05, 0.000370561, 0.000368847, 0.000620553, 0.000449668, 0.000204563, 0.000763057, 0.000497788, 0.00150602, -7.4818e-05, 0.000435203, -0.000811537, -0.000287758, -0.000338585, -0.000709587, -0.000785487, -0.00129445, 0.000226576, 1.82565e-05, -0.000124686, -0.000528031, -0.000731712, 0.000130104, 0.000419586, -0.000906228, 0.00137191, -0.00011322, 0.000641446, -0.000364774, 0.00101312, 0.00123883, 0.00123865, 0.000328798, -0.000380918, 0.000508237, 0.000208114, 0.000110981, 0.000580512, -0.00102826, 0.000288797, 0.00062887, 0.000464201, 0.00110039, 0.000427917, 0.000437305, -0.000460423, -0.000163012, -0.000146862
# -7.49895e-05, 0.000125352, -9.87597e-05, -6.69417e-06, -2.04766e-05, 1.42396e-05, 8.68549e-06, 0.000456447, 1.22709e-05, 2.06048e-05, -3.67679e-05, 0.000117403, 0.000261422, 1.77072e-05, 0.000118858, -9.97835e-06, 0.000107984, -0.00045481, -0.000138746, 0.000220278, -0.00024509, 0.00017833, -0.000430794, 0.000268427, 0.000571541, 0.000612283, -7.65879e-05, 0.000397334, -0.000284101, -0.000618241, 0.000263886, -0.000123719, 0.000251794, -0.000397085, -0.000394419, 0.000171111, -0.000392931, -0.000236997, -0.000653664, -0.000133915, -0.000301389, 0.000165819, -0.000486882, -0.000351446, -0.000470034, 0.000263447, 0.000141376, -0.000329363, -1.51871e-05, 0.000165174, 0.000111422, -0.000217174, -8.41575e-05, 0.000864343, 0.000280612, 0.000258292, 0.000438092, -0.000142798, 0.000775639, 9.45396e-05, -0.000326342, -6.04022e-05, -0.000333198, -0.000504357, -0.00122178, 0.000385274, -0.000630379, 0.00161698, -0.00112435, -0.00074587, 0.000750507, 0.0012255, 0.00150024, 0.000196634, 0.000558248, -0.00076567, -0.000268299, 0.000633033, 0.000554527, 0.000858394, -0.00031482, 0.000789914, 0.000621506, 0.000659068, 0.000999758, 0.000541995, -0.000312603, 0.00152716, 0.0012859, 0.00114467, 0.00120447, 0.000211872, 0.00241178, 0.00107425, -0.000380303, -0.000176224, -0.000185507, -0.000173693, 0.00100545, -0.000575768, 0.000809064, -0.000798859, 0.000371544, -0.000910394, -0.000125562, -0.000175678, -0.00199895, -0.000712928, -0.000837605, 4.97772e-06, 0.000364859, 0.00138138, 0.0010233, 0.000855734
# -2.09762e-05, -3.42438e-05, 0.000102029, 6.14735e-06, 1.56918e-05, -2.95877e-05, 1.01428e-05, 1.22709e-05, 0.000463726, -3.856e-05, 2.49164e-05, -4.2291e-05, -0.000241456, 0.000171485, -0.000143673, -4.28775e-05, 0.000155174, -0.000208111, 0.000296923, 0.000151635, -0.000306346, -0.000620346, -0.000122171, -0.000359551, 0.000587879, -0.00074132, 0.00051217, 0.000439105, -0.000263059, -6.00114e-05, 8.96968e-05, 0.000369741, 0.000411228, 0.000183489, -0.000264106, -0.000219755, 2.55203e-06, 0.00023277, 2.2918e-05, -8.69359e-05, -2.66097e-05, -0.000835135, -0.000972551, -0.000262866, -0.000131711, 0.000244968, 7.76547e-06, -0.000227521, 6.53402e-07, -0.000410332, -0.000392602, -0.000107172, -0.000279922, -6.21214e-05, 0.000475224, -0.000359585, 0.000377521, 0.000248387, -0.000169514, 0.000606196, -0.000275594, -5.17015e-05, -0.000238579, -0.000122627, 0.000215775, -0.00075987, -0.00108668, -8.87634e-05, -0.000308718, -0.000655955, 0.000879724, 0.00151079, -0.000295635, 0.000415389, -0.000736313, 0.00184989, 0.000406298, -0.00111896, 3.85142e-05, -0.00109311, -0.000111862, 0.00051911, -0.00152789, -0.000554677, 0.000939636, 0.00078221, -0.000456838, 0.000394749, 0.000542225, 2.32901e-05, 1.68262e-05, 0.000105982, 0.000111529, 0.0020339, -0.000507729, -0.000848115, -0.000242381, -0.000110315, -0.000133725, 0.00169506, 0.000686164, 0.000254801, 0.000567218, 0.000651855, 0.000285082, -0.000440937, -0.00177885, -0.000216063, 0.00159037, -0.00102807, 0.000581487, -0.000115042, 0.000804004, 0.0007222
# -5.31546e-05, 3.84219e-05, 1.11769e-05, -1.96247e-05, 2.72285e-05, 5.62586e-05, -5.6586e-05, 2.06048e-05, -3.856e-05, 0.000435961, 1.41035e-05, 5.05901e-05, -0.000275465, 0.000440392, -5.09561e-06, 0.000310138, 0.000209516, 0.000629442, 4.94136e-05, 0.000324597, -0.000124411, -4.48312e-05, -9.96465e-05, -8.09595e-05, 0.000166769, 0.000188282, -0.000102113, -0.000338659, 0.000197132, -0.000350229, -2.47637e-05, -0.000271578, 0.000231929, 0.00029572, 0.000131996, -0.000176467, -9.18529e-05, 0.000359193, -9.69795e-06, -0.000290273, -0.000509574, 5.66638e-06, -0.000283888, 0.000120162, -0.000161701, 1.18524e-05, -0.000352329, -0.000290308, 1.74538e-05, -0.000353101, -7.151e-05, 4.91905e-05, -0.000232305, -4.48175e-05, -6.7107e-05, 0.000141551, -0.000532376, 0.000121163, 0.000766236, -0.000270212, 1.84906e-07, -0.000233746, -2.94876e-05, 0.000108891, 0.000574194, -0.00222239, 0.00097154, -0.0011001, 0.000220152, -0.000586711, 0.000662166, -0.00014156, -0.000681357, -0.000246662, 3.29627e-05, -0.000119621, 0.000192485, 0.000331533, -0.000822172, 0.00113765, -0.000438555, 0.00112102, -0.000451396, -0.000593708, 0.00103777, 0.000814144, -0.000700375, -0.000348637, -0.000560125, 0.000768546, 0.00100069, 0.00038043, 0.00102, -0.00240204, -0.000482606, -0.00026632, 2.37874e-07, -4.1575e-05, -0.000238071, 0.000497429, 0.000309291, -0.00122396, -0.000115238, 0.000537926, 8.96051e-05, -0.00111018, 0.00132266, -7.47573e-05, -0.000586356, -0.000374228, -0.00025464, 0.000288989, 1.45271e-05, 0.00119916
# 3.03106e-05, -6.24357e-05, 0.000136992, -5.83859e-06, 3.7896e-05, 3.88342e-05, 1.53731e-05, -3.67679e-05, 2.49164e-05, 1.41035e-05, 0.000448342, -0.000204629, -1.7222e-05, -1.54421e-05, -0.000165885, 0.000130636, -0.000268275, -5.21687e-06, 0.000109792, 0.000440332, -0.000496213, 0.000285835, -0.000766576, 7.32862e-05, 6.13449e-05, 3.62912e-05, 0.000448983, 0.000294355, 0.000278529, 0.000420214, -0.000148634, 0.000234211, 0.000694727, -0.00015704, -0.000169761, 3.29778e-06, 0.000634924, 0.000418464, 0.000273934, 0.000429882, -0.000139103, 0.000127871, 0.000396894, 9.79753e-05, -0.000288411, -0.000402175, -0.000276257, -0.000428669, 0.000356081, -0.000348801, -0.000243658, -2.00645e-05, -0.000498648, -0.000117558, -7.92646e-06, 0.00038514, -0.000315575, -1.98791e-05, -0.000105401, 0.00020629, 6.57091e-05, 0.00077595, 0.00018889, -0.000216911, -6.8185e-05, 8.37312e-05, -2.17299e-05, 1.69524e-07, -0.000489436, -0.00154072, 0.000514191, -0.000339186, 9.78681e-05, -0.000391896, -0.000101614, -0.000169726, 0.000479296, -0.000725047, 0.000668675, -0.000506499, -9.27581e-05, -0.00138037, -3.35941e-05, 0.00120155, -0.00136072, -0.00106778, -0.00179085, -0.00105867, -0.000725733, 0.000330938, -0.000684792, 0.000357018, -0.000866936, -4.00931e-05, -0.00159832, 0.000336557, 0.000250847, 0.000110311, -0.00109064, -4.77608e-05, -0.000140138, -0.000308102, -0.000435046, -0.00085196, 0.000363087, -0.000744973, 0.00104943, 0.000926627, -0.00146467, -0.000838821, -0.000186649, -0.00126024, -0.00170466, 0.000697682
# -0.000312289, 0.000167234, -0.000652716, 1.73496e-05, -7.85209e-05, -0.000165231, 0.00010859, 0.000117403, -4.2291e-05, 5.05901e-05, -0.000204629, 0.0150091, -0.00106205, -0.0040405, 0.00472082, -0.00101315, 0.00584405, 0.00428141, -0.00845953, -0.00393943, 0.0178751, 0.01686, 0.0316716, -0.000420604, 0.0152304, -0.00965583, -0.00539672, 0.0124397, -0.00596835, -0.00433834, 0.000292962, 0.0108282, -0.0188417, 0.00136292, 0.0129574, 0.0164875, -0.0149391, -0.0197722, -0.0138719, -0.00494033, -0.0037777, -0.00324784, -0.0143309, -0.00672515, 0.00376722, -0.0126516, -0.02217, 0.00193919, 0.00270108, 0.00929724, -0.00544701, -0.000706145, 0.0113034, 0.00893886, -7.34934e-05, -0.000160846, -0.0146479, 0.000510581, 0.000967262, 0.00963027, 0.00554637, 0.00174667, 0.00317086, 0.00195416, 0.00261366, 0.000878323, 0.000960485, 0.00409168, 0.00127501, -0.0015881, -0.00391738, -0.00148473, -0.00773334, 0.00255796, -0.00371406, -0.000411852, 0.00280892, 0.000831154, -0.00129475, 0.00392489, -0.00626049, 0.00475948, -0.00614518, 0.00241659, 0.00622183, -0.002593, 0.00685261, 0.00413756, -0.00504867, 0.00129198, -0.00541249, 0.00377254, -0.000474308, 0.00488739, -8.13118e-05, 0.0045694, 0.00190061, -0.00301224, 0.000116733, -0.00917616, -0.0015236, 0.00366707, -0.00337139, 0.00256763, 0.00195216, 0.000366978, 0.00696161, -0.00220739, 0.00574608, -0.00347311, -0.00724168, 0.00556533, -0.000519206, 0.00437569
# 0.000241045, 1.73158e-05, 0.000593763, -5.66922e-05, -0.000276045, -0.000219124, 6.87548e-05, 0.000261422, -0.000241456, -0.000275465, -1.7222e-05, -0.00106205, 0.038188, -0.0156454, -0.0056024, 0.00629692, 0.0029809, -0.00517073, 0.00278454, -0.0122622, -0.00486082, 0.00904586, 0.00939794, -0.00746111, 0.00651679, -0.000504436, 0.000856233, 0.0109236, -0.00220249, 0.00502562, -0.00585427, -0.0125494, -0.00215563, -0.00410346, -0.00902025, 0.00645074, -0.00221726, 0.000807254, -0.0115518, -0.00441283, -0.0056123, 0.00715981, 0.00349891, -0.000604309, 0.00456946, -0.00327999, 0.0117437, 0.0019851, 0.000297495, 0.00642611, 0.00297494, -0.0108478, -0.00886858, 0.00307076, 0.00539846, 0.00121465, -0.000416986, 0.000775134, -0.00681191, 0.00491026, -0.0035913, 0.0049627, 0.00667779, -0.0121155, -0.0053219, -0.00220929, -0.00379451, 0.00927687, -0.00359648, 0.00558143, -0.00989959, 0.00322928, 0.0161717, 0.000181393, -0.00268657, -0.00232118, -0.0059423, 0.0130325, 0.0072308, -0.00753792, 0.00276571, 0.0102731, 0.0249524, 0.00589182, 0.00907743, -0.00215242, -0.000254094, -0.00738737, 0.0109133, 0.00396105, -0.00363037, -0.017123, -0.000684099, -0.000205568, 0.00199537, -0.0015468, -0.0103776, -0.00477058, -0.000679547, 0.00239319, -0.0166504, -0.00416399, 0.00984009, -0.0138486, 0.003585, 0.00628981, 0.000628241, -0.00125625, -0.00337568, 0.00833154, 0.00493097, -0.00321982, 0.00447976, -0.00455046
# -0.00130221, 0.0012413, 0.0043572, 0.000328654, -0.000714453, 0.000399186, 1.58759e-05, 1.77072e-05, 0.000171485, 0.000440392, -1.54421e-05, -0.0040405, -0.0156454, 0.22716, 0.00806849, -0.0129659, -0.00759284, 0.0136642, -0.00836263, 0.00290492, 0.0250898, -0.0117366, -0.0127224, 0.0153487, -0.00652902, -0.014999, -0.00797851, -0.0284105, 0.00555655, -0.0187129, 0.00591459, 0.017186, -0.0198387, -0.00422804, 0.0241383, 0.00346178, 0.00043136, -0.0035471, -0.00680948, -0.00999102, 0.00849564, -0.020685, -0.0362745, 0.00307498, -0.00780484, -0.00397231, -0.0288653, -0.00677341, -0.000391048, -0.0193827, -0.0102021, 0.0185795, 0.0160936, 0.00934362, -0.0157189, -0.00919763, -0.016844, -0.00924145, 0.00900503, -0.00609665, 0.00724004, -0.000543961, -0.0251586, 0.0243489, 0.0338183, -0.0195577, 0.0353436, -0.009163, -0.0514611, -0.0177765, 0.0369195, 0.0828569, 0.15938, -0.0175778, 0.0666905, -0.00750734, -0.0272447, 0.0572819, -0.0236503, -0.0158862, -0.00183745, 0.0506172, -0.0656319, 0.0249567, 0.0240591, 0.0538263, -0.0676226, -0.0412251, -0.0821555, -0.0167592, -0.041789, -0.00867068, -0.0299826, -0.0512769, 0.0274185, -0.077087, -0.0491214, -0.00705616, 0.00301263, 0.0485537, -0.0193534, -0.0282351, 0.0387725, 0.017464, 0.0186013, 0.0276348, -0.0223122, 0.00736555, 0.0164942, 0.0297548, -0.000150479, -0.0213078, 0.0408348, -0.0304564
# -0.000231869, -0.0143766, -0.00241307, 0.000341409, -0.00041854, -0.000523879, 0.000817337, 0.000118858, -0.000143673, -5.09561e-06, -0.000165885, 0.00472082, -0.0056024, 0.00806849, 0.0941963, 0.0212403, 0.0250624, 0.0223308, 0.0161813, 0.0208142, 0.0281553, 0.0276492, 0.0327445, 0.0257605, 0.0230938, 0.0190389, 0.0202417, 0.026766, 0.0237141, 0.0182501, 0.0284405, 0.0343901, 0.0201902, 0.0269094, 0.0240581, 0.0210165, 0.015628, 0.016569, 0.0201146, 0.0143032, 0.0203718, 0.0210749, 0.0135136, 0.0201183, 0.0254585, 0.0159512, 0.00573182, 0.0301146, 0.0254054, 0.0211877, 0.0169476, 0.0240502, 0.0234806, 0.0244832, 0.0275597, 0.0193025, 0.0118927, 0.0151707, 0.0249565, 0.0184259, 0.0218686, 0.0215152, 0.0211817, 0.0146559, -0.120624, 0.00427913, -0.000796012, -0.00652384, -0.00834457, -0.00793771, 0.00770615, 0.00720756, -0.00186166, 0.0124095, 0.0025946, -0.00762905, -0.00648193, -0.0225962, -0.0222375, 0.0255661, -0.00146212, -0.0246648, -0.0186552, -0.0165843, 0.0282974, 0.0283321, 0.0169385, -0.00569903, -0.0231958, 0.00765816, -0.00774992, 0.00700432, -0.00435842, -0.0011673, -0.00788833, -0.00966386, 0.0288156, -0.00960084, -0.00682804, -0.0164639, 0.0302029, -0.00388441, 0.000606189, 0.00194596, -0.0194127, 0.00923722, 0.0226355, 0.0196751, 0.0135682, 0.00150723, -0.00796883, 0.0104141, -0.00302663, 0.0227836
# -0.000158537, -0.0132133, -0.00238679, -0.000323994, 0.000117536, 0.000619683, 0.000325941, -9.97835e-06, -4.28775e-05, 0.000310138, 0.000130636, -0.00101315, 0.00629692, -0.0129659, 0.0212403, 0.095786, 0.0169754, 0.0183141, 0.0183137, 0.013271, 0.0117939, 0.0244102, 0.0194221, 0.0205897, 0.0232092, 0.0308078, 0.0192944, 0.0206767, 0.022478, 0.0171862, 0.0299664, 0.0188486, 0.0366581, 0.0203562, 0.0165953, 0.021279, 0.0250582, 0.0131121, 0.0105998, 0.0104976, 0.0138129, 0.021537, 0.0231559, 0.0222784, 0.0208935, 0.0152875, 0.0229852, 0.0192961, 0.0120831, 0.0258817, 0.0216092, 0.0126693, 0.0194759, 0.0184039, 0.0151057, 0.0241136, 0.0152689, 0.0180599, 0.0166402, 0.0199569, 0.0205775, 0.018763, 0.0190367, 0.0123393, -0.00484472, -0.113048, -0.00192821, 0.00626166, 0.00483684, -0.000270072, 0.00924301, -0.00286446, -0.00555976, -0.00844778, -0.0191434, -0.0181104, 0.00184661, 0.00218568, 0.00540686, 0.0210783, -0.00966533, -0.000830264, -0.0356467, -0.0128148, 0.00251951, -0.00159045, 0.0117482, 0.00583359, 0.0100068, 0.0131103, 0.017668, 0.00932403, 0.0120998, -0.00162804, -0.0056368, 0.00896859, 0.0257377, 0.00110495, 0.00190918, -0.0142337, 0.00505082, 0.0202238, -0.0107723, 0.00312603, 0.00233377, 0.00205738, 0.0273873, -0.000128962, 0.00752427, -0.00585396, -0.0105918, 0.0140293, -0.00221014, 0.01026
# 0.000272887, -0.0152371, -0.00207387, 0.000896888, 3.98433e-05, 4.20405e-05, 0.00021696, 0.000107984, 0.000155174, 0.000209516, -0.000268275, 0.00584405, 0.0029809, -0.00759284, 0.0250624, 0.0169754, 0.0847355, 0.0199648, 0.0160497, 0.0122856, 0.0262183, 0.0310681, 0.043259, 0.0237324, 0.0316039, 0.0150298, 0.0238913, 0.0305233, 0.0195974, 0.0222454, 0.0242569, 0.0309095, 0.0070033, 0.0282163, 0.0243745, 0.0249325, 0.0143415, 0.0139679, 0.0137073, 0.0184535, 0.0202969, 0.0210073, 0.00902037, 0.0186895, 0.0290367, 0.0206684, 0.0115813, 0.0288014, 0.0204039, 0.0258343, 0.0161829, 0.0222253, 0.0242271, 0.0309999, 0.0250612, 0.0232344, 0.0175655, 0.0176148, 0.0260242, 0.0234706, 0.0246254, 0.0264656, 0.0263528, 0.0211042, 0.00720052, 0.00537671, -0.100647, 0.00889049, 0.00706364, 0.00940224, 0.00119883, -0.00771041, -0.0129484, 0.00186307, -0.00802617, -0.00692194, -0.0147749, -0.00341219, -0.0159978, 0.00424438, -0.0127761, -0.00687067, 0.0122964, -0.0173279, 0.00956143, 0.0151925, 0.0139807, 0.00968706, 0.00336836, 0.00527083, -0.0121936, 0.0154488, 0.0101788, 0.0169683, 0.0110872, -0.00357385, -0.000597621, 0.00234013, 0.00438266, -0.0169377, 0.0117751, 0.00395518, 0.0059687, -0.00878531, -0.00408903, -0.000778911, 0.00299242, 0.0277685, 0.00102687, 0.00745519, -0.00192778, 0.00380813, -0.0245692, 0.0132109
# -0.000414679, -0.0126199, 0.000291675, 0.000182158, 0.000115402, -9.12856e-05, 0.000348034, -0.00045481, -0.000208111, 0.000629442, -5.21687e-06, 0.00428141, -0.00517073, 0.0136642, 0.0223308, 0.0183141, 0.0199648, 0.089988, 0.00988348, 0.0140621, 0.0310735, 0.0245444, 0.0302141, 0.0203229, 0.0221898, 0.0147295, 0.0173886, 0.0221647, 0.0177007, 0.0202277, 0.0236635, 0.0302664, 0.0233323, 0.0167329, 0.019999, 0.0170981, 0.0167412, 0.014309, 0.00826987, 0.0116532, 0.0152513, 0.0136131, 0.0184808, 0.0173787, 0.0158791, 0.0111917, 0.00473842, 0.0201326, 0.0193284, 0.0165368, 0.0219774, 0.0220981, 0.022208, 0.0197398, 0.0215068, 0.0156317, 0.00132582, 0.0156106, 0.0176867, 0.0198564, 0.0257776, 0.0249216, 0.0146588, 0.0198964, -0.0137081, -0.00698793, 0.0154469, -0.121407, 0.0127612, -0.00172758, -0.00280803, 0.000894507, -0.00740668, 0.00950952, -0.00868415, 0.00791219, -0.0156241, -0.0205655, 0.0114723, 0.00354072, -0.00922386, -0.0154812, -0.0138058, -0.00468218, 0.00914934, 0.0143067, -0.0238366, -0.0100897, -0.0251978, 0.0118008, -0.0118538, 0.0114699, -0.0227815, -0.00172871, -0.0029919, 0.00939607, -0.00228151, 0.00919833, -0.0147657, 0.00243634, 0.00102827, -0.012246, -0.00802013, -0.00554157, -0.0231123, 0.00221725, 0.0202696, -0.00254042, 0.00400969, -0.0104333, -0.0187236, -0.0142536, -0.00712862, 0.00426396
# 0.000488732, -0.0099204, -0.0031162, 0.000364951, 2.95092e-05, 0.000283446, 0.000181543, -0.000138746, 0.000296923, 4.94136e-05, 0.000109792, -0.00845953, 0.00278454, -0.00836263, 0.0161813, 0.0183137, 0.0160497, 0.00988348, 0.0907008, 0.0203064, 0.0069312, 0.00493231, -0.00809347, 0.017792, 0.00840769, 0.0280811, 0.0259777, 0.0106409, 0.013929, 0.0217243, 0.0118675, 0.0053715, 0.0283995, 0.00761669, 0.00534824, 0.00741166, 0.0191372, 0.0182732, 0.024929, 0.0148033, 0.0156289, 0.0184094, 0.015563, 0.0276411, 0.0154673, 0.0230555, 0.0248551, 0.0181879, 0.00814069, 0.0099179, 0.0127323, 0.019355, 0.00911414, 0.00466219, 0.0231369, 0.0147341, 0.0139112, 0.0142406, 0.00821799, 0.0118657, 0.00992369, 0.019622, 0.0110814, 0.0119939, -0.00419397, -0.00225882, 0.00838453, -0.00484495, -0.0995802, -0.00260222, -0.00508372, 0.0020451, 0.00956295, -0.00590695, 0.00542175, -0.0103828, -0.014147, -0.00499395, 0.00141992, -0.00861402, 0.0145529, 0.00497124, 0.00952903, 0.0126171, -0.0123576, 0.00183143, 0.00790625, 0.0132592, -0.00262873, -0.00132532, 0.0141519, 0.00999766, 0.024688, -0.00430075, 0.00571163, -0.00420958, 0.0111522, 0.00893957, 0.00904061, 0.00408831, 0.0220656, 0.0030729, 0.00329781, 0.0058804, -0.000709654, 0.0164138, 0.0193601, 0.0141485, 0.0158165, -0.00307498, 0.0100973, -0.00386596, -8.85159e-05, 0.00238877
# 0.000260607, -0.0114232, -0.0019826, 0.000316017, 1.9593e-05, 2.04865e-05, 0.000195052, 0.000220278, 0.000151635, 0.000324597, 0.000440332, -0.00393943, -0.0122622, 0.00290492, 0.0208142, 0.013271, 0.0122856, 0.0140621, 0.0203064, 0.110739, 0.012021, 0.0125922, 0.00562844, 0.019509, 0.0153053, 0.0279121, 0.0177879, 0.0126869, 0.0161168, 0.0104751, 0.0224138, 0.0220968, 0.0236456, 0.0218497, 0.0137373, 0.00732085, 0.0230603, 0.011842, 0.0233551, 0.00782185, 0.019759, 0.0161844, 0.0171054, 0.0226379, 0.0174853, 0.0217624, 0.0240297, 0.0202663, 0.0165511, 0.0117284, 0.0151305, 0.0190988, 0.0138744, 0.0103431, 0.0150637, 0.0156324, 0.0103663, 0.0173878, 0.0113829, 0.0137029, 0.0182447, 0.0157944, 0.014242, 0.0252115, -0.00259925, 0.0274568, 0.0120722, 0.00154401, -0.00983764, -0.160975, 0.00589292, -0.00551536, -0.00183658, 0.0103907, 0.00244941, -0.00676965, -0.000747688, -0.00984619, -0.00603972, 0.0153135, 0.00444118, -0.0127765, -0.0167191, 0.000386452, 0.00345228, 0.00873463, -0.0010701, 0.0142135, 0.00693218, 0.0148369, -0.000578652, 0.0106615, 0.016031, -0.00444828, -0.00693939, 0.0146018, 0.00271271, 0.00866568, 0.00318932, -0.00558679, 0.0190227, 0.00773494, 0.00187242, 0.0035036, 0.0056563, 0.00361966, 0.0234877, 0.00350725, 0.0118047, 0.00416833, -0.00451798, 0.0107537, 0.00410547, -0.00170741
# -0.000813568, -0.0120072, -0.00157684, 0.000450937, 0.000440253, 1.04558e-05, 0.000393408, -0.00024509, -0.000306346, -0.000124411, -0.000496213, 0.0178751, -0.00486082, 0.0250898, 0.0281553, 0.0117939, 0.0262183, 0.0310735, 0.0069312, 0.012021, 0.105806, 0.0379303, 0.0605389, 0.0293854, 0.0375945, 0.000680156, 0.00963071, 0.0314531, 0.0126064, 0.00691064, 0.023642, 0.0330692, -0.0174993, 0.0257062, 0.0347944, 0.031465, -0.000775898, -0.00234683, -0.00371446, 0.00659776, 0.0166255, 0.014824, -0.00590866, 0.0147268, 0.0257813, -0.00167347, -0.00998091, 0.0241408, 0.0202883, 0.0260549, 0.0122597, 0.0240721, 0.0338604, 0.0270388, 0.0171704, 0.0168922, 0.00221606, 0.0183673, 0.0232337, 0.0280125, 0.0330085, 0.0228253, 0.018285, 0.0211968, -0.00300609, 0.00937442, 0.00621927, -0.0116379, -0.000387552, 0.00946403, -0.112083, 0.00822556, 0.0042142, -0.0104309, -0.00598175, -0.00896139, -0.00495907, 0.00429072, -0.013636, 0.00942641, -0.01717, 0.0124624, -0.0291559, -0.00847739, 0.0126839, 0.0189717, -0.00483249, 0.00151915, -0.0237293, -0.0034693, -0.0182028, 0.0070388, -0.00340465, -0.00715568, 0.0182693, 0.00403595, -0.00669507, 0.00406175, 0.00934387, -0.00976192, 0.0164804, 0.0107355, -0.00976907, 0.00327656, -0.00420534, 0.0188891, 0.0131495, 0.00128701, 0.00329995, -0.00532675, -0.0285917, 0.0109174, 0.00768502, 0.0106678
# 0.000266306, -0.0144933, -0.00231264, 9.33611e-05, 0.000264292, -8.06744e-05, 0.000611385, 0.00017833, -0.000620346, -4.48312e-05, 0.000285835, 0.01686, 0.00904586, -0.0117366, 0.0276492, 0.0244102, 0.0310681, 0.0245444, 0.00493231, 0.0125922, 0.0379303, 0.0982864, 0.0635828, 0.0193957, 0.043721, 0.0144706, 0.0186626, 0.040964, 0.0127449, 0.0158872, 0.0196068, 0.027714, -0.00356678, 0.0244316, 0.0286782, 0.0389989, 0.00422921, 0.00175201, -0.00426411, 0.0218941, 0.0151666, 0.0209887, 0.00685653, 0.0174541, 0.02188, 0.00153613, 0.00253766, 0.0318352, 0.0169208, 0.0297404, 0.0161511, 0.0201588, 0.0299351, 0.0337988, 0.0211031, 0.0233888, -0.000936428, 0.0201853, 0.024082, 0.0310443, 0.0223175, 0.0238077, 0.0263185, 0.00961774, -0.00409922, 0.00644776, -0.0078299, 0.016634, 0.0208783, -0.00262091, 0.00441892, -0.0854135, -0.00889838, 0.0137026, -0.0100307, -0.010048, 0.00237759, -0.00105425, -0.000976159, 0.00594099, -0.0018356, 0.00688131, -0.00508473, -0.00303744, 0.0185906, 0.0123123, 0.017878, -0.00667963, -0.0148977, -0.000664129, -0.0184205, -0.00549478, -0.0136117, 0.0119388, -0.000432724, -0.00123663, 0.00996568, -0.00753538, 0.0169825, -0.0192761, 0.00474157, -0.00173873, 0.000367907, 0.00308868, -0.00822779, 0.0106229, 0.0178855, 0.0118352, -2.69129e-05, -0.00036208, 0.00146545, 0.0108109, -0.00209139, 0.0231731
# -0.00026248, -0.0151154, -0.00243356, 0.000426529, 0.000134294, -0.000358623, 0.000300873, -0.000430794, -0.000122171, -9.96465e-05, -0.000766576, 0.0316716, 0.00939794, -0.0127224, 0.0327445, 0.0194221, 0.043259, 0.0302141, -0.00809347, 0.00562844, 0.0605389, 0.0635828, 0.146206, 0.0262037, 0.0603505, 0.00133627, 0.012284, 0.0535312, 0.0137953, 0.0125977, 0.0276219, 0.0453825, -0.0133579, 0.0275418, 0.0498313, 0.0565528, -0.0118841, -0.0217181, -0.00440079, 0.0086159, 0.00756085, 0.0162331, -0.00671969, 0.00227212, 0.0392218, -0.00957371, -0.0251707, 0.0337853, 0.0265189, 0.0404525, 0.0100237, 0.0176962, 0.0466624, 0.0421243, 0.0217094, 0.0257891, -0.0205783, 0.0201092, 0.0196307, 0.0434503, 0.0304086, 0.0306803, 0.0301186, 0.0246504, 8.30221e-05, -0.00536466, -0.0105686, 0.020183, 0.0209713, -0.00672289, -0.014233, -0.0108184, -0.101121, 0.00369562, -0.0225641, -0.00208489, 0.0116555, 0.00598679, -0.0316617, 0.0131551, -0.0226473, 0.00105401, -0.0233033, -0.00111335, 0.00756701, 0.000805925, 0.0104867, 0.0103359, -0.00867944, -0.0012012, -0.00325829, 0.00122136, -0.0188409, 0.0260292, 0.00378838, 0.014801, 0.0120382, -0.0176643, 0.00898418, -0.024047, 0.00854797, 0.0141545, -0.0132778, -0.00188525, -0.0033993, 0.00669271, 0.0353557, 0.0092884, 0.0101429, -0.00096209, -0.00425369, 0.0122172, -0.0154084, 0.00836359
# -0.000529243, -0.0145033, -0.00286317, 0.000123167, -0.000606781, -0.000505277, 0.000357501, 0.000268427, -0.000359551, -8.09595e-05, 7.32862e-05, -0.000420604, -0.00746111, 0.0153487, 0.0257605, 0.0205897, 0.0237324, 0.0203229, 0.017792, 0.019509, 0.0293854, 0.0193957, 0.0262037, 0.122418, 0.0223711, 0.0234688, 0.0167355, 0.0205901, 0.0306555, 0.0234051, 0.0328519, 0.0315821, 0.0292739, 0.0253258, 0.0319977, 0.0183345, 0.0208211, 0.0230224, 0.0337105, 0.0189163, 0.0255035, 0.0216129, 0.0231372, 0.0199713, 0.0280485, 0.0225083, 0.0180867, 0.0249103, 0.0225048, 0.0249005, 0.0190285, 0.0237694, 0.0279976, 0.0170074, 0.0190727, 0.0156657, 0.0269009, 0.0220923, 0.020755, 0.0120372, 0.0212072, 0.0259331, 0.020247, 0.0264633, 0.0066968, 0.0045811, -0.0106454, 0.020852, 0.00110853, 0.00352105, -0.00182251, 0.0203244, -0.00725756, -0.167076, 0.00354341, 0.00296744, 9.98203e-05, 0.00437681, -0.00975625, 0.00899037, -0.00102041, -0.0239867, -0.0277858, -0.0187397, -0.033251, 0.012083, 0.00943502, 0.0200749, -0.00843885, -0.00227139, -0.0131048, 0.00702031, -0.00461394, 0.00390121, 0.00184542, 0.00429993, 0.00341323, 0.0044492, -0.00975273, -0.0238224, 0.0120239, 0.00718014, -0.0016677, 0.0145581, 0.00364366, 0.0107765, 0.0125407, -0.00622541, -0.00328655, 0.0115705, 0.00689309, -0.000276973, -0.000280714, -0.0110566
# -0.00057499, -0.0138811, -0.00398295, 0.000423238, -0.000355107, -2.97432e-05, 0.000124593, 0.000571541, 0.000587879, 0.000166769, 6.13449e-05, 0.0152304, 0.00651679, -0.00652902, 0.0230938, 0.0232092, 0.0316039, 0.0221898, 0.00840769, 0.0153053, 0.0375945, 0.043721, 0.0603505, 0.0223711, 0.0989789, 0.0184325, 0.0300464, 0.0394901, 0.0112793, 0.0181193, 0.0236791, 0.03053, -0.00912665, 0.0238015, 0.0306724, 0.0365991, 0.00509219, -0.000992298, 0.00606649, 0.0111295, 0.0173897, 0.0168283, 0.00570221, 0.0158054, 0.0301318, 0.00860873, 0.000391096, 0.0273575, 0.019079, 0.0311677, 0.0101597, 0.019191, 0.0320164, 0.0277759, 0.0223326, 0.0208513, 0.00374331, 0.0148518, 0.0238502, 0.0330988, 0.0268419, 0.0276639, 0.0229515, 0.0166974, 0.00358688, -0.00626069, 0.0111941, 0.0180712, 0.00717871, -0.00230845, 0.00673747, 0.00365866, -0.0146563, 0.00087913, -0.101023, -0.0166054, -0.0118749, -0.00200637, 0.0103919, 0.00508923, -0.00299573, 0.0117998, 0.00521281, 0.00282216, 0.0091713, 0.0142957, 0.0200896, 0.00201036, -0.00477252, 0.00604745, -0.0122294, 0.00374816, 0.00261393, 0.00908175, -0.0159426, 0.000649918, 0.00470542, 0.00779156, 0.0145198, -0.0137475, 0.0173155, 0.00623964, 0.00275817, 0.00830798, 0.0112592, 0.0160009, 0.0150748, 0.0221435, 0.0047379, 0.00034854, -0.00828548, 0.00187977, 0.00539202, 0.00578216
# 0.000336037, -0.0154617, -0.00197, -0.000334788, 0.000275431, 0.000811057, 0.000319181, 0.000612283, -0.00074132, 0.000188282, 3.62912e-05, -0.00965583, -0.000504436, -0.014999, 0.0190389, 0.0308078, 0.0150298, 0.0147295, 0.0280811, 0.0279121, 0.000680156, 0.0144706, 0.00133627, 0.0234688, 0.0184325, 0.132335, 0.0197003, 0.0127663, 0.0322253, 0.0237972, 0.0244372, 0.0125438, 0.0418301, 0.0105134, 0.012353, 0.0123816, 0.0368096, 0.0295389, 0.0379864, 0.030465, 0.0148906, 0.028269, 0.0221557, 0.0274788, 0.0188843, 0.0267687, 0.0318918, 0.0203728, 0.0119149, 0.0190105, 0.0194498, 0.0173595, 0.013422, 0.00847275, 0.0215235, 0.0247764, 0.0313788, 0.0230094, 0.0288603, 0.00879317, 0.0100473, 0.0248854, 0.0190443, 0.0133407, -0.00174501, -0.00780332, 0.00341641, 0.021461, 0.0165263, -0.0100294, 0.0192247, -0.00225907, -0.0104898, -0.00489392, -0.0107331, -0.150629, 0.00234672, -0.015023, -0.00711834, -0.00204516, -0.0034536, -0.00135316, 0.0033218, 0.0129952, -0.0147168, -0.00335959, 0.0196387, 0.0148051, 0.00464771, -0.000917302, 0.00717689, 0.0187827, 0.0259396, 0.00566219, -0.0172121, -0.00423473, 0.0104242, 0.00841328, 0.00564819, -0.0158788, 0.0273843, 0.012858, 0.00713902, 0.00736846, -0.00173177, 0.0244669, 0.0122334, 0.000725241, 0.00166967, -0.00928753, 0.00663087, -0.00208543, 0.00185473, 0.0113004
