# stan_version_major = 2
# stan_version_minor = 37
# stan_version_patch = 0
# model = survival_model
# start_datetime = 2026-03-12 18:16:36 UTC
# method = sample (Default)
#   sample
#     num_samples = 2000
#     num_warmup = 1000 (Default)
#     save_warmup = false (Default)
#     thin = 1 (Default)
#     adapt
#       engaged = true (Default)
#       gamma = 0.05 (Default)
#       delta = 0.8 (Default)
#       kappa = 0.75 (Default)
#       t0 = 10 (Default)
#       init_buffer = 75 (Default)
#       term_buffer = 50 (Default)
#       window = 25 (Default)
#       save_metric = false (Default)
#     algorithm = hmc (Default)
#       hmc
#         engine = nuts (Default)
#           nuts
#             max_depth = 10 (Default)
#         metric = dense_e
#         metric_file =  (Default)
#         stepsize = 1 (Default)
#         stepsize_jitter = 0 (Default)
#     num_chains = 1 (Default)
# id = 2
# data
#   file = /Users/dansprague/Documents/PhaseSkate/benchmarks/scaling/data/data_H10.json
# init = 2 (Default)
# random
#   seed = 42
# output
#   file = /Users/dansprague/Documents/PhaseSkate/benchmarks/scaling/stan_output/survival-20260312141636_2.csv
#   diagnostic_file =  (Default)
#   refresh = 100 (Default)
#   sig_figs = 8 (Default)
#   profile_file = profile.csv (Default)
#   save_cmdstan_config = false (Default)
# num_threads = 1 (Default)
# stanc_version = stanc3 v2.37.0
# stancflags = --filename-in-msg=survival.stan
lp__,accept_stat__,stepsize__,treedepth__,n_leapfrog__,divergent__,energy__,log_alpha,beta_0,trt_effect,beta.1,beta.2,beta.3,beta.4,beta.5,beta.6,beta.7,beta.8,log_sigma_int,log_sigma_slope,rho,z_int.1,z_int.2,z_int.3,z_int.4,z_int.5,z_int.6,z_int.7,z_int.8,z_int.9,z_int.10,z_slope.1,z_slope.2,z_slope.3,z_slope.4,z_slope.5,z_slope.6,z_slope.7,z_slope.8,z_slope.9,z_slope.10
# Adaptation terminated
# Step size = 0.250571
# Elements of inverse mass matrix:
# 0.00228174, -0.00104585, 0.000654729, -0.000502466, 0.000269168, -0.000131626, 0.000115139, -0.000308297, -9.13298e-05, -0.000187153, 9.45886e-05, -0.000288451, -0.000820339, 0.000144011, 0.00101288, 0.00226304, 2.24607e-05, -0.000620904, 0.00228324, 0.00229295, -0.000627427, -0.00061369, 0.00246725, 0.00140802, -0.00342271, 0.000357284, 0.00569583, 0.00120179, -0.00285585, -0.00270284, -0.00301552, 0.00153284, 0.000137503, 0.00124631
# -0.00104585, 0.0323946, -0.00121881, 0.000510021, -0.00128985, 0.000598678, 0.000713546, 0.000289915, 6.12572e-05, 0.000484425, -8.1373e-05, 0.0016324, -0.00560024, 0.00126595, -0.0521576, -0.05144, -0.0591848, -0.053531, -0.0577579, -0.0484737, -0.0565377, -0.0520913, -0.058451, -0.0504051, 0.0054935, -0.0106748, 0.000987153, -0.0113592, 0.00280172, -0.0041878, 0.0117928, 0.00423923, 0.00255598, -0.0172931
# 0.000654729, -0.00121881, 0.0128612, -0.000590712, 0.00018799, -0.000374825, -0.000769653, 0.000195689, 0.000700763, -0.000643777, 0.000182826, -0.000450824, 0.00839779, -0.00119221, -0.00297109, -0.0067445, -0.00695238, -0.00172759, -0.00350482, -0.00699475, -0.00198953, -0.0030518, -0.00615459, -0.00885219, -0.0204761, -0.012666, -0.0200632, -0.0337621, -0.00935014, -0.00783373, -0.0196522, -0.0271721, -0.0168419, -0.0105749
# -0.000502466, 0.000510021, -0.000590712, 0.00251147, -0.000199746, 0.000422307, -0.000449216, -2.719e-05, 0.000237247, 0.000323969, -0.000155762, 0.000304354, -0.00111941, 0.00371597, -0.001243, 0.000632566, 0.00146453, -0.000902148, -0.00267871, -0.00106255, -0.000494113, 0.00132835, 0.000774152, -0.000671064, 0.00331668, 0.00157499, -0.0035689, -0.00207193, 0.00257445, 0.00152855, 0.00465603, 0.00420942, -0.00125761, 0.00239637
# 0.000269168, -0.00128985, 0.00018799, -0.000199746, 0.00215211, -5.12039e-05, 0.000165725, -6.0219e-05, -3.83406e-05, 0.000111151, 0.000266213, 0.00030775, 0.000781869, -0.00545909, 0.00279945, 0.00201833, 0.00342764, -0.000569059, -1.69366e-06, 0.00197403, -0.00100989, 0.00369825, 0.00127387, 8.71692e-05, -0.00597343, -0.000419592, -0.000136855, 0.00279338, -0.000868422, -0.00333295, -0.00264879, -0.00342207, -0.00375463, 0.00186248
# -0.000131626, 0.000598678, -0.000374825, 0.000422307, -5.12039e-05, 0.00189717, -0.000212711, 5.19051e-05, 9.27366e-05, 0.00032931, 6.26397e-05, 6.42161e-05, 7.66175e-05, 0.00148289, 0.00188832, -0.000566996, -0.00122304, 0.00237486, -0.000947544, -0.000141425, -0.000134658, -0.000398595, -0.00256445, 0.00164043, -0.000787013, 0.00198277, 0.00178945, 0.00119201, 1.64368e-05, 0.000747692, 0.00326719, 0.00233346, 0.000939218, -0.00244158
# 0.000115139, 0.000713546, -0.000769653, -0.000449216, 0.000165725, -0.000212711, 0.00216869, -0.000241032, -4.1847e-05, -0.000256215, -6.38226e-05, 0.000444634, -0.00327651, 0.00159413, -0.00039177, -0.00165721, -0.00129661, -0.00188389, -0.00260421, -0.000319641, -0.00204102, -0.000538781, -0.000212233, -0.001887, -0.000744336, 0.000464158, 0.00094736, 0.00242596, -0.00110423, -0.000939448, 1.50604e-05, -0.00205945, -0.000864543, 0.000109031
# -0.000308297, 0.000289915, 0.000195689, -2.719e-05, -6.0219e-05, 5.19051e-05, -0.000241032, 0.00244829, -0.000165726, -8.35417e-05, -0.000178346, 0.000266934, 0.00139159, -2.46597e-05, -0.0012277, 0.00265225, 0.0013496, 0.000536958, 0.00109822, -0.000416222, 0.000375212, 4.6746e-05, 0.000678392, -0.00207966, 0.00545608, -0.00646634, -0.00160466, -0.00161906, -0.00489478, -0.00147044, -1.65975e-05, 8.77163e-05, -0.00335361, 0.00307828
# -9.13298e-05, 6.12572e-05, 0.000700763, 0.000237247, -3.83406e-05, 9.27366e-05, -4.1847e-05, -0.000165726, 0.00228319, -0.000164472, -0.000117568, -0.00064565, 0.000564918, 0.00228232, -0.00223114, -0.00225651, -0.00110147, 0.000415828, -0.000314222, -0.000841699, -0.00241265, 0.00163212, -9.25511e-05, -0.000268291, 0.00223389, 0.00483157, -0.000157756, -0.00505962, -0.0046563, -0.00462435, 0.00143726, -0.00233089, 0.00115963, 0.0014024
# -0.000187153, 0.000484425, -0.000643777, 0.000323969, 0.000111151, 0.00032931, -0.000256215, -8.35417e-05, -0.000164472, 0.002117, 0.000259016, -9.56137e-05, 0.000159375, -8.0845e-05, -0.00133044, -0.00100932, 0.00198598, 0.000764736, -0.00115819, 0.000456058, -0.000936987, -0.000258062, 0.000832509, 0.00146557, 0.0014232, -0.000409482, -0.00421228, 0.00483753, -0.00425397, -3.17887e-05, 0.00141897, 0.00306469, -0.00376376, -0.00141362
# 9.45886e-05, -8.1373e-05, 0.000182826, -0.000155762, 0.000266213, 6.26397e-05, -6.38226e-05, -0.000178346, -0.000117568, 0.000259016, 0.00242538, 4.38904e-05, 4.25132e-05, -0.00241185, 0.00277199, 0.000404309, -0.00312902, 0.00144601, -0.00264247, 0.00283998, -0.000396888, 0.00114474, 0.00233435, 0.000226121, -0.00170249, -0.000255509, 0.00241911, 0.00124984, 0.000277132, -0.00467184, -0.00270082, -0.00312381, -0.00421456, -0.00256498
# -0.000288451, 0.0016324, -0.000450824, 0.000304354, 0.00030775, 6.42161e-05, 0.000444634, 0.000266934, -0.00064565, -9.56137e-05, 4.38904e-05, 0.0640284, -0.0117205, -0.0559561, 0.0283883, -0.0265834, -0.0336881, 0.00545025, -0.0539166, -0.0544266, 0.0371446, 0.0605233, 0.00045478, -0.00932114, 0.00301954, -0.0301459, 0.0150603, -0.0022921, 0.00723266, -0.0353034, 0.00171817, 0.00317709, 0.00647692, -0.00787166
# -0.000820339, -0.00560024, 0.00839779, -0.00111941, 0.000781869, 7.66175e-05, -0.00327651, 0.00139159, 0.000564918, 0.000159375, 4.25132e-05, -0.0117205, 0.213053, -0.0533738, 0.00288306, 0.019493, -0.0592152, 0.0138579, 0.0262583, -0.00227493, 0.0461429, 0.0447225, 0.00798233, -0.00407423, 0.00364518, -0.0226862, 0.0194308, -0.00934278, -0.055033, 0.00817381, -0.0658413, -0.0358055, -0.00097405, 0.011819
# 0.000144011, 0.00126595, -0.00119221, 0.00371597, -0.00545909, 0.00148289, 0.00159413, -2.46597e-05, 0.00228232, -8.0845e-05, -0.00241185, -0.0559561, -0.0533738, 0.894882, 0.0144431, -0.0369324, 0.10202, -0.00488285, -0.037466, -0.0322226, -0.0656375, -0.0420455, 0.0302728, 0.0137577, 0.0569553, 0.0521025, -0.134037, 0.0773903, -0.0187639, -0.018384, 0.145531, 0.137056, -0.0192021, -0.0480059
# 0.00101288, -0.0521576, -0.00297109, -0.001243, 0.00279945, 0.00188832, -0.00039177, -0.0012277, -0.00223114, -0.00133044, 0.00277199, 0.0283883, 0.00288306, 0.0144431, 0.218548, 0.0777299, 0.0911917, 0.101961, 0.0489604, 0.0555113, 0.114073, 0.120013, 0.107218, 0.083049, -0.121247, -0.00955045, 0.00502571, 0.0221702, 0.00252312, 0.00927349, -0.0124715, 0.0107904, 0.00114866, 0.0264201
# 0.00226304, -0.05144, -0.0067445, 0.000632566, 0.00201833, -0.000566996, -0.00165721, 0.00265225, -0.00225651, -0.00100932, 0.000404309, -0.0265834, 0.019493, -0.0369324, 0.0777299, 0.235538, 0.111474, 0.0892573, 0.133921, 0.104783, 0.0973936, 0.0747998, 0.102028, 0.0881026, -0.00423149, -0.103345, 0.0188863, 0.0326, 0.0140672, 0.0286748, -0.0569333, -0.00186562, 0.0144617, 0.037429
# 2.24607e-05, -0.0591848, -0.00695238, 0.00146453, 0.00342764, -0.00122304, -0.00129661, 0.0013496, -0.00110147, 0.00198598, -0.00312902, -0.0336881, -0.0592152, 0.10202, 0.0911917, 0.111474, 0.29703, 0.0998777, 0.1319, 0.112924, 0.0665884, 0.0533033, 0.114294, 0.102714, -0.00604893, 0.0351551, -0.199761, 0.0328429, -0.0112283, 0.0239378, 0.0134058, 0.0293246, 0.00263673, 0.0561777
# -0.000620904, -0.053531, -0.00172759, -0.000902148, -0.000569059, 0.00237486, -0.00188389, 0.000536958, 0.000415828, 0.000764736, 0.00144601, 0.00545025, 0.0138579, -0.00488285, 0.101961, 0.0892573, 0.0998777, 0.184338, 0.0909036, 0.0901923, 0.112753, 0.100867, 0.101587, 0.0859681, -0.0102125, 0.0230492, -0.00305681, -0.0738678, 0.0176013, -0.00724486, -0.00728455, -0.00241894, 0.00208838, 0.0218089
# 0.00228324, -0.0577579, -0.00350482, -0.00267871, -1.69366e-06, -0.000947544, -0.00260421, 0.00109822, -0.000314222, -0.00115819, -0.00264247, -0.0539166, 0.0262583, -0.037466, 0.0489604, 0.133921, 0.1319, 0.0909036, 0.272351, 0.142206, 0.0868757, 0.0403734, 0.1023, 0.108034, 0.0092787, 0.0426203, -0.0115319, 0.0290549, -0.100722, 0.0580665, -0.0289548, -0.0115037, -0.00389521, 0.0692584
# 0.00229295, -0.0484737, -0.00699475, -0.00106255, 0.00197403, -0.000141425, -0.000319641, -0.000416222, -0.000841699, 0.000456058, 0.00283998, -0.0544266, -0.00227493, -0.0322226, 0.0555113, 0.104783, 0.112924, 0.0901923, 0.142206, 0.268565, 0.0683924, 0.0292879, 0.0934578, 0.0989754, -0.0269717, 0.0696362, 0.0154055, 0.0311031, -0.0169034, -0.0705266, -0.00817098, -0.00892551, -0.00562362, 0.0417786
# -0.000627427, -0.0565377, -0.00198953, -0.000494113, -0.00100989, -0.000134658, -0.00204102, 0.000375212, -0.00241265, -0.000936987, -0.000396888, 0.0371446, 0.0461429, -0.0656375, 0.114073, 0.0973936, 0.0665884, 0.112753, 0.0868757, 0.0683924, 0.238592, 0.148713, 0.116257, 0.091014, 0.0195946, -0.0198012, 0.0348462, 0.00917417, 0.00072654, 0.00382412, -0.127779, -0.0214038, 0.012246, 0.0166761
# -0.00061369, -0.0520913, -0.0030518, 0.00132835, 0.00369825, -0.000398595, -0.000538781, 4.6746e-05, 0.00163212, -0.000258062, 0.00114474, 0.0605233, 0.0447225, -0.0420455, 0.120013, 0.0747998, 0.0533033, 0.100867, 0.0403734, 0.0292879, 0.148713, 0.254, 0.118478, 0.0696138, 0.00274547, -0.0231807, 0.00666604, 0.0234387, -0.016771, -0.0413649, -0.00481746, -0.106521, -0.00882023, 0.0370049
# 0.00246725, -0.058451, -0.00615459, 0.000774152, 0.00127387, -0.00256445, -0.000212233, 0.000678392, -9.25511e-05, 0.000832509, 0.00233435, 0.00045478, 0.00798233, 0.0302728, 0.107218, 0.102028, 0.114294, 0.101587, 0.1023, 0.0934578, 0.116257, 0.118478, 0.208695, 0.0988082, 0.00886975, 0.0225383, -0.00249515, 0.0437081, -0.0115821, 0.00720554, -0.019395, 0.0159986, -0.131158, 0.0146294
# 0.00140802, -0.0504051, -0.00885219, -0.000671064, 8.71692e-05, 0.00164043, -0.001887, -0.00207966, -0.000268291, 0.00146557, 0.000226121, -0.00932114, -0.00407423, 0.0137577, 0.083049, 0.0881026, 0.102714, 0.0859681, 0.108034, 0.0989754, 0.091014, 0.0696138, 0.0988082, 0.210835, 0.0162127, 0.0277954, 0.00914084, 0.0606138, 0.00540388, 0.0134031, 0.00926445, 0.0443409, 0.0259806, -0.145239
# -0.00342271, 0.0054935, -0.0204761, 0.00331668, -0.00597343, -0.000787013, -0.000744336, 0.00545608, 0.00223389, 0.0014232, -0.00170249, 0.00301954, 0.00364518, 0.0569553, -0.121247, -0.00423149, -0.00604893, -0.0102125, 0.0092787, -0.0269717, 0.0195946, 0.00274547, 0.00886975, 0.0162127, 0.646681, -0.00316851, 0.0790094, 0.0288723, -0.0326753, -0.0382131, 0.0628858, 0.0524231, 0.0129646, 0.015659
# 0.000357284, -0.0106748, -0.012666, 0.00157499, -0.000419592, 0.00198277, 0.000464158, -0.00646634, 0.00483157, -0.000409482, -0.000255509, -0.0301459, -0.0226862, 0.0521025, -0.00955045, -0.103345, 0.0351551, 0.0230492, 0.0426203, 0.0696362, -0.0198012, -0.0231807, 0.0225383, 0.0277954, -0.00316851, 0.635877, 0.039066, -0.0289652, -0.0243109, -0.00209382, 0.0617318, 0.0856032, 0.0413453, 0.0993213
# 0.00569583, 0.000987153, -0.0200632, -0.0035689, -0.000136855, 0.00178945, 0.00094736, -0.00160466, -0.000157756, -0.00421228, 0.00241911, 0.0150603, 0.0194308, -0.134037, 0.00502571, 0.0188863, -0.199761, -0.00305681, -0.0115319, 0.0154055, 0.0348462, 0.00666604, -0.00249515, 0.00914084, 0.0790094, 0.039066, 0.861737, 0.0716898, 0.0365431, -0.0306778, -0.0747055, 0.0232978, 0.0833016, 0.0394364
# 0.00120179, -0.0113592, -0.0337621, -0.00207193, 0.00279338, 0.00119201, 0.00242596, -0.00161906, -0.00505962, 0.00483753, 0.00124984, -0.0022921, -0.00934278, 0.0773903, 0.0221702, 0.0326, 0.0328429, -0.0738678, 0.0290549, 0.0311031, 0.00917417, 0.0234387, 0.0437081, 0.0606138, 0.0288723, -0.0289652, 0.0716898, 0.709164, -0.0149076, 0.0246593, 0.0117081, 0.0644363, 0.0604686, 0.0307076
# -0.00285585, 0.00280172, -0.00935014, 0.00257445, -0.000868422, 1.64368e-05, -0.00110423, -0.00489478, -0.0046563, -0.00425397, 0.000277132, 0.00723266, -0.055033, -0.0187639, 0.00252312, 0.0140672, -0.0112283, 0.0176013, -0.100722, -0.0169034, 0.00072654, -0.016771, -0.0115821, 0.00540388, -0.0326753, -0.0243109, 0.0365431, -0.0149076, 0.793018, 0.0410527, -0.0195059, 0.0837482, 0.0573954, -0.0542263
# -0.00270284, -0.0041878, -0.00783373, 0.00152855, -0.00333295, 0.000747692, -0.000939448, -0.00147044, -0.00462435, -3.17887e-05, -0.00467184, -0.0353034, 0.00817381, -0.018384, 0.00927349, 0.0286748, 0.0239378, -0.00724486, 0.0580665, -0.0705266, 0.00382412, -0.0413649, 0.00720554, 0.0134031, -0.0382131, -0.00209382, -0.0306778, 0.0246593, 0.0410527, 0.733384, -0.0253118, 0.015399, 0.0546515, 0.0166643
# -0.00301552, 0.0117928, -0.0196522, 0.00465603, -0.00264879, 0.00326719, 1.50604e-05, -1.65975e-05, 0.00143726, 0.00141897, -0.00270082, 0.00171817, -0.0658413, 0.145531, -0.0124715, -0.0569333, 0.0134058, -0.00728455, -0.0289548, -0.00817098, -0.127779, -0.00481746, -0.019395, 0.00926445, 0.0628858, 0.0617318, -0.0747055, 0.0117081, -0.0195059, -0.0253118, 0.672041, 0.108895, -0.00614885, 0.0392359
# 0.00153284, 0.00423923, -0.0271721, 0.00420942, -0.00342207, 0.00233346, -0.00205945, 8.77163e-05, -0.00233089, 0.00306469, -0.00312381, 0.00317709, -0.0358055, 0.137056, 0.0107904, -0.00186562, 0.0293246, -0.00241894, -0.0115037, -0.00892551, -0.0214038, -0.106521, 0.0159986, 0.0443409, 0.0524231, 0.0856032, 0.0232978, 0.0644363, 0.0837482, 0.015399, 0.108895, 0.620011, 0.0501664, -0.00670807
# 0.000137503, 0.00255598, -0.0168419, -0.00125761, -0.00375463, 0.000939218, -0.000864543, -0.00335361, 0.00115963, -0.00376376, -0.00421456, 0.00647692, -0.00097405, -0.0192021, 0.00114866, 0.0144617, 0.00263673, 0.00208838, -0.00389521, -0.00562362, 0.012246, -0.00882023, -0.131158, 0.0259806, 0.0129646, 0.0413453, 0.0833016, 0.0604686, 0.0573954, 0.0546515, -0.00614885, 0.0501664, 0.70383, 0.0452668
# 0.00124631, -0.0172931, -0.0105749, 0.00239637, 0.00186248, -0.00244158, 0.000109031, 0.00307828, 0.0014024, -0.00141362, -0.00256498, -0.00787166, 0.011819, -0.0480059, 0.0264201, 0.037429, 0.0561777, 0.0218089, 0.0692584, 0.0417786, 0.0166761, 0.0370049, 0.0146294, -0.145239, 0.015659, 0.0993213, 0.0394364, 0.0307076, -0.0542263, 0.0166643, 0.0392359, -0.00670807, 0.0452668, 0.743296
-649.87029,0.97633307,0.25057128,4,15,0,658.85725,0.44923094,2.3225066,-0.68545824,0.2430242,-0.46357109,0.200937,-0.11052727,0.33674416,-0.045501904,0.4503451,-0.20237776,-0.61237373,-1.3431245,-0.049430349,-0.86150652,0.85501991,0.19172905,-0.22604799,1.2513588,1.7722042,-0.34529648,-1.2957992,-0.011806626,-0.0013672495,0.90089156,-1.2688811,1.4398294,-0.071311772,-1.0780038,0.27021415,-1.66842,-1.4629239,-0.90080648,0.87413394
-657.61988,0.8887305,0.25057128,4,15,0,671.77918,0.44200267,2.3579129,-0.59195882,0.30492054,-0.44796402,0.21677224,-0.099682613,0.34910753,-0.11550233,0.33152054,-0.25962767,-0.63361882,-0.96248286,0.15698038,0.10833975,0.86515635,0.29282431,-0.11368209,0.075618862,1.5880165,-0.74020537,-1.4661781,-0.29976265,-0.13274011,-1.9699367,-0.76758343,0.86213882,-0.42183281,0.69349582,-0.97739308,-1.5045672,-0.14142186,-0.18788459,-0.38454107
-652.65276,0.86971189,0.25057128,4,15,0,672.70794,0.4201914,2.466299,-0.77021762,0.27609955,-0.42230356,0.20455328,-0.21365859,0.39588681,-0.07981885,0.47554858,-0.34495411,-0.99399232,-1.4360521,-0.0042228678,-0.80329189,0.58447268,0.046270981,-0.044357986,1.3953344,1.8695878,-1.1826487,-1.9737655,-0.76665413,0.046709183,-0.12144471,0.4512159,1.20174,-0.78193075,-0.8164903,0.049865763,-0.61979646,-1.7705113,-0.12802195,0.44139688
-653.97716,0.95041111,0.25057128,4,15,0,668.55112,0.43270861,2.2960974,-0.93929124,0.25767149,-0.37137735,0.23014137,-0.13659342,0.37218289,-0.098656924,0.3350058,-0.20410076,-0.87047417,-0.95800171,-0.0061073552,-0.59285679,1.0731117,0.62285592,-0.70348642,1.2327623,1.2948896,-1.0746342,-1.7262395,-0.055655481,0.0079341884,-0.12929067,0.043899931,0.64050687,-0.25499412,0.19672664,1.3003103,-0.47844475,0.33626469,0.87724828,1.2556367
-657.51715,0.95819432,0.25057128,4,15,0,669.2735,0.34468547,2.6703171,-0.98502191,0.21726082,-0.37940922,0.22302148,-0.044864495,0.37338874,-0.087993814,0.39026563,-0.17422034,-0.62850812,-1.3295335,-0.027805935,-1.2400798,1.0841445,-0.54481963,-0.64001178,0.24251644,1.2421526,-1.2445918,-1.6479476,-0.69071646,-0.79352894,0.23124641,-0.44417056,2.8169879,1.0477078,-0.13648707,0.60122175,0.49335218,-1.033629,0.12696125,0.30223624
-654.38098,0.95553589,0.25057128,4,15,0,672.28706,0.34525265,2.470993,-0.8954344,0.24203041,-0.35445009,0.22679016,-0.14033498,0.37691217,-0.12218215,0.42010949,-0.19065288,-0.31348023,-1.2472308,-0.58058178,-0.72575376,1.1608283,-0.14457189,-0.28612826,0.52801264,1.1263035,-0.35277563,-1.0637124,-0.4114136,-0.23161648,-0.014323529,-0.61040842,3.4434311,0.35111868,0.91564221,0.75062425,-0.26617774,-1.1072855,0.011604886,0.27999443
-654.84059,0.89663524,0.25057128,4,15,0,671.67938,0.44876111,2.4848122,-0.86299408,0.28636646,-0.37979931,0.19976941,-0.1477945,0.36627603,-0.067656018,0.41834869,-0.30462476,-1.1732963,-2.0285552,0.6566087,-0.94204588,0.33089272,0.9928141,-1.0867223,1.2006788,1.8069676,-2.0650849,-2.4519507,-0.27599963,0.10729627,0.11487426,-0.53294998,0.069736143,0.051331639,-0.88566151,0.81676557,0.031330595,-0.41013332,1.1894203,-0.32090229
-653.84246,0.90639452,0.25057128,4,15,0,677.84007,0.33360131,2.3953002,-0.78201261,0.25084972,-0.37326376,0.25455546,-0.15984317,0.36381779,-0.13278369,0.43360788,-0.25610764,-0.90570188,-1.7786229,0.43931648,-0.87892653,0.87817709,0.60512797,0.055355487,0.88814548,1.5874914,-0.64373521,-1.1684474,-0.06791301,0.11680905,0.060886088,0.2189883,0.58216212,0.1296755,0.15998041,-0.99746516,-1.7575405,-1.2900269,-1.2983996,0.91714274
-648.61067,0.96697996,0.25057128,4,15,0,672.59123,0.41659096,2.3038291,-0.92665802,0.28087035,-0.3754271,0.23206983,-0.14045889,0.37029402,-0.072247371,0.47058247,-0.19809977,-0.18916247,-1.6215609,0.16864106,-0.53519363,0.55157986,0.30120557,-0.080470044,1.0403699,1.4612768,-0.57194375,-0.58980146,0.01822487,0.39533008,0.99583436,-0.72631679,2.3074016,-0.53461896,-1.2813361,0.08631612,1.0269607,-1.0047614,-0.528307,-0.49018011
-657.73068,0.87221277,0.25057128,4,15,0,671.58351,0.40948544,2.2534858,-0.97233322,0.31666384,-0.3669214,0.27485907,-0.23699841,0.3335482,-0.068092225,0.40936051,-0.22219093,-0.36160182,-1.2646425,0.95667852,-0.10256917,0.82649576,0.79881643,0.031715916,0.8809942,0.92894578,-0.46855397,-0.74871055,0.14516064,0.27070344,0.41274702,-0.74814797,0.98120281,1.4287598,-0.6940756,1.0949178,1.557973,-1.1645862,-0.54392042,-0.9997983
-646.43931,0.9795405,0.25057128,4,15,0,668.23635,0.40899575,2.3513366,-0.83052191,0.24110379,-0.47076503,0.23479964,-0.10487679,0.41885518,-0.090720487,0.39233633,-0.23655754,-0.37695596,-1.2848103,0.26587686,-0.55002721,0.15685607,0.34892757,-0.15808807,0.83170642,1.4596271,-0.76956356,-0.85202096,0.089982371,0.16766575,0.098167201,1.0140896,1.4515755,-0.34688046,0.10404794,-0.58486714,-0.38654708,-0.39036565,-1.0930341,0.36984037
-657.16382,0.66488399,0.25057128,4,15,0,670.59571,0.37354886,2.3045954,-0.75934272,0.21385343,-0.28324019,0.24293686,-0.1480424,0.36787046,-0.063251812,0.39552285,-0.2483332,-1.0316089,-1.5525822,0.21494907,-0.8983833,1.6012916,0.56362654,-0.38932905,1.6040353,1.7960336,-0.41919871,-2.00463,-0.25096176,0.14020768,0.12491328,-0.68896679,1.6153196,0.14325537,-0.56756864,1.8301486,-0.63010235,-0.44208127,1.3426511,0.024764015
-659.71318,0.96914146,0.25057128,4,15,0,674.10561,0.40911992,2.3232505,-0.88866948,0.21391173,-0.30981479,0.24450226,-0.11074063,0.41050499,-0.035209112,0.39569859,-0.27605104,-1.0159702,-1.7274437,0.093298441,-1.0638141,1.3809693,0.6242399,0.27817557,1.7663348,2.4340024,-0.89961927,-2.4665057,-0.1564129,-0.17556754,1.5148633,-0.73159065,2.6714937,0.15809988,-0.8780879,0.92468073,-1.8630245,0.28557011,0.6001841,0.51663446
-651.20329,0.98716994,0.25057128,4,15,0,669.31547,0.39798413,2.4060101,-0.72565379,0.27640112,-0.41219745,0.24333766,-0.15782716,0.3674223,-0.17857999,0.43989196,-0.1908077,-0.97226206,-0.89155623,0.34194817,-1.1118883,0.50873408,0.3531437,0.1942944,1.5767841,1.6841652,-0.79270294,-1.9518148,-0.055631224,0.20123863,-0.31136757,0.077613429,0.22800076,-0.83334749,-0.16718695,-0.40440103,-0.051748122,-0.73144475,-0.43840942,-0.23641183
-654.05229,0.71358414,0.25057128,4,15,0,682.87295,0.40949597,2.3170764,-0.7649947,0.26624922,-0.39931889,0.222581,-0.16235302,0.3170051,-0.16045618,0.39206882,-0.19401161,-1.0359547,-0.7451398,0.50398058,-0.7629081,0.83873488,0.81520091,0.16431304,1.5280287,1.6077081,-0.20238235,-1.6857431,0.37909043,0.51926296,-0.3957156,-0.35755663,0.15094466,0.16233989,0.38774965,0.25331906,-1.1391089,-0.10802168,-1.0502176,-0.49964388
-654.44795,1,0.25057128,4,15,0,666.34036,0.3668569,2.2240453,-0.5809108,0.2561917,-0.35509611,0.27697827,-0.20334835,0.40756245,-0.0663649,0.50811921,-0.22423254,-0.87090118,-1.0170746,0.18843298,-0.59605573,0.88472699,0.76119399,0.037130258,1.2639511,2.2419038,-0.77400573,-0.24670503,-0.21744951,0.44978118,0.25688687,-0.34379862,0.3157087,-1.0852742,-1.6540769,-0.050113246,-1.1285221,-2.3987369,0.11714565,-0.052209016
-655.26931,0.85290944,0.25057128,4,15,0,672.11051,0.44172203,2.5472719,-0.75190298,0.21790233,-0.33844407,0.18772745,-0.15482162,0.36592371,-0.11471597,0.27200727,-0.30484701,-0.98296909,-1.2380974,-0.15897791,-1.0485479,-0.057364156,-0.40638768,-0.89568082,1.2861965,0.99591514,-1.554238,-1.9282871,-0.72534379,-0.29095988,-0.98752473,0.022883784,1.8535673,-0.075800209,-0.085832471,0.43983987,-1.6511696,-1.7036866,0.018603622,-0.44733152
-649.38122,0.977484,0.25057128,4,15,0,666.11277,0.4171815,2.2902345,-0.73664496,0.28696057,-0.39361755,0.20874856,-0.17685115,0.327251,-0.10119599,0.40011455,-0.29609749,-0.63233301,-1.00651,0.21357835,-0.55706698,0.42263623,0.62556568,0.10617429,1.8634888,1.1219329,-1.011036,-0.96114273,-0.37815102,0.088934542,0.36503795,0.15285367,0.59974567,-0.22257055,-1.4003496,0.015779755,0.67340689,-1.0937073,0.1387736,0.86822904
-651.24689,0.93040341,0.25057128,4,15,0,660.89744,0.4209994,2.4556538,-0.87592217,0.20917384,-0.37780569,0.27518795,-0.12252117,0.41400745,-0.07405092,0.43724068,-0.21031397,-0.80775747,-1.4583541,-0.10992342,-0.93525413,0.31635874,0.16368331,-0.45577112,0.55461998,1.9701792,-0.74497584,-1.8815435,-0.25961218,0.46117745,0.01021387,-0.017412044,2.4784533,0.57085153,0.78247962,0.42942243,-2.1995123,-0.47084738,0.97365128,-0.081001847
-647.52756,0.95006668,0.25057128,4,15,0,670.07121,0.38534704,2.2919426,-0.71827189,0.29936423,-0.4483649,0.21034779,-0.17424815,0.29517922,-0.083206168,0.3876802,-0.2999257,-0.45743846,-1.0442685,0.46576468,-0.61001959,0.56854249,0.21535282,0.054357486,1.3068159,1.1388319,-0.32296901,-0.48181818,0.023044896,0.26103631,0.84304896,-0.13506682,0.74485266,-0.72206489,-1.0484977,0.23441221,-0.279121,-1.7790793,-0.60968778,-0.20808531
-652.7141,0.91139193,0.25057128,4,15,0,665.33968,0.44021498,2.3128164,-0.75643066,0.32304613,-0.42187713,0.19337119,-0.10248399,0.29810306,-0.078508212,0.4611139,-0.2731079,-0.55755841,-1.1882629,0.40151648,-0.68788248,0.74361762,0.066449892,0.061905543,1.1743832,1.50345,-0.15692522,-0.40051795,-0.006622228,0.10848726,0.83969626,-1.1673583,1.7608761,-0.67045911,-1.3478646,0.8152233,-2.0537581,-1.8595672,-0.56699835,-0.18592142
-653.57027,0.7449307,0.25057128,4,15,0,670.27197,0.55608001,2.313783,-0.78741259,0.27661187,-0.42705325,0.17503265,-0.1084253,0.29863739,-0.057547776,0.38674245,-0.24055209,-0.71605334,-1.6240327,0.35103621,-0.98734118,0.6708651,0.25321857,-0.33438077,0.9845103,1.5841781,-0.41311015,-1.1177287,-0.26045546,0.14445552,1.4408283,-0.17887506,1.5763667,0.4609762,-0.22615259,0.69225711,-2.084821,-0.37740494,0.83450697,1.5226136
-653.97462,0.88992236,0.25057128,4,15,0,669.08351,0.32858571,2.5395296,-0.92183793,0.24022786,-0.30029638,0.26318233,-0.15324316,0.39565362,-0.10653504,0.38556936,-0.29245846,-0.57147512,-2.0372721,0.2359194,-0.81985873,0.20414113,0.8118285,-0.35793164,0.68325898,1.1485532,-1.4417545,-1.8331755,-0.51618633,-0.011146648,0.66051639,0.018416647,-0.54173547,0.57801837,0.087014544,-0.55225984,0.91942428,-0.32044695,-0.26779565,-0.43289759
-653.87596,0.93017279,0.25057128,4,15,0,674.76277,0.39227292,2.2268982,-0.75677687,0.33659257,-0.47928148,0.30931692,-0.15872028,0.37349666,-0.10077179,0.46387238,-0.2148432,-0.72245894,-1.1567315,-0.12933461,-0.73447002,1.4952218,0.35815424,0.043111604,1.3439594,1.6533476,-0.35700408,-0.72459964,0.091519221,0.50954027,-0.10943815,-1.1065659,2.142143,-0.39578288,1.3400205,1.2715351,-1.6111397,-0.92083547,-0.3428544,0.02586896
-656.7629,0.99446899,0.25057128,4,15,0,666.60245,0.3763905,2.225533,-0.74616531,0.34487597,-0.47851433,0.31282832,-0.18680621,0.3824206,-0.088922137,0.47927091,-0.21090385,-0.72696785,-1.1721808,-0.17431984,-0.86449925,1.5042809,0.40435238,0.044656794,1.471363,1.587537,-0.33108437,-0.66417511,0.093576995,0.55652225,0.16292047,-1.1751286,2.0134812,-0.42487444,1.544897,1.6475175,-1.6838247,-1.11378,-0.25165236,-0.01869783
-653.25711,0.94466387,0.25057128,4,15,0,676.88774,0.43898304,2.5058582,-0.62486369,0.19521812,-0.35849861,0.16166642,-0.14992334,0.33253372,-0.049763606,0.36111605,-0.28640879,-0.69332565,-1.6231998,0.29141891,-0.69497487,0.045765664,0.73467343,-0.74975357,0.79497218,1.2127157,-1.2827338,-1.8471167,-0.34027527,-0.31383636,-0.48009694,-0.35686088,-0.38278909,0.47332531,-2.0516778,-0.63200801,-0.69878418,-1.4163142,-0.34789452,0.0049206268
-649.86577,0.94338228,0.25057128,4,15,0,669.04384,0.43456547,2.3607672,-0.86234399,0.30072155,-0.39204813,0.25832361,-0.16908695,0.3859733,-0.13409887,0.41039321,-0.19608588,-0.43239412,-1.2741415,-0.32029396,-0.90101834,0.87613108,0.13958049,0.12316476,1.4225055,1.5131508,-0.57178171,-0.71602454,-0.1679547,0.17933064,1.6418386,0.41454438,1.6376698,-0.43376619,0.65250943,0.55884989,-0.83402806,-1.0744725,0.4442926,0.27396886
-658.17111,0.78680594,0.25057128,4,15,0,670.58372,0.37155983,2.4588307,-0.83390563,0.27692414,-0.34325206,0.18359965,-0.2207609,0.34564403,-0.098599639,0.39366354,-0.24392742,-1.1403852,-1.7699925,0.66784306,-1.4997034,0.5611959,0.85255795,-1.2307861,0.69530409,1.8178383,-1.5231153,-2.270239,-0.83446253,0.78276847,0.062642736,-1.3181369,0.74737221,1.0165141,-0.61069336,-0.014175258,0.55136016,-0.95533682,0.37677223,-1.3420896
-655.51528,0.95778018,0.25057128,4,15,0,671.82582,0.42132716,2.4180251,-0.85513934,0.24329341,-0.39277621,0.28871578,-0.064887329,0.43057712,-0.10221272,0.37333115,-0.29232448,-1.0320309,-1.4391455,0.75337448,-0.96821194,1.1967531,0.7344639,-0.24314528,0.75668076,2.5551612,-0.77066365,-1.6920284,-0.45387449,0.41297946,-0.95694568,-0.92211557,0.86344271,-0.15998437,0.06681053,-0.54875927,-0.64806218,0.026220967,0.55534819,0.90264994
-656.08989,0.95854813,0.25057128,4,15,0,670.28972,0.42181643,2.2462158,-0.78864085,0.18918087,-0.38996065,0.24262636,-0.1733127,0.29248483,-0.10857162,0.41225816,-0.26439218,-1.0513874,-1.4348299,0.25959222,-0.20834532,0.64196578,0.38945469,-0.65822267,1.7844625,1.8958536,-0.35505412,-1.6653035,-0.81981046,0.78340054,-0.53309453,-0.27229846,1.5994819,0.1253445,-1.2942418,0.0061938625,-0.7061777,0.43317177,0.73658836,-0.92332765
-659.23535,0.9855845,0.25057128,4,15,0,679.51688,0.31912849,2.5535978,-0.61042375,0.24268634,-0.45948377,0.24200532,-0.14023609,0.4243096,-0.11220103,0.39100855,-0.20658318,-0.67863745,-0.70476871,-0.24444513,-1.1921018,0.49744181,0.43216008,-0.27234426,0.99130958,0.57089119,-1.1541597,-0.34628291,0.011739691,0.23549518,-0.028025106,-0.6583076,0.15389498,-0.29568313,-0.98585014,0.6415379,-1.1429311,-2.9286081,-0.68755792,-0.13642565
-660.75177,0.93295533,0.25057128,5,31,0,681.86964,0.52363559,2.4528233,-0.78996594,0.21761968,-0.32543309,0.21515731,-0.13709572,0.2971253,-0.10081816,0.38493593,-0.28994472,-1.1633575,-1.0978207,0.332965,-0.85333197,-0.22503287,-0.76183192,-0.55656728,0.93956963,2.9461839,-1.5731473,-2.7707525,-0.83430316,-0.61746006,-0.53283433,0.30655252,2.2186713,0.27114111,-0.59190308,-0.71372325,-0.287666,0.82320048,0.56176404,1.4862642
-660.44328,0.62884543,0.25057128,5,31,0,679.11767,0.34987482,2.3538516,-1.035062,0.26464899,-0.41924031,0.2725858,-0.17019871,0.39204721,-0.034345957,0.51192641,-0.24905205,-1.1994169,-0.83596615,0.16169255,0.081857377,1.3290518,1.321079,-0.62126603,2.1915637,1.3788718,-0.50415299,-1.4096783,-0.27116209,0.30479069,-0.998875,0.92181301,1.4917183,1.0181736,-0.85446305,1.2502117,-0.87527874,-0.064240415,0.75327689,0.57200891
-659.43404,0.98542074,0.25057128,4,15,0,674.9404,0.34598221,2.4312728,-1.0281705,0.24928706,-0.42159504,0.2771528,-0.16602096,0.38805174,-0.030295483,0.50990488,-0.24831524,-1.2170583,-0.84021868,0.21255422,-0.1436737,0.95611573,1.3019416,-0.80717052,2.0556412,1.2918865,-0.83991568,-1.5249627,-0.38221945,0.26921535,-0.95678974,0.95553261,0.99289671,1.1686426,-0.85618782,1.2316298,-0.53536135,0.033113891,0.77586876,0.4262134
-657.47625,0.98752005,0.25057128,4,15,0,676.51563,0.41919821,2.2728224,-0.56882894,0.23061076,-0.4143653,0.23019388,-0.16603557,0.38904108,-0.12970296,0.41548261,-0.1019666,-0.72049011,-1.3535135,0.36333,0.051186051,1.2477672,0.29793964,-0.53288284,1.3472643,1.6829802,-0.69654145,-1.2963784,-0.4493571,0.13571955,-1.0103686,-1.8622721,0.62752929,-0.79579342,-1.3649502,-0.129412,-1.0807595,-1.1732096,-0.28532988,-1.090608
-656.14401,0.92966946,0.25057128,4,15,0,679.68636,0.36719106,2.4834817,-0.62927169,0.16272038,-0.35230632,0.27822364,-0.16305071,0.40056285,-0.11441257,0.39740421,-0.10279959,-0.96282543,-0.72199808,0.50473781,-0.31729616,0.63946183,0.45390465,-0.5543702,1.2144283,1.5205586,-1.0492656,-1.7330537,-0.57340371,0.026527145,-0.55236511,-1.1233071,-0.26127357,-0.012598468,-1.6592859,-0.36275454,-0.27868599,-0.46675059,-0.50868228,-0.94952739
-653.52622,0.92850007,0.25057128,4,15,0,680.21314,0.40414482,2.3879431,-0.61500128,0.16621586,-0.37181025,0.24025637,-0.13692031,0.37352141,-0.13425724,0.38381924,-0.14205594,-0.69567096,-0.7163754,0.54329344,-0.26722927,0.24585263,0.69346018,-0.37161496,1.3880084,1.0703551,-0.64209557,-1.4508183,-0.38106157,-0.091080566,-1.0197388,-0.12145114,0.0086930523,-0.17656599,-1.7690748,-0.88512685,0.042871419,-0.084125792,-0.31993964,0.14860649
-652.78413,0.84900558,0.25057128,4,15,0,667.82194,0.42894556,2.3563397,-0.97393891,0.30178454,-0.40729538,0.22765252,-0.15282387,0.31757523,-0.032540793,0.44106602,-0.30883998,-0.65940059,-1.2856323,-0.46131595,-1.1476318,0.78821733,-0.23193899,-0.32620442,0.94704096,2.2166876,-1.0033899,-0.95170567,-0.0095441162,0.20934802,0.85741383,0.3137499,2.5496461,-0.077643836,0.60436104,0.45645425,-0.58430648,-1.3332759,-0.52528355,1.3747778
-655.16789,0.93599551,0.25057128,4,15,0,668.26123,0.42025005,2.6578361,-0.73707851,0.21245166,-0.37671522,0.23990656,-0.16212752,0.43375974,-0.18936168,0.35533179,-0.21253004,-0.668349,-1.507718,0.49389565,-0.80671226,0.17868188,0.05556602,-0.58589278,0.36948475,0.36043447,-1.2946881,-1.9635334,-0.69646553,0.41879094,-0.30860666,0.076300721,0.86413046,-0.060553502,0.49519398,0.77609153,-0.41755682,-0.81830584,0.89007301,-1.6193388
-663.47676,0.85587757,0.25057128,4,15,0,686.66211,0.32241873,2.2978561,-0.93845854,0.24451106,-0.35713808,0.24061537,-0.049813218,0.36627201,-0.050001516,0.51254095,-0.25651584,-0.65694776,-2.3364571,0.32766621,-0.46530211,0.96626376,1.1137569,-0.044305805,1.7795347,2.3991681,-0.41393624,-0.58395851,0.1121754,0.017945621,-0.4120627,1.0331101,1.7071338,-0.10411033,-0.57479776,0.42784768,0.67098479,-0.44961789,1.3026843,0.32589412
-666.61857,0.99759717,0.25057128,4,15,0,681.45257,0.39702324,2.3079408,-0.60625992,0.23299092,-0.45794279,0.28450903,-0.23052506,0.36109874,-0.1421885,0.40665058,-0.30682149,-0.72967651,-2.586798,-0.12067262,-0.50762297,0.19888895,0.28916631,-0.30027814,1.1702745,1.1306976,-1.3179673,-1.691936,-0.56891001,0.43871323,0.36366528,-0.2743977,2.1047774,-1.5937972,0.39209333,-1.3047774,1.6329581,-0.97109273,0.9345745,-2.090401
-660.14706,0.96822042,0.25057128,4,15,0,684.68488,0.35752801,2.4341433,-0.54510049,0.26206598,-0.42535647,0.29041483,-0.18401592,0.38829254,-0.13068605,0.40379438,-0.27027433,-0.61601154,-2.1554736,-0.49097186,-0.70817446,0.011203185,0.056011347,-0.67895947,0.69706372,0.77327806,-1.2433644,-1.3899308,-0.75999222,-0.3214859,-1.0004207,0.0042059321,1.509491,-1.0880286,-1.0273895,0.021723255,0.46904849,-0.75197868,0.68008521,0.036028207
-659.45692,0.9979811,0.25057128,4,15,0,674.51843,0.45709274,2.5195455,-0.91063273,0.24351909,-0.34578687,0.17457192,-0.12449302,0.35974274,-0.051677333,0.42576217,-0.26241777,-1.0263684,-3.3674609,0.46861518,-1.7414539,0.5354122,0.86621914,-0.75708105,0.90817311,1.9173906,-1.4152907,-2.1963508,-0.57849574,0.19843818,-0.36552995,-1.4949582,2.1780996,-1.0028291,0.83164413,-0.32796267,-0.097853205,-0.95763903,0.041617762,-1.0094323
-654.41963,0.98359414,0.25057128,4,15,0,675.75589,0.39294696,2.2416852,-0.68161074,0.29644283,-0.42265671,0.29421311,-0.15657285,0.41463413,-0.080521489,0.414378,-0.26443181,-0.50646824,-1.5647398,0.61666488,0.35215568,0.50347055,0.65815566,-0.14781538,1.2587932,1.1744785,-0.74886545,-1.1737478,-0.051817729,0.53758562,-1.8119879,0.79700742,0.58807401,0.988056,-1.2625461,0.6625361,-0.28325032,-0.14365086,0.29271177,-0.39405335
-652.66918,0.95633736,0.25057128,4,15,0,668.58136,0.39720332,2.7229309,-0.95155068,0.1810022,-0.41501004,0.23280168,-0.12385449,0.37776188,-0.14784662,0.4188814,-0.23352966,-0.7285883,-1.3052804,0.064723504,-1.8230455,-0.0050969143,0.13675558,-0.53166309,0.68455217,1.376722,-1.203989,-1.6740641,-0.51113861,-0.49923751,1.11051,-0.17912296,1.5834977,-0.95659515,0.64144281,-0.20135647,-1.3037,-2.0697665,-0.65540684,0.57657481
-657.68032,0.82277462,0.25057128,4,15,0,675.69341,0.4244976,2.4193437,-0.76180642,0.2830904,-0.47599414,0.16678118,-0.14361823,0.40825663,-0.058398642,0.35807266,-0.29211473,-0.70673775,-1.3769694,-0.5743209,-0.60415141,0.47823595,0.27882276,-0.40770324,1.0063704,1.9845727,-1.1990913,-1.4880976,-0.56628327,-0.12052809,-2.0843013,0.3518893,0.683849,0.097079356,-0.5171388,0.099141551,-1.5515684,-1.4122513,0.76715985,1.1768473
-663.77,0.92478542,0.25057128,4,15,0,671.93842,0.42196445,2.2116567,-0.9339199,0.18544658,-0.2705396,0.28711514,-0.15531252,0.31963767,-0.097452029,0.45444469,-0.2092573,-1.1734295,-1.360694,0.7073855,-0.86375938,1.6141179,1.2439407,0.016248991,1.9885432,1.6981971,-0.35213439,-1.3127071,0.65417319,0.61681297,1.7087063,0.26444582,2.2869565,-0.26426517,-0.12568193,0.29562417,-0.33468002,-0.33655405,-0.97889487,-0.2171918
-671.73807,0.82962285,0.25057128,4,15,0,683.46485,0.36414699,2.445019,-0.81979732,0.281897,-0.49961976,0.25030106,-0.17662855,0.38562977,-0.10596525,0.3969371,-0.27410277,-0.86409356,-1.6739629,-0.75146883,-0.96310532,0.2668198,-0.20438697,-0.62822328,0.95751601,3.1256935,-1.5219014,-2.281577,-0.98672926,0.86897028,-1.6628632,-0.52874117,1.1304134,1.1488669,0.098160323,0.94992612,-0.57189295,0.030309505,1.8057689,-1.1367129
-670.44957,0.96498435,0.25057128,4,15,0,682.78289,0.40099667,2.1824652,-0.92665488,0.19035431,-0.28632452,0.25256188,-0.1325203,0.38819397,-0.11370564,0.43872296,-0.20111998,-1.1026658,-1.2912131,0.88705903,-0.33643167,1.5843132,1.6903165,0.073236995,1.825137,1.5444843,-0.14602027,-0.93451792,0.96380869,0.075081027,1.0704379,-0.11982615,1.3386246,-0.7830165,0.020494719,-0.88492505,-0.42725806,-1.750798,-2.1425103,1.669686
-670.62174,0.84481622,0.25057128,4,15,0,690.50171,0.39826641,2.2534782,-0.6491379,0.29745528,-0.4471084,0.2237814,-0.16934911,0.36561917,-0.11508996,0.36974689,-0.30970647,-1.0714903,-1.2491308,-0.078632163,-1.1462261,0.46069527,0.02061044,-0.27550692,0.99532613,2.2684834,-1.6535707,-1.9742475,-0.95900647,0.96799241,-0.86201887,-1.0871985,1.3502681,-0.32699769,-0.016690443,0.62541492,0.41501009,-0.047063802,1.9815851,-0.16403395
-663.40717,1,0.25057128,4,15,0,679.78191,0.39831955,2.2834974,-0.65162077,0.29245992,-0.43708813,0.21639519,-0.15062009,0.35627739,-0.11399259,0.36965323,-0.30064737,-1.0950441,-1.2953438,0.019787558,-1.1296289,0.40961943,0.052869393,-0.3393447,1.0430892,2.295643,-1.7079911,-2.0922705,-0.87828843,0.89177868,-0.90078146,-1.0123313,1.1571611,-0.14742572,-0.32583056,0.40773792,0.26745204,0.1146211,1.3128823,-0.23603052
-663.72755,0.99741235,0.25057128,4,15,0,680.81324,0.38269719,2.1947467,-0.9274915,0.17920853,-0.35726459,0.24142927,-0.15400476,0.38622689,-0.13455163,0.42167582,-0.25952885,-0.47302363,-2.043557,0.75886864,0.0086342156,1.3049628,1.2048073,0.29681536,1.4424686,1.5205262,-0.2758798,-0.75214331,0.80646765,0.29795418,0.72280735,0.44415682,0.4254931,-0.54910126,0.50328876,-1.4905644,-2.234866,-1.3348745,-0.63881848,1.4452056
-671.71469,0.79320724,0.25057128,4,15,0,687.22907,0.38025774,2.5876015,-0.82749554,0.32168189,-0.46912529,0.18761521,-0.1363568,0.37980692,-0.035297553,0.44316701,-0.28350501,-1.0255155,-1.9331947,-0.27756013,-1.3047231,-0.48895943,-0.48948439,-0.90489939,0.28326583,1.4300943,-1.9507886,-1.5257779,-1.621337,0.24787671,0.14183515,0.31693282,0.63051054,0.82460039,0.51314598,1.0692441,-0.59457391,-0.16948167,1.2315245,0.56937247
-667.9908,0.98084645,0.25057128,4,15,0,687.39658,0.41951951,2.2355562,-0.7351958,0.20932971,-0.32029987,0.27766039,-0.20179909,0.30298327,-0.075574819,0.38538173,-0.21596057,-1.5198261,-1.3999941,0.60430601,-0.323152,0.52444237,0.43325651,0.57453666,1.1077592,3.0570419,-1.8068304,-2.1818962,-0.65910102,0.85729177,-0.50768607,0.86111434,3.0578133,-0.35578372,-0.49122803,-0.7273798,-1.6212818,-1.0953377,-0.49367479,-0.1141219
-658.15953,0.99360049,0.25057128,4,15,0,681.51936,0.42078125,2.4968067,-0.76203348,0.23395485,-0.42493404,0.23829609,-0.14564596,0.36168862,-0.1446129,0.38159146,-0.31982291,-0.85128385,-2.1738879,0.02456033,-1.0783759,0.038449395,0.58865667,0.26858085,1.1914679,1.4378912,-1.6980232,-1.6564848,-1.148012,-0.18662761,0.087289117,0.1498267,0.84552074,-2.5572848,-0.39408918,0.5430039,-0.90812551,-0.44740943,0.37927943,-0.072056141
