# stan_version_major = 2
# stan_version_minor = 37
# stan_version_patch = 0
# model = survival_model
# start_datetime = 2026-03-12 18:17:25 UTC
# method = sample (Default)
#   sample
#     num_samples = 2000
#     num_warmup = 1000 (Default)
#     save_warmup = false (Default)
#     thin = 1 (Default)
#     adapt
#       engaged = true (Default)
#       gamma = 0.05 (Default)
#       delta = 0.8 (Default)
#       kappa = 0.75 (Default)
#       t0 = 10 (Default)
#       init_buffer = 75 (Default)
#       term_buffer = 50 (Default)
#       window = 25 (Default)
#       save_metric = false (Default)
#     algorithm = hmc (Default)
#       hmc
#         engine = nuts (Default)
#           nuts
#             max_depth = 10 (Default)
#         metric = dense_e
#         metric_file =  (Default)
#         stepsize = 1 (Default)
#         stepsize_jitter = 0 (Default)
#     num_chains = 1 (Default)
# id = 3
# data
#   file = /Users/dansprague/Documents/PhaseSkate/benchmarks/scaling/data/data_H50.json
# init = 2 (Default)
# random
#   seed = 42
# output
#   file = /Users/dansprague/Documents/PhaseSkate/benchmarks/scaling/stan_output/survival-20260312141725_3.csv
#   diagnostic_file =  (Default)
#   refresh = 100 (Default)
#   sig_figs = 8 (Default)
#   profile_file = profile.csv (Default)
#   save_cmdstan_config = false (Default)
# num_threads = 1 (Default)
# stanc_version = stanc3 v2.37.0
# stancflags = --filename-in-msg=survival.stan
lp__,accept_stat__,stepsize__,treedepth__,n_leapfrog__,divergent__,energy__,log_alpha,beta_0,trt_effect,beta.1,beta.2,beta.3,beta.4,beta.5,beta.6,beta.7,beta.8,log_sigma_int,log_sigma_slope,rho,z_int.1,z_int.2,z_int.3,z_int.4,z_int.5,z_int.6,z_int.7,z_int.8,z_int.9,z_int.10,z_int.11,z_int.12,z_int.13,z_int.14,z_int.15,z_int.16,z_int.17,z_int.18,z_int.19,z_int.20,z_int.21,z_int.22,z_int.23,z_int.24,z_int.25,z_int.26,z_int.27,z_int.28,z_int.29,z_int.30,z_int.31,z_int.32,z_int.33,z_int.34,z_int.35,z_int.36,z_int.37,z_int.38,z_int.39,z_int.40,z_int.41,z_int.42,z_int.43,z_int.44,z_int.45,z_int.46,z_int.47,z_int.48,z_int.49,z_int.50,z_slope.1,z_slope.2,z_slope.3,z_slope.4,z_slope.5,z_slope.6,z_slope.7,z_slope.8,z_slope.9,z_slope.10,z_slope.11,z_slope.12,z_slope.13,z_slope.14,z_slope.15,z_slope.16,z_slope.17,z_slope.18,z_slope.19,z_slope.20,z_slope.21,z_slope.22,z_slope.23,z_slope.24,z_slope.25,z_slope.26,z_slope.27,z_slope.28,z_slope.29,z_slope.30,z_slope.31,z_slope.32,z_slope.33,z_slope.34,z_slope.35,z_slope.36,z_slope.37,z_slope.38,z_slope.39,z_slope.40,z_slope.41,z_slope.42,z_slope.43,z_slope.44,z_slope.45,z_slope.46,z_slope.47,z_slope.48,z_slope.49,z_slope.50
# Adaptation terminated
# Step size = 0.316371
# Elements of inverse mass matrix:
# 0.000543917, -7.87322e-05, 0.0001299, -5.52325e-05, 3.01019e-05, -4.63908e-06, 5.33682e-05, -5.3257e-05, 3.95951e-05, -4.74503e-05, 2.24995e-05, -3.30325e-05, 0.000308197, -0.000311997, -0.000150789, 0.000270487, 0.000390885, -8.35029e-05, 0.000188858, -0.000297084, 0.000158407, 0.000153778, 0.000513678, 0.000251355, -0.000218546, 0.000259409, -0.000377504, 0.000497653, -0.000366209, 0.00023606, -0.000195653, -2.99747e-05, 0.000220253, 0.000450514, 0.000194268, 0.000526387, -0.000385698, -0.00063464, -0.000768725, -0.000107393, -0.00105554, 0.00077103, 0.000296702, -0.000438391, -9.93192e-05, -0.000580535, 0.000102949, -0.000281621, -4.88694e-05, 5.51459e-05, -0.000928669, -0.000180457, -6.62816e-05, -0.000168943, -2.76705e-05, -0.000378597, -0.000530066, 0.0004627, -0.00024649, -6.74114e-05, -0.000375063, -0.000554035, -0.000403526, -0.000977966, -0.000126014, -0.000463257, -0.00176309, 4.18374e-05, -8.27649e-05, 3.50228e-05, -0.000991764, -0.000250567, -0.00104895, -5.6545e-05, 0.00110349, -0.00110646, -0.0001211, -0.00104106, 0.000276938, -0.00118476, -0.00148242, 0.000220009, -0.000944844, -0.00131166, -0.000529068, -0.000343728, -0.000605906, -0.00048214, 0.00110737, 0.000567548, 0.000243791, -0.00134973, -0.000667921, -0.00124968, -7.49408e-05, 0.000155327, -0.00018234, 0.000984462, 0.000125766, -1.23653e-05, 0.000472499, 0.00026749, -3.42501e-05, 0.00026417, 0.000651084, 0.000164899, 0.00070424, 0.000506886, 0.00119613, -0.000106003, 9.27967e-06, 0.00112236, 0.000806239, 0.00186002
# -7.87322e-05, 0.00891997, -0.000418707, -1.44369e-05, -0.000171808, 0.000128731, -4.423e-05, 0.000113595, -9.3632e-05, 9.31038e-05, -3.1346e-05, 0.00158632, 0.000692669, -0.00409599, -0.0115388, -0.0113715, -0.0124372, -0.0126436, -0.0119749, -0.0121864, -0.0120701, -0.0102638, -0.0098375, -0.0105664, -0.0108234, -0.0109817, -0.00988215, -0.0121382, -0.014879, -0.012879, -0.015198, -0.0117592, -0.015591, -0.0138248, -0.0125113, -0.0101733, -0.0146854, -0.0152918, -0.0112149, -0.0132387, -0.0121822, -0.0139481, -0.0160808, -0.0109982, -0.0119535, -0.0140666, -0.0126957, -0.012363, -0.0109421, -0.011095, -0.0113923, -0.0129554, -0.0126921, -0.0121295, -0.0131569, -0.0137292, -0.0144696, -0.0151608, -0.0126712, -0.0122444, -0.0140458, -0.0119792, -0.0133642, -0.0139949, -0.00439103, -0.000498437, 0.000411971, 0.00459441, -0.00278637, -0.00356273, -0.00150391, -0.00136892, 0.00397136, -0.002017, -5.52047e-05, -0.00478538, -0.00433863, 0.0028647, 0.00419488, -0.000187472, 0.00793878, -0.00440306, 0.00294631, 0.00108568, 0.00152864, -0.000364106, 0.00355111, 0.00539289, -0.00238777, -0.000394348, 0.00153509, 0.00290678, 0.00755919, -0.000892724, -0.000833092, -0.00269522, -0.00344358, 0.000258906, 0.000143741, -0.00114072, 0.00204622, -0.00612822, -0.0012358, -0.000898139, -0.00238665, 0.0074326, -0.00219735, 0.00265602, 0.00431016, 0.00541845, -0.00101745, 0.00315287, 0.00246734, 0.0037633
# 0.0001299, -0.000418707, 0.00450979, -2.93639e-05, 9.915e-05, -5.61656e-05, -5.4029e-05, 2.29252e-05, 2.77114e-05, -0.000102317, 0.00014566, -0.000700468, 1.05695e-06, 0.00440896, -0.00223156, -0.00124081, -0.000863251, -0.0016637, -0.00146945, -0.00113206, -0.00135034, -0.00130596, -0.00325399, -0.00262778, -0.0016415, -0.000942096, -0.00187966, -0.00226335, -6.29502e-05, -0.00256059, 0.000676775, -0.000473121, -0.00291449, -0.0017777, -0.00230032, -0.0016755, -0.00188021, 0.000152322, -0.00202621, -0.00199685, -0.0026023, 0.000155649, -0.0017523, -0.000745005, -0.00148312, -0.00206333, 0.000171844, -0.00258961, -0.00358567, -0.00284502, -0.00315576, -0.00139985, -0.000614587, 0.000368179, -0.00145977, -0.000965699, -0.000395196, 0.000550383, -0.00183536, -0.000737736, -0.000364103, -0.00155278, -0.00218305, -0.000334261, -0.00610058, -0.00554234, -0.00924119, -0.0077672, -0.00734353, -0.00573921, -0.00770823, -0.00891367, -0.00380279, -0.00292, -0.00635507, -0.0103465, -0.00238203, -0.0056742, -0.00839219, -0.00578031, -0.00598628, -0.00746827, -0.0037198, -0.00660385, -0.00537746, -0.00481418, -0.00526368, -0.005097, -0.0037411, -0.00238181, -0.00583501, -0.00803442, -0.00869863, -0.0113216, -0.00787793, -0.00616646, -0.00643704, -0.00309102, -0.00403913, -0.0053469, -0.00720414, -0.0042816, -0.00587877, -0.0111892, -0.0113012, -0.00859891, -0.00395817, -0.0103482, -0.0027791, -0.00690538, -0.01082, -0.0069712, -0.0063695, -0.00865073
# -5.52325e-05, -1.44369e-05, -2.93639e-05, 0.000421213, -1.23949e-05, 1.38796e-05, 5.5037e-05, -1.18209e-05, -1.53525e-05, -5.44528e-06, -6.5597e-06, -7.96746e-05, -7.63658e-05, 0.0002224, -0.000127613, 0.000423867, 0.00049112, 0.000412892, 0.000128154, -0.000216939, -6.29142e-05, 9.8284e-05, -5.96775e-05, -3.35204e-05, 0.000456338, 0.00022564, 0.00013186, 0.000131735, 0.000345545, 0.00104462, -0.000427125, -0.000172567, 0.000268801, 8.26252e-05, 0.000539408, -0.000129487, 0.000450111, 0.000291678, 0.000417507, 0.000300807, 0.000636619, -0.000105567, 0.000136625, 2.63212e-05, 0.000107329, -0.000215576, 0.00105194, 0.000513822, 0.000124041, 0.000106524, 0.000123792, 0.000205719, -6.55612e-06, 5.12377e-05, 0.000200585, 0.000451875, 0.000509829, 0.000513449, 7.2003e-05, -0.000127834, 0.000802605, 0.000420034, 0.000436536, -0.000450907, 0.000401315, -0.000255479, -0.000435758, -8.67965e-05, 0.000465974, 0.000264896, -0.000649306, -0.000119129, -0.000777936, -0.000165901, -0.00090557, 4.99858e-05, 3.73062e-05, -0.000601943, -0.000704733, -0.00189459, 0.000956456, 0.000820279, -0.000340794, -0.000583326, 0.000549921, -0.000167842, -0.000154065, 8.10602e-05, -0.00041688, 0.000611163, -6.2526e-05, -4.28008e-05, -0.00049133, 1.07579e-05, 9.14875e-05, 0.00137604, -0.000670749, 0.000479454, 0.000461427, -0.000348708, 0.000636158, 0.00135479, 0.000389454, 0.000309114, 0.000413915, -0.000494622, -0.000245801, 0.000389814, 0.000305039, 0.00091129, -0.00131284, -0.00064042, 7.5071e-05, 0.000862794
# 3.01019e-05, -0.000171808, 9.915e-05, -1.23949e-05, 0.000484758, -1.77227e-05, -4.00804e-05, -5.21574e-05, 3.2686e-05, -8.34676e-06, 2.30994e-06, -0.000167896, -1.04155e-05, -9.31728e-05, 1.05369e-05, -0.000344865, 0.000248169, -8.72365e-05, 0.000142285, -0.000899224, 0.00040716, 0.000156587, 0.000763371, -0.000308034, -0.000169373, -0.000168975, 0.000229313, -0.000132275, 0.000321716, -0.000467503, -0.000129624, -6.58226e-05, 0.000364492, -0.000215065, -0.00012756, -0.000281944, -0.000189435, 0.000692026, 0.000774981, 0.000131705, -4.38439e-05, 4.81108e-05, 8.20507e-05, 0.000165391, 0.000325397, 0.000413218, 0.000324119, 0.000319031, 0.000327474, -0.000431606, -0.00012417, 0.000733257, 0.000397738, -0.000309413, -3.88367e-05, 0.000322173, -0.000306407, 0.000195649, 0.000135942, -7.22003e-05, 0.00041325, -0.000112575, 0.000373131, 0.000156154, 0.000296647, 0.000909119, -0.000175366, -0.00104609, 0.000310374, 0.00113849, -0.00175593, 0.000397778, -0.00176537, -0.000813966, 0.000200787, 0.00124222, 0.000253945, 3.38045e-06, -0.000963677, 0.000795273, 0.000564071, 0.000554014, -0.000631444, 9.72791e-05, -0.000541572, -0.000104831, -0.000452067, 0.000447323, 0.000570395, -0.000384695, 0.000406708, 0.000914007, -0.000882337, 0.000274036, 2.12435e-05, -0.000208169, 0.000533477, -0.000990168, -0.000738872, 2.40597e-05, 0.000451569, -0.000973111, -0.00147127, 0.000122825, 0.000638962, -0.000665376, 0.00232465, -0.000247694, -0.000833704, -0.000164685, 4.10826e-05, 0.000934379, -0.00037107, 3.36997e-05
# -4.63908e-06, 0.000128731, -5.61656e-05, 1.38796e-05, -1.77227e-05, 0.000467277, 1.98695e-05, 6.94524e-05, -6.02094e-06, 9.35711e-06, -4.1833e-05, 0.000243783, -0.000119411, -0.00075891, -0.000263483, 0.000353264, 0.000467392, 7.75388e-05, 0.000442009, 0.000374848, -4.52687e-06, 0.000263612, 0.000137811, 3.92077e-05, -0.000218217, -4.46845e-05, -0.000385227, 0.00019067, -0.000520014, -8.56406e-05, 9.90329e-05, 9.58793e-06, -0.000497159, 0.000667615, -0.000170134, 0.000244631, 0.000270208, -0.000282227, 0.000171356, 0.0004494, 0.000190285, -2.04868e-05, -0.00029042, -6.80313e-05, 0.000187706, -0.000219612, 0.000641412, -0.000580225, 0.000296388, -0.000182406, -0.000255384, 0.00015048, -0.000110419, 0.000276991, 6.01464e-05, -0.000180415, 0.000107572, -2.82432e-05, 0.000471082, 0.000542012, 2.9298e-05, -0.000599675, -0.000188944, 0.000209993, 0.000537688, 4.25392e-05, -0.0021211, 0.000241736, -0.000696373, -0.000619547, -0.000843648, -0.000688666, 0.000688218, -0.00110559, -0.000161298, -0.000202246, -0.000346888, -0.00118391, 0.00011638, 0.000690701, 8.74713e-05, 0.00025523, -0.000335669, -0.00082236, 0.000401998, -0.000714786, -0.000685513, 0.000486408, -0.0008956, -0.000648289, -0.00010638, 1.17071e-05, 0.000806526, -0.000156202, 0.000127257, -0.000802105, -0.00146265, 0.00229472, -8.44647e-05, -0.00124927, 0.00148358, 0.000377826, -0.000289321, -0.000500661, -0.000125712, 0.000323736, 0.000571691, 0.000338797, -0.000274328, -0.0011275, -0.00119008, 5.51072e-05, 5.84161e-05, -0.00102512
# 5.33682e-05, -4.423e-05, -5.4029e-05, 5.5037e-05, -4.00804e-05, 1.98695e-05, 0.00046167, -4.47418e-05, 1.06268e-05, 2.88213e-05, 3.91538e-05, -5.57017e-05, 2.08323e-05, -0.000851128, 9.92292e-05, -0.000126214, 0.000293905, 0.000575239, 0.000769568, 0.000585087, 0.000123739, -0.000137531, -0.000791844, 0.000829223, -9.94543e-05, 0.000433729, -0.00013006, -0.000666272, -0.000132214, 0.000518499, 0.000509245, -0.000728516, 0.000762482, -0.000547955, -0.000164508, 0.000141632, 6.12707e-06, -0.000841139, -0.000328464, 0.000246194, 0.000728644, 0.000875458, 0.000677409, -0.000319812, -0.000454988, -0.000241505, 0.000228646, -0.000237344, -0.000374201, 0.000269154, 0.000461395, -0.000237404, -5.62499e-05, 0.000676511, 0.000252432, 0.000223924, 4.98415e-05, 0.000404603, -0.000195428, 0.000455132, -0.00027707, -0.000136366, 0.000122893, -9.24296e-05, -0.000785006, 0.000248923, 0.000506432, -0.000635177, -0.000888308, -0.000727848, 0.000850873, -0.000185179, 0.000957919, -0.000726338, 0.000510849, -0.0014921, 0.000402598, 0.000322952, -0.000398109, -0.000666698, -0.0005608, 0.000615294, -7.3009e-05, 0.000877083, -0.000849657, -0.000395296, -0.000691967, 0.000907648, 0.00110256, -0.000675378, -0.000584615, -0.00105707, -0.00102767, 0.000175741, -0.000618303, -2.95023e-05, 0.000447528, 0.000955231, 0.00103154, -0.00026388, -0.000104179, 0.000613045, -0.000465711, -0.00115345, 0.000973315, -0.000450176, 0.000177219, -0.000294616, -0.000999659, -0.00122894, -0.000377645, 0.000847598, -0.00031453, 0.000953713
# -5.3257e-05, 0.000113595, 2.29252e-05, -1.18209e-05, -5.21574e-05, 6.94524e-05, -4.47418e-05, 0.000486573, 1.62008e-05, 1.32481e-05, -2.19989e-05, 0.000247162, 0.000115054, -4.95193e-05, -0.00019855, 5.93774e-05, 0.000141974, -0.000512335, -0.000176137, -0.000385062, -9.02795e-05, 0.000254634, 0.00021946, 0.000425711, 0.0002775, 3.54477e-05, -8.01777e-05, 0.000741546, -0.000472215, 4.8715e-05, 0.000156328, 5.19348e-05, 0.000426952, 0.000233535, -0.000640806, 0.000165383, -0.000586715, -9.75007e-05, -0.000314478, -0.000235717, 0.000157401, -0.000105721, 6.53861e-05, 2.61013e-05, 2.44489e-05, -0.000205726, -0.000375571, -0.000405494, 0.000272319, 0.000235452, -0.000123044, -0.000429574, 7.36473e-05, 0.000186112, -0.000156072, -1.47216e-05, -0.000276933, -0.000475731, 0.00040824, 0.000488472, -0.000247396, 0.000166496, -0.00012756, 0.000845151, -0.000231413, 0.000329873, -0.000655396, 0.00182935, -0.00050946, 0.000941304, 0.000740315, -0.000578257, -6.05576e-05, -0.00159435, -0.00103169, 1.39801e-05, -0.000250954, -0.0010286, -0.000508528, 0.000684521, -0.00019561, 0.000340555, -0.000801668, -0.000140945, 0.000680534, -0.000627595, -0.0004988, 0.000232458, -0.000476595, 0.000165033, -0.000575704, -0.00101376, 0.0008654, -0.000726818, -0.00117621, 0.00147668, 0.000302948, 0.00014254, -0.000613963, 0.00013425, 0.00012213, 0.000860666, -0.000292096, -0.000464706, -0.00120299, -0.00013061, -0.000232337, 0.000349722, -0.000754657, -7.98263e-05, 0.00043743, -0.000670949, -0.000699537, -0.00103322
# 3.95951e-05, -9.3632e-05, 2.77114e-05, -1.53525e-05, 3.2686e-05, -6.02094e-06, 1.06268e-05, 1.62008e-05, 0.000501597, -7.74977e-06, -1.66759e-05, 2.50514e-05, 0.000178206, -0.000773843, 0.000545769, -6.57953e-05, 0.0004845, 0.000367267, -0.000210667, -2.66038e-05, -8.54688e-05, 0.000278435, 2.64824e-05, 0.000196786, 0.000227432, -0.000147598, 0.000348559, 0.000143163, 0.000112235, 0.000576929, -0.00046509, 0.000370291, -4.55198e-05, 0.0002544, 0.000499461, 0.000163157, 0.000734861, 0.000143354, 0.000328229, -0.00015109, -0.000334592, 0.00014523, 0.000494467, -0.000234978, 0.000148383, 0.000683436, 0.000891039, 0.000115574, 0.000405256, -0.000459893, 2.22216e-05, -0.000174912, -0.000171168, -3.20261e-05, 0.000573801, -0.000356892, 5.44324e-05, 3.05373e-05, -1.47308e-05, -6.55558e-05, -0.000224151, 0.000532812, 4.87912e-05, 0.000301362, -0.000482384, -0.00047891, -0.00139661, -7.70099e-05, -0.000387821, 0.000117552, 0.000399324, 7.25085e-05, 0.000162407, 0.000416241, -4.28681e-05, 0.000660279, -0.000766006, 0.000514443, -0.000519622, -0.00150324, 0.00106566, -0.000756562, 0.00117001, -0.00102244, -0.00167758, 0.00040257, -0.000485928, 0.000521748, -0.000940449, -5.05345e-05, 0.000993648, 3.99018e-05, -0.00110411, 0.000145186, -0.000652827, -0.000165778, -0.000631535, -0.000328475, -0.000336985, 0.00122061, -0.00035168, 0.000993966, -0.000662183, 0.00014029, 0.000146996, 0.0025759, 0.000392244, 0.000449327, 0.000293812, -2.21066e-05, 0.000271243, -0.000760686, -0.000822491, -0.00133072
# -4.74503e-05, 9.31038e-05, -0.000102317, -5.44528e-06, -8.34676e-06, 9.35711e-06, 2.88213e-05, 1.32481e-05, -7.74977e-06, 0.000425026, -2.92324e-06, 8.47776e-05, 0.000210516, 8.26483e-05, 0.00059365, 0.000203886, -1.44491e-05, 0.00111504, -0.000500109, 0.000402195, 0.000425644, 0.000293609, -9.36421e-05, 1.34268e-05, -2.61089e-05, -0.000179046, 0.000198994, 0.000398225, -0.000454042, -0.000481598, -0.000454585, -9.07535e-05, 9.12985e-05, 0.000380783, -2.40305e-05, 0.000376665, -0.000143895, -0.000303208, -0.000383998, 0.000117324, 0.000105347, 0.000412056, -0.000375623, 0.000206074, -0.000359214, 0.000386514, 4.79584e-05, -6.90882e-05, -0.000264067, -0.00011343, -9.33438e-06, -0.000215608, -0.000258534, 0.000221497, 0.000670005, 0.0002145, -0.000155101, -0.000357488, -7.9174e-06, -0.000274656, -0.000144503, 0.000353016, 0.000421488, 0.000263444, -0.000836246, -0.000279039, 0.000552556, -0.00111017, 0.000396108, -0.00117256, -0.000704709, -0.000159469, 0.00128767, 0.000227285, 0.000323378, -1.20107e-05, 0.000145121, -0.00117931, -0.000711196, 0.000695382, 0.000910627, 8.00982e-05, 0.000456588, -0.000332077, 3.96129e-05, 5.95751e-05, 0.000551194, 0.000377893, -0.000336512, 0.000623911, -0.000889427, 0.000224371, 0.00173086, -0.000435803, 0.0010186, -0.000995753, -0.000437384, 3.45144e-05, -0.000490098, -0.000148246, 0.000489233, 6.636e-05, -6.24581e-06, -0.000786256, -0.00110975, -0.000698401, 9.35269e-05, 0.00109783, -0.00064094, 0.000838471, 0.0008165, -0.000859326, -0.000151817, -0.000693644
# 2.24995e-05, -3.1346e-05, 0.00014566, -6.5597e-06, 2.30994e-06, -4.1833e-05, 3.91538e-05, -2.19989e-05, -1.66759e-05, -2.92324e-06, 0.000409751, -0.000126427, 6.20291e-05, 0.00082705, -0.000300949, 0.000205176, 1.15524e-05, 0.000331592, -0.00036001, 0.000605934, -0.000200568, -1.93484e-05, -0.000564485, -0.000124244, 0.000258285, -0.000332392, -0.000553878, -0.000127764, 0.000108016, -0.000430794, -0.000164448, 0.000287925, 0.000261871, -0.000168166, -0.000100487, -0.000468009, 0.000185266, -0.000148359, -0.000416925, -0.000363423, -0.00019846, -5.71617e-05, 0.00015973, 6.23203e-06, -0.000121504, 0.000149563, 3.5891e-05, -0.00024692, 0.000109788, 0.000314497, -0.00012826, -0.000327284, -0.000124999, -0.000301477, -0.000111094, -9.77092e-05, -0.000134715, -0.000156078, -0.000142164, -0.000214612, 0.000340364, -0.000116528, -0.000328481, 5.11337e-05, 0.000215237, -0.000682833, 0.000397076, -0.000394246, -0.000717937, -0.00207382, 0.000249838, 0.000729442, 0.000316581, -0.000183075, 0.000151197, -0.000813924, -0.000183355, -0.000213448, -0.000146543, 0.000881309, 0.000292441, -1.87173e-05, -0.000810347, -0.000697029, -0.000115771, 0.000545461, 0.000662687, -0.000221017, 0.000803181, 0.000898608, 0.000461063, 0.000513629, -0.000942787, -0.00156935, -0.000789671, -0.000176037, 0.000518237, -0.000420792, -0.00019462, -0.00188059, 0.000463724, 0.000123192, -0.000936243, -0.0002837, 0.00101761, -0.000647177, 1.81401e-05, 0.000893879, -0.00042895, 0.000294094, -0.00102628, 0.000566328, 0.000249739, -0.000702001
# -3.30325e-05, 0.00158632, -0.000700468, -7.96746e-05, -0.000167896, 0.000243783, -5.57017e-05, 0.000247162, 2.50514e-05, 8.47776e-05, -0.000126427, 0.0149338, 0.0016494, -0.0109585, 0.00679657, -0.00317437, 0.00691295, -0.000382723, -0.00922922, -0.00450435, 0.0145367, 0.016271, 0.0291075, -0.0067923, 0.0131762, -0.00736289, -0.00370054, 0.0094273, -0.0116199, -0.00307733, -0.000475374, 0.00796261, -0.0131531, 0.000598087, 0.00771239, 0.0159656, -0.012803, -0.0208549, -0.0181315, -0.00775077, -0.00438575, -0.00257005, -0.016414, -0.00672713, 0.00159136, -0.0159916, -0.0210087, -0.0019145, -0.00171556, 0.00568228, -0.00613796, -0.00549643, 0.0102762, 0.00766127, 0.000241218, 0.00283926, -0.0134452, -0.00151062, -0.00126973, 0.00740031, 0.00291281, -0.000820405, 0.00294388, -0.000672591, -0.00489529, 0.000869695, -0.00475029, 0.00586237, -0.000537372, 0.00146654, -0.00237609, -0.00528151, -0.00296937, 0.00554581, -0.00336393, 0.00106537, -0.00401131, 0.00231527, 0.00551717, -0.004385, -0.00277064, 0.000458776, -0.0191616, 0.00110566, 0.00598135, -0.00540354, -0.000146487, -0.00306048, -0.00961442, 0.00446679, 0.00345923, 0.00339145, 1.66956e-05, 0.00477909, 0.0019143, 0.00666341, -0.00545364, -0.00191538, 0.00171527, -0.000510382, 0.00282351, 0.00564973, -0.00393475, -0.00164641, -0.00321439, -0.00430896, -0.00380798, 0.00326291, -0.000182116, -0.00123247, -0.00335878, 0.00589728, -0.00205417, -0.00125524
# 0.000308197, 0.000692669, 1.05695e-06, -7.63658e-05, -1.04155e-05, -0.000119411, 2.08323e-05, 0.000115054, 0.000178206, 0.000210516, 6.20291e-05, 0.0016494, 0.0323935, -0.0110208, -0.00439333, -0.00256418, -0.000357588, -0.00193721, 0.00127554, -0.0108586, -0.0093245, 0.0109728, 0.0097022, -0.00586121, 0.00970716, -0.00513375, -0.00139346, 0.0108765, -0.00484186, 0.00184392, -0.00317616, -0.00438779, -0.00783926, -0.00517013, -0.00083359, 0.007747, -0.0103953, 0.00115432, -0.0102509, -0.00937023, -0.0119652, 0.00985509, -0.00510211, 0.0002586, 0.00389946, -0.00493596, 0.00491223, 0.000694248, 0.00407991, 0.00861781, -0.00683729, -0.00984973, -0.00384698, 0.00147559, 0.00856358, -0.00105371, -0.000826395, 0.000592738, -0.00553756, 0.00218596, -0.00896671, 0.00152364, 0.00861806, -0.010423, -0.00255274, 0.00364076, 0.0120398, -0.00601372, -0.00597833, -0.00600582, -0.00506058, 0.00684183, 0.0332551, -0.00331294, 0.00119063, 0.00368995, 0.00159138, 0.0129602, 9.95868e-05, -0.00459944, 0.000922137, -0.00293044, 0.0122489, -0.00187263, -0.00867986, 0.0087398, 0.00789208, -0.0010418, 0.00715903, 8.2786e-05, -0.000650589, 0.0028202, 0.00329744, -0.0173117, -0.00234272, 0.00668635, -0.0072348, -0.00299485, -0.0147287, 0.000649973, 0.00573403, -0.00260674, -0.00954011, -0.00556572, 0.00380546, 0.00990183, -0.00744177, 0.00013737, -0.00697048, 0.00423784, 0.00291789, 0.012504, 0.00884421, -0.0181244
# -0.000311997, -0.00409599, 0.00440896, 0.0002224, -9.31728e-05, -0.00075891, -0.000851128, -4.95193e-05, -0.000773843, 8.26483e-05, 0.00082705, -0.0109585, -0.0110208, 0.213053, 0.0158696, -0.00373258, -0.0151621, 0.0142183, -0.00311838, 0.0243068, 0.0262023, -0.01327, -0.016805, 0.0148192, 0.000859809, -0.00823754, 0.0023475, -0.00358382, 0.01819, -0.00099842, 0.0235561, 0.0280374, -0.0368878, 0.0041917, 0.0206478, -0.00322088, 0.00959886, -0.00510136, -0.0110695, 0.00896769, 0.0137831, -0.0141183, -0.0087999, 0.000736052, -0.00339933, 0.00451189, -0.0446796, -0.00221283, 0.00560468, -0.00623891, -0.00160526, 0.0150754, 0.0131843, 0.0148764, -0.0139655, 0.00552337, -0.00547068, 0.00584561, 0.0186708, -0.00370802, 0.014944, -0.00205691, 0.00100232, 0.0361858, 0.0240739, -0.00161648, 0.0536504, -0.00374278, -0.0194504, -0.0374205, 0.0398248, 0.0880286, 0.127655, -0.0286625, 0.0431431, -0.00327273, -0.0155293, 0.0119698, -0.0554954, -0.0133157, -0.0299018, 0.0394391, -0.0427146, 0.0304994, 0.0703952, 0.0490873, -0.0533636, -0.0391266, -0.0321079, -0.0275957, -0.0115492, -0.0122859, -0.0523757, -0.022681, 0.0178217, -0.0450168, -0.00480452, -0.00103898, 0.00175451, 0.00613475, -0.0134148, 0.00312058, 0.0472103, 0.0214116, -0.00661562, -0.0219684, -0.0217885, -0.0360803, 0.0140785, 0.0454933, 0.00988171, -0.00445167, 0.00805465, -0.0429907
# -0.000150789, -0.0115388, -0.00223156, -0.000127613, 1.05369e-05, -0.000263483, 9.92292e-05, -0.00019855, 0.000545769, 0.00059365, -0.000300949, 0.00679657, -0.00439333, 0.0158696, 0.0966577, 0.00559342, 0.019794, 0.0193728, 0.010286, 0.00789916, 0.0294097, 0.0262341, 0.0329607, 0.014425, 0.0198412, 0.00528987, 0.0120843, 0.0226688, 0.00965103, 0.0223151, 0.0149551, 0.026721, 0.015462, 0.0234067, 0.0162795, 0.0247905, 0.00916768, 0.00699323, 0.00504409, 0.0132864, 0.0206854, 0.019159, 0.00666652, 0.0108404, 0.0163927, 0.0119799, -0.00392462, 0.0187448, 0.0200504, 0.0181851, 0.0191436, 0.0231421, 0.0234215, 0.0250593, 0.0157614, 0.0142378, 0.0086971, 0.016387, 0.0225037, 0.0182216, 0.0230087, 0.0177432, 0.0228308, 0.0243798, -0.107437, 0.0149589, -0.00191704, -0.00208759, 0.0131435, 0.0204341, 0.0194733, 0.000389369, -0.00122377, -0.00376263, 0.0143199, 0.0274084, 0.0050238, -0.00505604, 0.00116975, 0.000490693, -0.00928447, 0.0105953, -0.0243513, 0.0087602, 0.0301564, 0.00302961, 0.00718261, -0.015462, -0.0160346, 0.0113626, -0.0043627, -0.0032905, -0.00460534, 0.0140776, 0.0124926, -0.00483147, -0.00200027, -0.00440045, 0.000882764, 0.0213988, -0.0144275, 0.0206204, 0.0154168, 0.00504757, 0.00137292, 0.00643792, -0.00758799, 0.00166044, 0.00290314, 0.000556878, 0.00888235, 0.00849502, -0.0102497, -0.00516309
# 0.000270487, -0.0113715, -0.00124081, 0.000423867, -0.000344865, 0.000353264, -0.000126214, 5.93774e-05, -6.57953e-05, 0.000203886, 0.000205176, -0.00317437, -0.00256418, -0.00373258, 0.00559342, 0.0948572, 0.0189244, 0.0209978, 0.00970932, 0.0174236, 0.021939, 0.0152749, 0.0117582, 0.0163756, 0.0151515, 0.0152451, 0.0131653, 0.0220427, 0.0198056, 0.011255, 0.0154119, 0.0177376, 0.01412, 0.0238376, 0.020663, 0.010271, 0.0228274, 0.0271288, 0.00769245, 0.0211719, 0.0109732, 0.0185469, 0.0244954, 0.0181385, 0.0149498, 0.0230447, 0.0183687, 0.0171608, 0.0157376, 0.0156889, 0.0118464, 0.013815, 0.0117093, 0.0131648, 0.022008, 0.0214017, 0.0259032, 0.0100671, 0.0209064, 0.0183788, 0.0244871, 0.0154323, 0.0277001, 0.0161528, 0.0179156, -0.129946, -0.000816787, 0.00312862, 0.0176574, 0.00268246, -0.0082388, -7.50103e-06, -0.0140051, 0.00507307, -0.00151585, 0.0171678, 0.00318919, -0.0124137, 0.00359138, 0.0173461, -0.0133715, 0.00547237, 0.0120947, -0.0176418, -0.00287511, 0.0035323, -0.0111169, -0.0163319, 0.015691, 0.00179046, 0.00827444, -0.0130958, 0.00447427, -0.00097372, 0.0137544, 0.0287302, 0.0203836, 0.00338182, 0.0053849, -0.013674, 0.0174476, 0.0195329, 0.00939645, 0.00502907, 0.000549833, -0.0205982, -0.00351167, 0.00943641, -0.00568049, -0.0081791, -0.00487844, -0.00866011, -0.0161123, 0.00386398
# 0.000390885, -0.0124372, -0.000863251, 0.00049112, 0.000248169, 0.000467392, 0.000293905, 0.000141974, 0.0004845, -1.44491e-05, 1.15524e-05, 0.00691295, -0.000357588, -0.0151621, 0.019794, 0.0189244, 0.0895213, 0.0142118, 0.0111083, 0.0157307, 0.0261558, 0.0289732, 0.0382432, 0.0108819, 0.0286005, 0.0119806, 0.0177259, 0.0282996, 0.0172103, 0.0231999, 0.0181321, 0.022963, 0.0169413, 0.0235773, 0.0224595, 0.0187559, 0.0126167, 0.0156037, 0.00541044, 0.0161438, 0.0206378, 0.0211352, 0.0190823, 0.0048233, 0.0193115, 0.0168602, 0.0147444, 0.017237, 0.0220788, 0.0173867, 0.00780812, 0.019602, 0.0272432, 0.0204174, 0.0239338, 0.0248951, 0.0180195, 0.0283976, 0.0128447, 0.0194128, 0.0228651, 0.0237401, 0.0194635, 0.0164253, 0.0134148, 0.00240308, -0.11605, -0.00316965, 0.0202721, 0.00346786, -0.00984495, -0.0173464, -0.0246226, 0.00800934, -0.0119563, 0.020192, 0.00968213, -0.00222407, -0.010619, -0.0141504, -0.00322532, 0.00254677, -0.00962745, -0.0111292, -0.00314931, 0.0148758, 0.00485397, -0.00187295, -0.00828968, -0.0104878, -0.00780218, 0.00388097, -0.0144744, 0.0066863, 0.00375224, 0.0167684, 0.0044894, 0.00595865, -0.0161047, 0.00806265, 0.00948812, 0.0196299, -0.0199643, 0.0127494, 0.00792499, -0.0177493, 0.00535446, 0.000709119, -0.00606941, -0.00480982, 0.000450928, -0.00343137, -0.00211971, 0.000143157
# -8.35029e-05, -0.0126436, -0.0016637, 0.000412892, -8.72365e-05, 7.75388e-05, 0.000575239, -0.000512335, 0.000367267, 0.00111504, 0.000331592, -0.000382723, -0.00193721, 0.0142183, 0.0193728, 0.0209978, 0.0142118, 0.104653, 0.0237677, 0.0231712, 0.028471, 0.0187736, 0.0159058, 0.0234504, 0.0151513, 0.0123488, 0.0118553, 0.0121635, 0.0225234, 0.0160637, 0.0188967, 0.0228543, 0.0163128, 0.0275089, 0.0210857, 0.0202264, 0.0203393, 0.0185743, 0.0159014, 0.0148083, 0.00968148, 0.0153476, 0.0229778, 0.0188865, 0.017651, 0.0196442, 0.0129995, 0.0120246, 0.0140877, 0.020411, 0.0183239, 0.0175548, 0.0195456, 0.0236844, 0.0148076, 0.0312372, 0.0164507, 0.0270865, 0.0216085, 0.0167557, 0.0261327, 0.0236119, 0.0180526, 0.0230524, 0.0122506, -0.00801352, 0.0109785, -0.142712, -0.0120607, 9.76387e-05, -0.00855566, 0.00352603, 0.0155482, 0.00563784, 0.0210927, 0.0156054, 0.015095, 0.018356, -0.00616896, 0.00543368, -0.00329843, 0.0104421, -0.00203005, -0.011572, 0.00695548, 0.00711567, 0.00240783, -0.00358682, 0.00888758, -0.0022532, 0.0217217, 0.00830572, -0.0128031, 0.00631181, 0.0187272, -0.0103551, 0.000700983, 0.00331167, 0.0113438, -0.015036, 0.00442138, 0.011643, 0.00449762, -0.00351638, 0.00661806, -0.0289497, 0.00190136, 0.00458589, 0.0034297, 0.00509469, -0.00444371, -0.0231273, -0.0110234, -0.0034462
# 0.000188858, -0.0119749, -0.00146945, 0.000128154, 0.000142285, 0.000442009, 0.000769568, -0.000176137, -0.000210667, -0.000500109, -0.00036001, -0.00922922, 0.00127554, -0.00311838, 0.010286, 0.00970932, 0.0111083, 0.0237677, 0.0939543, 0.0149297, 0.00402494, 0.00583764, 0.00433967, 0.0191487, 0.0103917, 0.0190057, 0.0163295, 0.00773969, 0.0230345, 0.0181101, 0.0239368, 0.00809359, 0.0313016, 0.0140805, 0.0125831, 0.00404882, 0.0261831, 0.0344626, 0.0276866, 0.0239636, 0.0258053, 0.0198411, 0.0224605, 0.0173564, 0.0204448, 0.0286341, 0.0195215, 0.0132854, 0.0194872, 0.0163084, 0.0208079, 0.0252062, 0.00973811, 0.0120791, 0.0183406, 0.021412, 0.0192008, 0.0193779, 0.0151438, 0.013414, 0.0167824, 0.0119769, 0.0110197, 0.0109879, 0.00424797, 0.021611, 0.0216997, -0.023749, -0.0945833, 0.020145, 0.010673, -0.00465449, -0.0109625, 0.00513587, -0.000665498, 0.0100047, -0.00149976, 0.00336522, -0.00786064, 0.0106656, -0.01341, -0.00152871, 0.0187119, 0.0067973, -0.0128095, 0.00159683, -0.000544169, -0.0118101, 0.0162157, -0.00457017, -0.0161934, 0.0138271, 0.0159836, 0.000812651, -0.00679191, 0.0166, 0.0274172, 0.00604627, -0.000698967, 0.00255193, -0.00307003, -0.0154224, 0.00269195, -0.00183588, 0.0154701, -0.00182086, -0.0054721, 0.00170716, 0.00557554, 0.00398291, 0.00112742, 0.00856424, 0.0135372, 0.0147141
# -0.000297084, -0.0121864, -0.00113206, -0.000216939, -0.000899224, 0.000374848, 0.000585087, -0.000385062, -2.66038e-05, 0.000402195, 0.000605934, -0.00450435, -0.0108586, 0.0243068, 0.00789916, 0.0174236, 0.0157307, 0.0231712, 0.0149297, 0.121508, 0.0188362, 0.00879985, 0.000991667, 0.0157497, 0.0171394, 0.0200215, 0.0150851, 0.0119136, 0.0234223, 0.0147863, 0.0248354, 0.0169176, 0.0340557, 0.030119, 0.0219878, 0.00716016, 0.0358951, 0.0190853, 0.0195483, 0.0207085, 0.0252871, 0.0146522, 0.0297163, 0.0171399, 0.0178219, 0.0163849, 0.0132174, 0.0227618, 0.018363, 0.0159897, 0.0197584, 0.0197451, 0.0165196, 0.00816671, 0.0133107, 0.0213058, 0.0210359, 0.0255328, 0.022163, 0.017096, 0.0158131, 0.0182809, 0.0174948, 0.0282037, 0.0188868, -0.0190165, 0.00504363, -0.0167496, 0.00986906, -0.161569, 0.014775, 0.015765, 0.0089262, 0.0265115, -0.00523839, -0.00280284, -0.000775396, -0.00911923, 0.00776109, 0.0093381, -0.0101847, 0.000740614, -0.019212, -0.00993097, -0.00980273, 0.0138723, -0.0184335, -0.0159116, 0.0123847, -0.00821402, -0.0131994, -0.00319109, -0.0102851, 0.00405726, 0.00445986, 0.00654352, 0.0102958, -0.00157981, 0.0122525, -0.0222893, -0.00754713, 0.00770236, 0.0205858, 0.033063, 0.0135276, -0.0138056, 0.0155829, 0.00969299, -0.0126989, -0.00176512, 0.0205942, -0.0128891, -0.0099476, -0.00543486
# 0.000158407, -0.0120701, -0.00135034, -6.29142e-05, 0.00040716, -4.52687e-06, 0.000123739, -9.02795e-05, -8.54688e-05, 0.000425644, -0.000200568, 0.0145367, -0.0093245, 0.0262023, 0.0294097, 0.021939, 0.0261558, 0.028471, 0.00402494, 0.0188362, 0.108975, 0.0334575, 0.0522463, 0.0116007, 0.0284608, 0.00686765, 0.0119586, 0.0301934, 0.0139783, 0.0168466, 0.0297155, 0.0416337, 0.0137094, 0.0251518, 0.0315157, 0.0356161, 0.0070891, -0.0064002, -0.00685762, 0.0182575, 0.0218589, 0.014097, 0.00225289, 0.0135061, 0.0229038, 0.00573687, -0.0186359, 0.0150966, 0.0100534, 0.0226196, 0.0093403, 0.0166164, 0.037403, 0.0304797, 0.0107272, 0.03018, 0.00230393, 0.019523, 0.0222919, 0.024887, 0.0298198, 0.0186877, 0.0247341, 0.0208901, 0.00957553, -0.00472461, 0.0055172, -0.00882027, 0.00394987, 0.00640349, -0.101481, 0.00333525, 2.15577e-05, 0.00828905, 0.017029, 0.0167541, 0.00365566, -0.0103584, -0.0149232, -0.0113322, -0.0191773, 0.00721691, -0.0493165, 0.00158187, 0.0259888, 0.00377308, -0.00367396, -0.00253101, -0.0171738, 0.0173895, -0.00376399, -0.0155459, -0.0145312, 0.00751045, 0.00500785, 0.0173833, 0.0116788, 0.008796, 0.0091055, 7.43514e-05, 0.00245209, 0.0193556, 0.0117964, 0.00957409, 0.0104443, -0.0232136, 0.00574137, -0.00589008, -0.00211122, 0.00937872, 0.00493525, -0.00206245, -0.00617593, 0.00692976
# 0.000153778, -0.0102638, -0.00130596, 9.8284e-05, 0.000156587, 0.000263612, -0.000137531, 0.000254634, 0.000278435, 0.000293609, -1.93484e-05, 0.016271, 0.0109728, -0.01327, 0.0262341, 0.0152749, 0.0289732, 0.0187736, 0.00583764, 0.00879985, 0.0334575, 0.0881032, 0.0563096, 0.0118658, 0.0351287, 0.00475822, 0.0116565, 0.0348246, -0.00161771, 0.0133008, 0.0217371, 0.0276676, 0.00189151, 0.0155491, 0.0255643, 0.0351636, 0.00825301, -0.000605854, -0.00336505, 0.00894128, 0.00925535, 0.0229825, -0.00104778, 0.00691492, 0.0215361, -0.00307452, -0.0020398, 0.0192944, 0.016903, 0.0243601, 0.00832151, 0.0068321, 0.0238724, 0.0233062, 0.0244129, 0.0222873, 0.00213038, 0.0229615, 0.0181849, 0.0242248, 0.0238247, 0.0199856, 0.0294803, 0.020453, 0.0036529, 0.00550398, -0.000361111, -0.00663902, 0.00867507, 0.00701935, 0.00459952, -0.0860509, 0.00318192, 0.00176342, -0.0109955, 0.0104179, 0.00908428, -0.00544763, -0.000122319, 0.00794021, -0.0220517, 0.00299156, -0.003434, 0.0031438, 0.00636055, -0.00721719, 0.00465944, -0.0066365, -0.00480698, -0.00250378, 3.11341e-05, 1.61206e-05, -0.00907469, 0.0110556, 0.0189803, 0.0239012, -0.00297677, -0.00167, -0.00724003, 0.00796083, 0.000511842, 0.019804, 0.000753948, 0.00394225, -0.00401565, -0.00555333, -0.000437798, -0.00283109, -0.0128379, -0.00204685, 0.00406222, 0.00723623, -0.00401161, -0.0187518
# 0.000513678, -0.0098375, -0.00325399, -5.96775e-05, 0.000763371, 0.000137811, -0.000791844, 0.00021946, 2.64824e-05, -9.36421e-05, -0.000564485, 0.0291075, 0.0097022, -0.016805, 0.0329607, 0.0117582, 0.0382432, 0.0159058, 0.00433967, 0.000991667, 0.0522463, 0.0563096, 0.128929, 0.0050246, 0.0457899, -0.00368382, 0.00914997, 0.0439162, -0.0071339, 0.0140995, 0.0156233, 0.0359185, -0.00105198, 0.0160854, 0.0387461, 0.051415, -0.0107576, -0.0171105, -0.0238957, -0.00182055, 0.00867802, 0.0181655, -0.0151536, 0.001671, 0.0231755, -0.0103546, -0.0298165, 0.0201667, 0.0185398, 0.0279314, 0.000272522, 0.00964014, 0.0436699, 0.0305819, 0.0170445, 0.0225147, -0.00670155, 0.0166565, 0.0185471, 0.0368583, 0.0243451, 0.0197901, 0.0324247, 0.0161611, 0.00291538, 0.00897735, -0.0091181, 0.0138774, 0.00947114, 0.0184923, -0.013995, -0.000499373, -0.0860744, 0.00612018, -0.00284622, 0.0313791, -0.000133773, 0.00445147, 0.00710352, -0.00695179, -0.00513084, 0.0129972, -0.05243, 0.00860045, 0.00474405, -0.00234235, 0.000305424, -0.00579485, -0.0107883, 0.0198985, 0.0142642, 0.00573272, -0.00516859, 0.0139252, 0.0168763, 0.0188512, 0.00861436, -0.0108862, -0.0128551, 0.00284225, 0.0141612, 0.0185687, -0.0132109, 0.0188129, 0.00543807, -0.0105655, -0.000874897, 0.0113376, -0.000811365, -0.0143764, 0.0134747, 0.00576985, -0.012084, -0.00573099
# 0.000251355, -0.0105664, -0.00262778, -3.35204e-05, -0.000308034, 3.92077e-05, 0.000829223, 0.000425711, 0.000196786, 1.34268e-05, -0.000124244, -0.0067923, -0.00586121, 0.0148192, 0.014425, 0.0163756, 0.0108819, 0.0234504, 0.0191487, 0.0157497, 0.0116007, 0.0118658, 0.0050246, 0.11523, 0.00760751, 0.0116495, 0.0157622, 0.00950501, 0.0176667, 0.0193866, 0.0208637, 0.0122703, 0.0252417, 0.015964, 0.0184264, 0.0127668, 0.0297541, 0.020927, 0.0126228, 0.0245637, 0.0145466, 0.0183381, 0.0303808, 0.0134261, 0.0107723, 0.0186125, 0.0189255, 0.0107538, 0.0165155, 0.0169464, 0.0255726, 0.0150759, 0.0141631, 0.0196356, 0.0191042, 0.0178819, 0.012241, 0.0190448, 0.0219516, 0.0103328, 0.0170434, 0.0146799, 0.0105853, 0.0226178, 0.013369, 0.00517239, 0.0129601, -0.000534839, -0.00305931, 0.00862316, 0.0204903, -0.00731918, 0.00511073, -0.164201, 0.00972157, 0.0202851, 0.00443627, 0.0060468, -0.0300331, -0.00146815, -0.0165972, 0.0215203, 0.0075271, 0.00109453, 0.00213906, -0.00298824, -0.0300893, -0.00134462, 0.0302682, -0.00835677, 0.00389361, 0.003163, -0.024504, 0.00850331, 0.00769049, 0.00618944, 0.00503522, 0.0136677, 0.00926892, 0.00484658, -0.0172661, 0.0130263, 0.0115685, 0.00709477, 0.00765343, -0.00585998, 0.0229528, -0.00787817, 0.00218499, 0.00775008, 0.0139187, -0.00868192, -0.00305957, -0.000859563
# -0.000218546, -0.0108234, -0.0016415, 0.000456338, -0.000169373, -0.000218217, -9.94543e-05, 0.0002775, 0.000227432, -2.61089e-05, 0.000258285, 0.0131762, 0.00970716, 0.000859809, 0.0198412, 0.0151515, 0.0286005, 0.0151513, 0.0103917, 0.0171394, 0.0284608, 0.0351287, 0.0457899, 0.00760751, 0.0988615, 0.00724043, 0.0130708, 0.032665, 0.00361301, 0.0226372, 0.0218249, 0.0265231, -0.00461598, 0.0142408, 0.029261, 0.029858, 0.0089821, 0.00786682, -0.00206554, 0.00831807, 0.0115122, 0.0176684, 0.00617591, 0.00718659, 0.0195958, 0.0079263, -0.00216069, 0.0213221, 0.0131503, 0.0287088, 0.00883742, 0.0134198, 0.0307527, 0.0321847, 0.0241337, 0.0210446, 0.00601168, 0.0219279, 0.0160881, 0.0295502, 0.0236625, 0.0190839, 0.0224549, 0.0160685, 0.0210263, 0.00462405, 0.000505886, 0.0144837, 0.010912, -0.0063265, 0.00568966, 0.00976358, 0.00955987, 0.0131812, -0.114092, 0.00340625, -0.0123567, 0.00286055, 0.0276609, -0.0165131, -0.0157479, 0.0074467, -0.00378025, 0.0110834, 0.00665729, -0.000596705, -0.00727835, -0.0249698, -0.0147452, 0.00803212, 0.00193511, 0.0143437, -0.0022704, 0.0115657, 0.0152262, 0.026093, 0.00137036, -0.00132565, -0.000663833, -0.00680476, 0.00125733, 0.0170056, -0.00340202, 0.00200021, 0.0054278, -0.00912698, -0.0073036, -2.55268e-05, 0.00384797, -0.0035093, 0.00363197, 0.00836533, 0.0135291, -0.00674037
# 0.000259409, -0.0109817, -0.000942096, 0.00022564, -0.000168975, -4.46845e-05, 0.000433729, 3.54477e-05, -0.000147598, -0.000179046, -0.000332392, -0.00736289, -0.00513375, -0.00823754, 0.00528987, 0.0152451, 0.0119806, 0.0123488, 0.0190057, 0.0200215, 0.00686765, 0.00475822, -0.00368382, 0.0116495, 0.00724043, 0.111107, 0.00901249, 0.0116719, 0.0249537, 0.0121141, 0.0283565, 0.0144406, 0.0174965, 0.0183733, 0.00940349, 0.00857355, 0.0206691, 0.0299883, 0.0272863, 0.0221938, 0.025458, 0.0193565, 0.0236791, 0.0144278, 0.0114331, 0.0171539, 0.0190399, 0.0167288, 0.00547249, 0.00569162, 0.0176495, 0.0172934, 0.00995495, 0.00506205, 0.0158556, 0.0243312, 0.0184959, 0.0234945, 0.0166959, 0.0116742, 0.00817757, 0.0102399, 0.0167436, 0.00329948, 0.00381479, 0.00118567, -0.000930483, 0.00652109, 0.0161156, 0.00469407, 0.00460784, -0.00216459, -0.0146256, 0.0194276, 0.00459203, -0.139345, 0.0267788, -0.00766894, 0.00116512, 0.00959337, -0.00510237, -0.0041049, 0.0144132, -0.0104932, -0.00782554, -0.0112801, 0.005126, -0.0166846, 0.0184142, -0.0012604, -0.00801645, 0.00331062, 0.0212698, -0.00370159, -0.00357249, 0.00693344, 0.017837, -0.000530915, 0.0171579, 0.00691962, 0.00793844, -0.00198366, -0.00266398, 0.0200321, 0.00289293, -0.00285926, 0.00556335, -0.00723424, -0.00777583, -0.00905745, 0.0202762, 0.00280858, -0.00408172, 0.0312807
