# stan_version_major = 2
# stan_version_minor = 37
# stan_version_patch = 0
# model = survival_model
# start_datetime = 2026-03-12 12:15:08 UTC
# method = sample (Default)
#   sample
#     num_samples = 2000
#     num_warmup = 1000 (Default)
#     save_warmup = false (Default)
#     thin = 1 (Default)
#     adapt
#       engaged = true (Default)
#       gamma = 0.05 (Default)
#       delta = 0.8 (Default)
#       kappa = 0.75 (Default)
#       t0 = 10 (Default)
#       init_buffer = 75 (Default)
#       term_buffer = 50 (Default)
#       window = 25 (Default)
#       save_metric = false (Default)
#     algorithm = hmc (Default)
#       hmc
#         engine = nuts (Default)
#           nuts
#             max_depth = 10 (Default)
#         metric = dense_e
#         metric_file =  (Default)
#         stepsize = 1 (Default)
#         stepsize_jitter = 0 (Default)
#     num_chains = 1 (Default)
# id = 2
# data
#   file = /Users/dansprague/Documents/PhaseSkate/benchmarks/scaling/data/data_H25.json
# init = 2 (Default)
# random
#   seed = 42
# output
#   file = /Users/dansprague/Documents/PhaseSkate/benchmarks/scaling/stan_output/survival-20260312081508_2.csv
#   diagnostic_file =  (Default)
#   refresh = 100 (Default)
#   sig_figs = 8 (Default)
#   profile_file = profile.csv (Default)
#   save_cmdstan_config = false (Default)
# num_threads = 1 (Default)
# stanc_version = stanc3 v2.37.0
# stancflags = --filename-in-msg=survival.stan
lp__,accept_stat__,stepsize__,treedepth__,n_leapfrog__,divergent__,energy__,log_alpha,beta_0,beta.1,beta.2,beta.3,beta.4,beta.5,beta.6,beta.7,beta.8,log_sigma_int,log_sigma_slope,rho,z_int.1,z_int.2,z_int.3,z_int.4,z_int.5,z_int.6,z_int.7,z_int.8,z_int.9,z_int.10,z_int.11,z_int.12,z_int.13,z_int.14,z_int.15,z_int.16,z_int.17,z_int.18,z_int.19,z_int.20,z_int.21,z_int.22,z_int.23,z_int.24,z_int.25,z_slope.1,z_slope.2,z_slope.3,z_slope.4,z_slope.5,z_slope.6,z_slope.7,z_slope.8,z_slope.9,z_slope.10,z_slope.11,z_slope.12,z_slope.13,z_slope.14,z_slope.15,z_slope.16,z_slope.17,z_slope.18,z_slope.19,z_slope.20,z_slope.21,z_slope.22,z_slope.23,z_slope.24,z_slope.25
# Adaptation terminated
# Step size = 0.213915
# Elements of inverse mass matrix:
# 0.00102008, -0.000277323, -0.000131022, 9.39952e-05, -7.99106e-05, 3.18772e-05, -6.00377e-05, 5.83322e-05, 2.98495e-05, 0.000132463, -0.000494557, 5.2651e-05, -0.000774312, 0.000540889, -0.000369756, -0.000515169, 7.82132e-05, 0.000424386, 0.00127972, -0.000773069, -0.000627831, -0.00106618, -0.000592323, 1.60419e-05, 0.000320207, -0.000314294, -0.000120527, 0.00105227, 0.000332879, -0.000401781, -0.0005617, -0.000169524, -0.00010318, 0.000979808, -0.00119938, 0.000652325, 0.000949401, -0.000623333, -0.00106075, 0.000693908, 0.00188405, 0.000831637, 0.000593922, 0.000509002, 0.000505324, 0.00133029, 0.00113178, -0.00190038, 0.000240191, -1.80697e-05, 0.000194189, 0.000908678, 0.000287461, -0.00140376, 0.000292739, 0.00144221, 0.00261514, -0.000579461, -0.00278172, 0.00275209, -0.00113123, -0.00163269, 0.000125199
# -0.000277323, 0.0115873, 0.000262898, -0.000232923, 0.000226408, -0.000241024, 0.000482017, -6.11672e-05, 0.000445139, -7.12034e-05, 0.000171686, -0.00174649, 0.00268706, -0.0164894, -0.0164844, -0.0181264, -0.0171731, -0.0171924, -0.0165689, -0.0176612, -0.0160705, -0.0200456, -0.0174041, -0.0191081, -0.0168368, -0.0166039, -0.0172831, -0.0173538, -0.0177607, -0.0162721, -0.0170544, -0.01718, -0.0158551, -0.0176678, -0.0167334, -0.0168482, -0.0196832, -0.0155359, 0.00226311, -0.00661564, 0.00432727, -0.00188536, -0.000920343, 0.00238343, -0.00094869, -0.0119091, 0.0017958, 0.00425726, 0.00231386, -0.00164394, 0.000500582, -0.00594082, -0.00814791, 0.00311503, -0.00279283, -0.00931761, -0.0101251, 0.00208656, -0.0034732, -0.00355573, -0.00525226, -0.000165405, 0.0020441
# -0.000131022, 0.000262898, 0.00100447, 9.28541e-06, 0.000108917, -6.69941e-05, -1.73566e-05, 1.77206e-05, -8.45977e-05, 9.08969e-05, 0.000501774, 0.00227342, -0.001066, 0.00015352, -0.00050135, 0.00113672, 0.00026428, -0.00193737, -0.000601329, -0.000139206, 0.00151189, 0.00097524, 0.000204088, 0.000233626, 0.00028492, 0.0017465, -0.000874441, -0.000252096, -0.00141433, 0.000644417, 0.000875293, -0.0011139, 8.2216e-05, -0.000997746, -0.000774734, 8.77319e-05, -0.00254399, 0.000384174, 0.000167399, 0.000718935, -0.00140979, 0.000739664, 0.00234831, 0.000493317, -0.000841809, -0.00177027, -5.70632e-06, 0.00064594, -0.000170808, -0.00121789, -0.00293922, 0.00144654, -0.0013016, 0.00142319, -0.000514805, -0.000582311, 0.00169388, -0.000478186, 0.00219969, 0.00260441, -0.00114477, 0.00358328, -0.00025218
# 9.39952e-05, -0.000232923, 9.28541e-06, 0.000945985, 8.71024e-05, -1.64435e-05, -1.27253e-05, -7.15171e-05, -2.41327e-05, 0.000116054, -0.000435265, -0.00013942, 0.000345844, -0.000137084, 0.00095993, 7.18362e-05, -0.00089938, -0.000104291, -0.000621745, 0.000237042, -7.24885e-05, -0.00167307, -0.000174207, -0.000959517, 0.000833574, 0.000540849, -5.52549e-05, 0.000304296, 0.000686959, -0.000553856, 0.00111213, 0.00119661, -0.00034055, 0.000281628, 0.000283737, -0.000205098, 0.000791518, -0.000248655, -0.00207633, -0.0038557, -0.00199135, 0.000664859, -0.000491488, 0.00151419, 0.000248005, -0.000149633, 0.00181745, 0.00160941, 0.00307388, 0.000118012, 0.00250094, 0.000803589, 0.00174847, -0.00139184, 0.00128762, -0.000568929, -0.00160497, -0.00204347, -0.000556523, -0.000939572, -0.000637118, 5.95581e-05, 0.00267132
# -7.99106e-05, 0.000226408, 0.000108917, 8.71024e-05, 0.000956036, -0.000102677, -4.65865e-05, -3.23519e-05, 3.57089e-05, 5.2327e-05, -7.49969e-05, 0.000245211, 0.000213108, 0.00103679, -0.000458686, -0.000885581, 0.000130828, -0.00172829, -5.71408e-05, 0.000647148, 0.000164778, -4.74444e-05, -0.000226755, -0.000155203, 0.000316396, 0.000869097, 0.00044608, 0.000983958, -0.000401705, 0.000467471, -1.61445e-05, 0.000195984, 0.000869137, -0.000475565, -0.000508977, 0.000246575, -0.000988823, 6.79838e-05, 0.00204803, 0.00168385, 0.000547829, -0.00166175, 0.00156432, 1.54343e-05, -0.00207786, 0.000149677, -0.00149783, -0.000357535, -0.00194446, -0.00116689, 5.88953e-05, 0.000653447, -0.000578769, 0.000768121, 0.000674178, 0.00156253, -0.00274407, -0.00230854, 0.000817939, 0.000739371, -0.00221549, 0.000575582, 0.000651506
# 3.18772e-05, -0.000241024, -6.69941e-05, -1.64435e-05, -0.000102677, 0.000799897, -2.89401e-05, 4.50264e-05, -1.88661e-05, -7.03002e-05, -3.27103e-05, 0.000463403, 0.000711796, 0.00114807, 0.000235421, 0.000734971, 0.000488576, -0.000308899, 0.000210642, 0.00112869, 0.000221203, 0.000367293, 0.000871644, -0.000805431, 0.000145349, 0.000229665, -0.00034672, -8.40992e-05, 0.000495771, 2.99144e-05, -2.48555e-05, -0.00153514, -5.17175e-06, 0.000135124, -0.000338002, 0.00100853, 0.00149129, 0.00128966, -0.00112669, 0.00137201, 0.00102563, -0.00125795, 0.000265877, -0.00113832, -0.000947159, 0.00176167, 0.000511216, -0.000197442, 0.000253194, 0.000683063, 0.00028745, 0.00115304, 0.000306441, -0.00082116, 0.00181358, 0.00117813, 0.00298107, -0.000389409, 0.000450378, 0.000804543, -0.00194623, -0.000820839, -0.000411861
# -6.00377e-05, 0.000482017, -1.73566e-05, -1.27253e-05, -4.65865e-05, -2.89401e-05, 0.000968506, -3.9449e-05, -4.89829e-05, -2.44337e-05, -0.000135, -0.000360584, -0.00143118, -0.0015181, -1.64109e-06, -0.000560207, -0.00103519, 0.000194806, -0.000351826, -0.00245841, -0.000714847, 0.000467122, -0.00126188, -0.00131576, -0.00120964, 0.000703388, 0.000168258, -0.00130525, -0.000385497, 0.000540989, -0.00105283, -0.00105187, -0.000613645, -0.000818014, -0.00182478, -0.00102142, -0.00104277, -0.00160174, 0.00142971, -0.00167576, -0.00149822, -0.000920494, -0.00123579, 0.00258738, 0.00110321, 0.000356315, -0.000952784, -0.000107005, -7.74649e-05, -0.00138885, -0.000421526, -0.000966528, 0.000806523, 0.00314627, -0.00220137, -0.00168457, 0.00125052, -0.000354295, -0.00100114, 0.000315762, 0.000619775, 0.000792597, 0.00109435
# 5.83322e-05, -6.11672e-05, 1.77206e-05, -7.15171e-05, -3.23519e-05, 4.50264e-05, -3.9449e-05, 0.000753916, -0.000125333, 0.000104068, -0.000451083, -0.000394458, 0.00266826, 0.00102467, 4.38824e-05, -0.000147866, -6.08555e-05, 0.000818602, -0.000135191, -0.000226523, -0.000120301, -0.000654935, 7.9371e-05, -0.00121086, 0.00133755, -0.000378589, 8.02515e-05, 0.000539102, -0.000311003, 0.000672032, -0.000646537, 7.64471e-05, -0.000355214, -0.000866423, 0.000790428, 0.000162017, 0.000961983, 0.000243599, -0.00138261, 0.00143497, 0.00157508, -0.000413843, -0.00130885, 0.00139014, -0.000330334, 0.00189298, 0.00192219, -0.000519555, 0.00364003, -0.000832647, -0.00152031, -0.000965056, -8.16285e-05, 0.000889876, -4.16501e-06, 0.00254121, 0.00195339, 0.00126901, 0.00238238, -0.00180558, 0.00268693, -0.00353387, 0.000372885
# 2.98495e-05, 0.000445139, -8.45977e-05, -2.41327e-05, 3.57089e-05, -1.88661e-05, -4.89829e-05, -0.000125333, 0.000904905, -0.000131413, 0.000175441, -0.00121258, -0.000603855, 0.000272795, 0.000104652, -2.50645e-05, 1.87135e-05, -0.000860731, -0.000266957, 0.000118199, -0.000763643, -0.000810002, 0.00146875, -0.000329792, -0.000597801, -0.00135391, -0.000422349, 0.000152403, 0.000353452, -0.000142203, -0.00091207, 0.00087869, -0.000941836, -0.000197877, -0.000220244, -0.00170761, 0.000895857, 0.000108997, 0.00202747, -0.00191332, 0.000335905, -0.000501114, 0.0013978, -0.00111598, 0.000568798, -0.00147536, -0.00040878, 0.000271075, -0.000634162, -0.000883327, 0.00159136, -0.00186475, 0.000915657, -0.000226353, 0.000264294, 0.000164122, -0.00274004, 0.00101215, -0.000727328, -2.26252e-05, 0.000556584, -0.00189468, -0.0008124
# 0.000132463, -7.12034e-05, 9.08969e-05, 0.000116054, 5.2327e-05, -7.03002e-05, -2.44337e-05, 0.000104068, -0.000131413, 0.000817641, -1.49444e-05, 0.00100119, -0.000582579, 0.000831381, -0.000185762, 5.30916e-05, -0.000120093, -1.72603e-05, 0.000142432, 0.000156766, -0.000349804, -4.63683e-05, -0.000320137, 0.000211603, 0.00123357, -0.000322486, 0.000337578, 0.000647459, -0.000891756, 0.000265137, 0.000775993, 0.000155483, -3.30858e-05, -0.000207889, -0.00062568, -0.000129787, -0.00110742, -0.000379688, 0.000749457, 0.00118946, 0.00081927, -0.00126049, 0.000178374, 0.00101626, -0.000487372, 0.00154296, 0.000105111, 0.00123697, 0.000736679, -0.000138974, 0.000459526, -0.000505236, -0.00348071, 0.000200924, 0.000887598, -0.00255797, 0.00137401, -0.00087307, 0.000961416, -0.00114442, 0.00115622, 2.18731e-05, 0.00219933
# -0.000494557, 0.000171686, 0.000501774, -0.000435265, -7.49969e-05, -3.27103e-05, -0.000135, -0.000451083, 0.000175441, -1.49444e-05, 0.0247001, 0.00161351, -0.0192547, 0.00146382, -0.0186722, 0.00719909, 0.00389072, -0.0234443, -0.0142728, 0.0202024, 0.023604, 0.0367519, 0.00336962, 0.00804305, -0.00715078, -0.0036348, -0.00101096, -0.00817839, -0.0341361, 0.00171505, 0.0197442, -0.00986673, 0.00523819, 0.0173233, 0.0206422, -0.0205704, -0.0319853, 0.00261194, 0.0121326, -0.00444454, -0.000179343, 0.00345644, 0.00847776, -0.00132186, -0.00350134, -0.00739533, 0.00108686, -0.00515342, 0.00332233, -0.00191859, 0.00181976, 0.00441365, -0.0123121, 0.00506686, -0.00883743, -0.00266843, 0.00938044, -0.00178303, -0.000958425, 0.00826259, 0.00718497, -0.000160752, 0.00377743
# 5.2651e-05, -0.00174649, 0.00227342, -0.00013942, 0.000245211, 0.000463403, -0.000360584, -0.000394458, -0.00121258, 0.00100119, 0.00161351, 0.244858, -0.0740541, 0.000993778, -0.0057258, 0.0306719, 0.0209545, -0.021808, 0.0047365, 0.0327046, 0.00207131, 0.0312981, 0.00296396, 0.0204953, 0.020351, 0.0176021, -0.0476376, -0.0051942, 0.0149667, 0.031034, 0.0262851, -0.0761341, 0.00277134, 0.0029036, -0.094951, 0.0249056, -0.0478072, 0.0184668, -0.0682236, 0.0418568, -0.0707525, -0.00888866, 0.049173, -0.0111198, -0.0316915, -0.00780872, -0.0438943, 0.0196948, -0.0155086, 0.00155071, -0.0343683, 0.0703137, 0.0132007, 0.0139959, -0.0475506, -0.0616326, 0.151479, -0.00900513, -0.0134639, 0.127852, -0.0402944, 0.108297, -0.0711186
# -0.000774312, 0.00268706, -0.001066, 0.000345844, 0.000213108, 0.000711796, -0.00143118, 0.00266826, -0.000603855, -0.000582579, -0.0192547, -0.0740541, 0.350867, -0.00438898, 0.00733582, -0.0297403, -0.0131331, 0.00353982, -0.00143234, -0.0138585, -0.00220356, -0.0278428, -0.000163823, -0.0236613, -0.0226071, -0.0268119, 0.0234601, -0.012619, 0.00686201, -0.0330183, -0.0208354, 0.0374411, 0.00768052, -0.0046604, 0.0616215, -0.0156649, 0.0223694, -0.00220929, -0.0079724, -0.0059387, 0.079485, -0.00651114, -0.0896464, -0.0305686, 0.0518144, 0.0722943, 0.113301, 0.00329282, 0.0244373, 0.04115, 0.00734857, -0.0275981, -0.0388981, -0.0927155, 0.0450272, 0.0980621, -0.0713529, -0.00777384, 0.0495872, -0.0207638, -0.0433526, -0.109329, 0.0123396
# 0.000540889, -0.0164894, 0.00015352, -0.000137084, 0.00103679, 0.00114807, -0.0015181, 0.00102467, 0.000272795, 0.000831381, 0.00146382, 0.000993778, -0.00438898, 0.099675, 0.0237507, 0.0264702, 0.0255417, 0.016724, 0.0150551, 0.0329279, 0.0284122, 0.0274308, 0.0294282, 0.028805, 0.0372825, 0.0242523, 0.0277943, 0.0270556, 0.0205966, 0.0214069, 0.0278639, 0.0271221, 0.0296601, 0.020399, 0.0255834, 0.0370321, 0.0348406, 0.0269573, -0.0665875, 0.0164475, 0.00830844, -0.00655539, 0.00302771, 0.00438866, -0.0141412, 0.0218471, -0.0117802, -0.00322558, -0.0160113, -0.024219, -0.0095536, -0.0111046, 0.02368, -0.00202387, 0.0105687, 0.0198283, 0.0180128, -0.0130552, 0.00998396, 0.00908765, -0.0124693, -0.00862662, 0.0147803
# -0.000369756, -0.0164844, -0.00050135, 0.00095993, -0.000458686, 0.000235421, -1.64109e-06, 4.38824e-05, 0.000104652, -0.000185762, -0.0186722, -0.0057258, 0.00733582, 0.0237507, 0.15132, 0.0214276, 0.0218773, 0.0340213, 0.030263, 0.0119869, 0.00495743, -0.0074163, 0.0249327, 0.0216357, 0.0314731, 0.0210913, 0.0302074, 0.029224, 0.0538869, 0.026302, 0.00335799, 0.0306514, 0.0165705, 0.0139244, 0.0190144, 0.0435371, 0.0539737, 0.0225059, -0.0129689, -0.0964379, -0.0231434, 0.00873547, 0.00321532, 5.64519e-05, 0.0107326, 0.0187174, 0.0114419, 0.0266645, 0.00330372, -0.00320329, 0.00553546, -0.00433519, 0.0460886, 0.000308722, 0.0180348, 0.016638, -0.00512739, 0.0204495, -0.00149962, -0.0271572, -0.00614993, 0.00559638, -0.0146464
# -0.000515169, -0.0181264, 0.00113672, 7.18362e-05, -0.000885581, 0.000734971, -0.000560207, -0.000147866, -2.50645e-05, 5.30916e-05, 0.00719909, 0.0306719, -0.0297403, 0.0264702, 0.0214276, 0.105667, 0.0297426, 0.0156662, 0.0229641, 0.0407783, 0.0281946, 0.0494083, 0.0326194, 0.0410276, 0.0238834, 0.0327423, 0.0287619, 0.0202279, 0.0226479, 0.0391339, 0.0353681, 0.0200681, 0.0244838, 0.0280304, 0.0191745, 0.0304045, 0.0138819, 0.0278177, 0.0119491, 0.00433497, -0.0992906, -0.00190108, 0.0314672, -0.00716039, -0.0150532, 0.0305425, -0.0269606, 0.00927351, -0.0103065, 0.00615904, -0.00786221, 0.0119075, 0.0254186, -0.00824775, 0.00570205, 0.0202692, 0.0303546, -0.000627947, 0.0135592, 0.0191256, 0.00194157, 0.0309067, -0.0121578
# 7.82132e-05, -0.0171731, 0.00026428, -0.00089938, 0.000130828, 0.000488576, -0.00103519, -6.08555e-05, 1.87135e-05, -0.000120093, 0.00389072, 0.0209545, -0.0131331, 0.0255417, 0.0218773, 0.0297426, 0.0928889, 0.0234162, 0.0251923, 0.0377331, 0.0339474, 0.0415319, 0.0348897, 0.0384849, 0.0277246, 0.0228741, 0.0190631, 0.0335615, 0.0188871, 0.0264609, 0.0380594, 0.0312035, 0.0272649, 0.0285971, 0.0227096, 0.0218144, 0.0170999, 0.0281146, 0.015419, 0.0201204, 0.00107703, -0.0758848, 0.0120855, 0.000216032, -0.0168744, 0.0115084, -0.0118349, -0.0101339, -0.0117241, -0.0191428, 0.00395961, 0.00908981, -0.00642648, -0.0170929, 0.00145622, -0.0146442, 0.023458, -0.0022692, -0.0106881, 0.0223645, 0.0247624, 0.0235199, -0.0239191
# 0.000424386, -0.0171924, -0.00193737, -0.000104291, -0.00172829, -0.000308899, 0.000194806, 0.000818602, -0.000860731, -1.72603e-05, -0.0234443, -0.021808, 0.00353982, 0.016724, 0.0340213, 0.0156662, 0.0234162, 0.192195, 0.0366509, -0.00759547, -0.00839381, -0.0146521, 0.0228974, 0.0190007, 0.0191991, 0.021068, 0.0274632, 0.033663, 0.0541693, 0.0216239, 0.00284813, 0.0424058, 0.0242152, 0.0121278, 0.0232386, 0.0463009, 0.0594334, 0.0205933, 0.0164908, 0.0281795, 0.0153685, -0.000818541, -0.152596, -0.0108239, 0.00467599, 0.00527934, 0.0212784, -0.0131287, 0.00218479, 0.0167821, 0.000483708, -0.0061886, -0.00777609, -0.0331767, -0.00295532, 0.0137462, 0.00785757, 0.00921603, 0.0100267, -0.0109184, 0.00398219, 0.00529725, -0.0116445
# 0.00127972, -0.0165689, -0.000601329, -0.000621745, -5.71408e-05, 0.000210642, -0.000351826, -0.000135191, -0.000266957, 0.000142432, -0.0142728, 0.0047365, -0.00143234, 0.0150551, 0.030263, 0.0229641, 0.0251923, 0.0366509, 0.114672, 0.0162297, 0.00864967, 0.0104533, 0.0250623, 0.0255991, 0.0237714, 0.0220369, 0.021702, 0.0254961, 0.0440215, 0.0260267, 0.0177034, 0.0163105, 0.0238999, 0.0139571, 0.00964701, 0.0338312, 0.0518899, 0.0207932, -0.0158522, 0.0163642, -0.0182988, -0.0110336, 0.00327989, -0.122376, -0.0056421, 0.0197208, -0.00544918, -0.00737641, -0.0120851, 0.0224134, 0.0020468, 0.00895846, 0.0222806, -0.00721091, 0.0168908, -0.0153897, 0.0293993, -0.014158, 0.0118086, 0.00500985, 0.00409146, -0.0271767, -0.00356985
# -0.000773069, -0.0176612, -0.000139206, 0.000237042, 0.000647148, 0.00112869, -0.00245841, -0.000226523, 0.000118199, 0.000156766, 0.0202024, 0.0327046, -0.0138585, 0.0329279, 0.0119869, 0.0407783, 0.0377331, -0.00759547, 0.0162297, 0.12915, 0.0484993, 0.0642544, 0.0364081, 0.0400163, 0.0217235, 0.0124486, 0.0199901, 0.00493945, 0.00398908, 0.0340896, 0.0491556, 0.0106805, 0.0315277, 0.0352134, 0.0314626, 0.00849852, 0.0107604, 0.0341974, 0.0120571, 0.039623, -0.0218998, -0.0102063, 0.0178712, 0.00100911, -0.0931849, 0.0286144, -0.0278984, 0.0126417, -0.009222, -0.0115284, 0.0145614, 0.0216906, 0.0398743, 0.00202191, -5.07033e-05, 0.0130322, 0.0401076, -0.00421582, 0.02533, 0.0354096, 0.00514091, -0.00569365, -0.0176509
# -0.000627831, -0.0160705, 0.00151189, -7.24885e-05, 0.000164778, 0.000221203, -0.000714847, -0.000120301, -0.000763643, -0.000349804, 0.023604, 0.00207131, -0.00220356, 0.0284122, 0.00495743, 0.0281946, 0.0339474, -0.00839381, 0.00864967, 0.0484993, 0.118379, 0.0636763, 0.0231401, 0.0388935, 0.0201782, 0.0206858, 0.0265652, 0.0143808, -0.00952058, 0.0199374, 0.0573105, 0.0154414, 0.0266948, 0.0408361, 0.0487807, 0.00178909, -0.00765894, 0.0205578, 0.00348939, 0.00526641, 0.00158567, -0.00445056, 0.00971635, -0.0010582, -0.0125622, -0.093129, 0.00989446, 0.0167233, -0.00745037, 0.00192186, 0.00162836, -0.00294483, 0.00629995, -0.0108205, 0.0038205, -0.00742221, 0.0359554, -0.0216101, 0.000926582, 0.0167156, 0.0046955, -0.0145937, 0.0176455
# -0.00106618, -0.0200456, 0.00097524, -0.00167307, -4.74444e-05, 0.000367293, 0.000467122, -0.000654935, -0.000810002, -4.63683e-05, 0.0367519, 0.0312981, -0.0278428, 0.0274308, -0.0074163, 0.0494083, 0.0415319, -0.0146521, 0.0104533, 0.0642544, 0.0636763, 0.159611, 0.0301125, 0.0527197, 0.0198191, 0.0287903, 0.0264571, 0.0216005, -0.0193239, 0.0364043, 0.0625038, 0.0102098, 0.0478505, 0.0576672, 0.0484388, 0.00394154, -0.025114, 0.0263959, 0.00920945, 0.00609561, -0.0129349, 0.0169012, 0.0021338, -0.00187359, -0.0113877, 0.028635, -0.107409, -0.00551291, -0.0160758, -0.00204939, -0.00901133, 0.0221373, -0.0138321, 0.00291245, -0.029859, 0.00400531, 0.0523952, -0.0134372, 0.00429193, 0.0485084, 0.0177279, 0.00332349, -0.00702571
# -0.000592323, -0.0174041, 0.000204088, -0.000174207, -0.000226755, 0.000871644, -0.00126188, 7.9371e-05, 0.00146875, -0.000320137, 0.00336962, 0.00296396, -0.000163823, 0.0294282, 0.0249327, 0.0326194, 0.0348897, 0.0228974, 0.0250623, 0.0364081, 0.0231401, 0.0301125, 0.125248, 0.0251481, 0.0257057, 0.0168662, 0.0333903, 0.0308986, 0.0122748, 0.0318389, 0.0241471, 0.0351043, 0.0260449, 0.0228769, 0.0276374, 0.020289, 0.0401713, 0.0272748, 0.00713575, 0.0341825, 0.00776868, -0.000123734, 0.0184919, -0.0118909, 0.00377919, 0.0271092, 0.0163279, -0.112785, 0.0165897, 0.00560507, 0.0252562, -0.0103879, -0.0178059, 0.0265601, 0.0175302, 0.0150746, -0.00199601, 0.0098322, 0.0113868, 0.00785423, 0.0207942, -0.00339274, -0.011887
# 1.60419e-05, -0.0191081, 0.000233626, -0.000959517, -0.000155203, -0.000805431, -0.00131576, -0.00121086, -0.000329792, 0.000211603, 0.00804305, 0.0204953, -0.0236613, 0.028805, 0.0216357, 0.0410276, 0.0384849, 0.0190007, 0.0255991, 0.0400163, 0.0388935, 0.0527197, 0.0251481, 0.0978129, 0.0220828, 0.0273208, 0.0278777, 0.0201711, 0.0214191, 0.0239212, 0.0378628, 0.021739, 0.0369737, 0.0338729, 0.0254445, 0.0302129, 0.0136584, 0.0300796, 0.00855996, 0.0147353, -0.0186569, -0.00914192, 0.0171528, -0.0117185, -0.0129554, 0.0117602, -0.0331265, 0.0115899, -0.0839644, -0.000951343, -0.00734806, 0.00923083, 0.00821193, -0.012286, 0.0141849, 0.000382026, 0.0238199, -0.000804419, 0.00634812, 0.013759, -0.00843069, 0.00760315, -0.00722813
# 0.000320207, -0.0168368, 0.00028492, 0.000833574, 0.000316396, 0.000145349, -0.00120964, 0.00133755, -0.000597801, 0.00123357, -0.00715078, 0.020351, -0.0226071, 0.0372825, 0.0314731, 0.0238834, 0.0277246, 0.0191991, 0.0237714, 0.0217235, 0.0201782, 0.0198191, 0.0257057, 0.0220828, 0.140462, 0.0256425, 0.0191789, 0.0256133, 0.0343329, 0.0325344, 0.0256637, 0.0153543, 0.0207634, 0.0195635, 0.0139986, 0.0314655, 0.0331589, 0.0221326, -0.0254926, 0.0151283, -0.00828107, 0.0142767, 0.0242787, 0.014351, -0.0071907, 0.00916525, 0.0131769, -0.00552295, 0.00533569, -0.116644, 0.00148722, 0.0117104, 0.0175172, -0.00783192, -0.0230797, 0.00705621, 0.0446141, 0.00273861, 0.0100721, -0.0068749, 0.00869214, 0.0135718, 0.0118345
# -0.000314294, -0.0166039, 0.0017465, 0.000540849, 0.000869097, 0.000229665, 0.000703388, -0.000378589, -0.00135391, -0.000322486, -0.0036348, 0.0176021, -0.0268119, 0.0242523, 0.0210913, 0.0327423, 0.0228741, 0.021068, 0.0220369, 0.0124486, 0.0206858, 0.0287903, 0.0168662, 0.0273208, 0.0256425, 0.109229, 0.0197463, 0.0401409, 0.0382025, 0.02768, 0.0194066, 0.0318617, 0.0257711, 0.0168656, 0.0111493, 0.0359953, 0.0136736, 0.01421, -0.0166084, 0.0160298, -0.0297935, 0.00536954, 0.0211699, 0.00466689, 0.00201238, 0.0294645, -0.0114353, 0.000603703, 0.000986612, 0.0128697, -0.102698, 0.00943412, -0.000451279, 0.00770792, 0.00650009, 0.0322682, 0.00151786, -0.00563964, 0.0164377, 0.00836536, -0.00297587, 0.0527548, -0.00149701
# -0.000120527, -0.0172831, -0.000874441, -5.52549e-05, 0.00044608, -0.00034672, 0.000168258, 8.02515e-05, -0.000422349, 0.000337578, -0.00101096, -0.0476376, 0.0234601, 0.0277943, 0.0302074, 0.0287619, 0.0190631, 0.0274632, 0.021702, 0.0199901, 0.0265652, 0.0264571, 0.0333903, 0.0278777, 0.0191789, 0.0197463, 0.123788, 0.03302, 0.015142, 0.0191908, 0.0141962, 0.0578122, 0.014425, 0.0165759, 0.0421593, 0.0207661, 0.0340572, 0.0149111, -0.0045828, -0.00146023, -0.00766202, -0.00543308, -0.00205095, 0.0102174, 0.0114351, 0.0257402, -0.00352754, -0.00223465, -0.00428914, 0.00812343, 0.024079, -0.108077, 0.0040923, -0.0244599, 0.00915654, 0.0280356, -0.0289636, 0.00541444, 0.0148175, -0.0183851, 0.0304501, -0.0283423, 0.0114237
# 0.00105227, -0.0173538, -0.000252096, 0.000304296, 0.000983958, -8.40992e-05, -0.00130525, 0.000539102, 0.000152403, 0.000647459, -0.00817839, -0.0051942, -0.012619, 0.0270556, 0.029224, 0.0202279, 0.0335615, 0.033663, 0.0254961, 0.00493945, 0.0143808, 0.0216005, 0.0308986, 0.0201711, 0.0256133, 0.0401409, 0.03302, 0.155874, 0.0246533, 0.0335082, 0.0234898, 0.0362522, 0.0180568, 0.0227168, 0.0292354, 0.0324847, 0.0480559, 0.0192603, -0.0131381, -0.0154319, -0.0124392, 0.0122807, 0.0107797, -0.00963007, 0.0177033, 0.0231398, -0.00587617, -0.021184, 0.0206398, 0.0172088, -0.0240609, 0.031743, -0.163996, 0.0107524, 0.00982408, 0.0123375, -0.00679706, -9.05865e-05, 0.0047028, 0.000770516, 0.0128582, -0.0276147, -0.00596099
# 0.000332879, -0.0177607, -0.00141433, 0.000686959, -0.000401705, 0.000495771, -0.000385497, -0.000311003, 0.000353452, -0.000891756, -0.0341361, 0.0149667, 0.00686201, 0.0205966, 0.0538869, 0.0226479, 0.0188871, 0.0541693, 0.0440215, 0.00398908, -0.00952058, -0.0193239, 0.0122748, 0.0214191, 0.0343329, 0.0382025, 0.015142, 0.0246533, 0.176631, 0.0295784, -0.00523646, 0.0307364, 0.017519, 0.00846566, -0.0123009, 0.0559974, 0.0695206, 0.0252184, -0.0204905, 0.00488336, -0.0333096, 0.00777466, 0.0046717, -0.0215903, 0.00448892, 0.0270291, -0.00419824, -0.000491997, -0.00246221, 0.0112284, 0.0034123, 0.00729696, 0.0570259, -0.0860098, 0.0213495, 0.0212417, 0.0145995, 0.00224701, 0.0361438, -0.011972, -0.0144707, 0.0510121, -0.0207919
# -0.000401781, -0.0162721, 0.000644417, -0.000553856, 0.000467471, 2.99144e-05, 0.000540989, 0.000672032, -0.000142203, 0.000265137, 0.00171505, 0.031034, -0.0330183, 0.0214069, 0.026302, 0.0391339, 0.0264609, 0.0216239, 0.0260267, 0.0340896, 0.0199374, 0.0364043, 0.0318389, 0.0239212, 0.0325344, 0.02768, 0.0191908, 0.0335082, 0.0295784, 0.144227, 0.0288393, 0.0136178, 0.0261795, 0.0218363, 0.0146474, 0.0231173, 0.0174867, 0.029708, 0.0317374, 0.0226467, -0.0461052, 0.00226542, 0.00490671, -0.00960517, -0.00358697, 0.0153088, -0.0153109, -0.00167777, 0.0207456, -0.020721, 0.010616, 0.017264, 0.00572204, -0.0177651, -0.130828, 0.00291257, 0.0310732, 0.00636025, 0.0183878, 0.00650214, -0.0104389, 0.0400222, 0.0018057
# -0.0005617, -0.0170544, 0.000875293, 0.00111213, -1.61445e-05, -2.48555e-05, -0.00105283, -0.000646537, -0.00091207, 0.000775993, 0.0197442, 0.0262851, -0.0208354, 0.0278639, 0.00335799, 0.0353681, 0.0380594, 0.00284813, 0.0177034, 0.0491556, 0.0573105, 0.0625038, 0.0241471, 0.0378628, 0.0256637, 0.0194066, 0.0141962, 0.0234898, -0.00523646, 0.0288393, 0.10947, 0.0113557, 0.0276217, 0.0432776, 0.035686, 0.00839447, -0.00610228, 0.0280751, -0.00336527, 0.00396057, -0.0138707, -0.00455307, 0.0105259, -0.0184132, -0.0058376, 0.00623247, -0.00214701, -0.00417169, -0.00033853, -0.0146039, 0.0128621, 0.0370378, -0.00637965, -0.00146998, -0.014491, -0.0985807, 0.0465027, -0.0177771, 0.0141982, 0.0166122, 0.0224287, 0.0155735, 0.00773561
# -0.000169524, -0.01718, -0.0011139, 0.00119661, 0.000195984, -0.00153514, -0.00105187, 7.64471e-05, 0.00087869, 0.000155483, -0.00986673, -0.0761341, 0.0374411, 0.0271221, 0.0306514, 0.0200681, 0.0312035, 0.0424058, 0.0163105, 0.0106805, 0.0154414, 0.0102098, 0.0351043, 0.021739, 0.0153543, 0.0318617, 0.0578122, 0.0362522, 0.0307364, 0.0136178, 0.0113557, 0.18762, 0.0208701, 0.0132843, 0.047835, 0.0263632, 0.047102, 0.0102394, 0.032511, 0.0126893, 0.0248397, -0.0212734, -0.0124647, -0.000421791, 0.00317985, 0.0360256, 0.00813571, -0.00647307, 0.0253558, -0.00640604, 0.00280769, -0.0335078, 0.00425469, 0.00413085, -0.00265565, 0.0330486, -0.189978, -0.00362294, 0.00408948, -0.00889025, 0.0265623, 0.00117476, 0.0188134
# -0.00010318, -0.0158551, 8.2216e-05, -0.00034055, 0.000869137, -5.17175e-06, -0.000613645, -0.000355214, -0.000941836, -3.30858e-05, 0.00523819, 0.00277134, 0.00768052, 0.0296601, 0.0165705, 0.0244838, 0.0272649, 0.0242152, 0.0238999, 0.0315277, 0.0266948, 0.0478505, 0.0260449, 0.0369737, 0.0207634, 0.0257711, 0.014425, 0.0180568, 0.017519, 0.0261795, 0.0276217, 0.0208701, 0.108086, 0.0268154, 0.031641, 0.0232346, 0.00642683, 0.0251147, -0.0244535, 0.0301418, 0.00360274, 0.000586793, 0.000735801, -0.0086959, -0.00498029, 0.0102564, -0.0205264, 0.00665054, -0.0204425, -0.00174265, -0.00768795, 0.00645657, -0.0147073, -0.00563971, 0.00998095, 0.0243147, -0.00290737, -0.0876139, 0.00540946, 0.0192343, 0.00256573, 0.0070687, 0.00319135
# 0.000979808, -0.0176678, -0.000997746, 0.000281628, -0.000475565, 0.000135124, -0.000818014, -0.000866423, -0.000197877, -0.000207889, 0.0173233, 0.0029036, -0.0046604, 0.020399, 0.0139244, 0.0280304, 0.0285971, 0.0121278, 0.0139571, 0.0352134, 0.0408361, 0.0576672, 0.0228769, 0.0338729, 0.0195635, 0.0168656, 0.0165759, 0.0227168, 0.00846566, 0.0218363, 0.0432776, 0.0132843, 0.0268154, 0.0943631, 0.040648, -0.000812643, 0.00772339, 0.0285805, -0.00355434, -0.0194897, -0.0084276, 0.0229651, 0.00540452, -0.000396018, 0.0115228, 0.00807813, 0.0118857, -0.0125796, 0.00561779, 0.0149948, 0.0122492, 0.0216084, -0.00170956, -0.00840472, 0.0148128, 0.0218527, 0.0303976, -0.0133935, -0.0703154, 0.0160497, 0.0325456, 0.00824431, -0.0154596
# -0.00119938, -0.0167334, -0.000774734, 0.000283737, -0.000508977, -0.000338002, -0.00182478, 0.000790428, -0.000220244, -0.00062568, 0.0206422, -0.094951, 0.0616215, 0.0255834, 0.0190144, 0.0191745, 0.0227096, 0.0232386, 0.00964701, 0.0314626, 0.0487807, 0.0484388, 0.0276374, 0.0254445, 0.0139986, 0.0111493, 0.0421593, 0.0292354, -0.0123009, 0.0146474, 0.035686, 0.047835, 0.031641, 0.040648, 0.185656, -0.00120124, 0.0285245, 0.0136212, 0.023516, -0.0290788, 0.0332826, 0.0140774, -0.0267117, -0.00192513, 0.021679, 0.00761985, 0.0426506, -0.0176385, 0.0187304, 0.0081044, 0.0121129, 0.00320842, -0.0254711, -0.0386977, 0.0198327, 0.0504438, -0.0459052, -0.0015845, 0.0368843, -0.170394, 0.0083341, -0.0633232, 0.0423804
# 0.000652325, -0.0168482, 8.77319e-05, -0.000205098, 0.000246575, 0.00100853, -0.00102142, 0.000162017, -0.00170761, -0.000129787, -0.0205704, 0.0249056, -0.0156649, 0.0370321, 0.0435371, 0.0304045, 0.0218144, 0.0463009, 0.0338312, 0.00849852, 0.00178909, 0.00394154, 0.020289, 0.0302129, 0.0314655, 0.0359953, 0.0207661, 0.0324847, 0.0559974, 0.0231173, 0.00839447, 0.0263632, 0.0232346, -0.000812643, -0.00120124, 0.116427, 0.0461518, 0.0214684, -0.0241965, 0.0344938, -0.0303374, 0.00760018, -0.000432302, 0.00616966, -0.00349758, 0.0257822, -0.0239803, 0.000985262, -0.0239527, 0.0128081, -0.0209485, 0.0160457, 0.0138662, -0.00971561, -0.00255777, 0.0184131, 0.0141279, -0.00140828, 0.0212881, -0.000417914, -0.0874311, 0.0270535, -0.0130098
# 0.000949401, -0.0196832, -0.00254399, 0.000791518, -0.000988823, 0.00149129, -0.00104277, 0.000961983, 0.000895857, -0.00110742, -0.0319853, -0.0478072, 0.0223694, 0.0348406, 0.0539737, 0.0138819, 0.0170999, 0.0594334, 0.0518899, 0.0107604, -0.00765894, -0.025114, 0.0401713, 0.0136584, 0.0331589, 0.0136736, 0.0340572, 0.0480559, 0.0695206, 0.0174867, -0.00610228, 0.047102, 0.00642683, 0.00772339, 0.0285245, 0.0461518, 0.23067, 0.0285764, -0.0298157, 0.0237553, -0.00637389, 0.0261067, -0.00812049, -0.019512, 0.0143134, 0.0406597, 0.0141935, -0.0301791, 0.00609322, 0.015216, 0.0280749, 0.00438947, 0.0431933, -0.00777516, 0.0300919, 0.0383583, 0.00514121, 0.0319546, 0.00391443, -0.0474497, 0.0165261, -0.14343, -0.000965632
# -0.000623333, -0.0155359, 0.000384174, -0.000248655, 6.79838e-05, 0.00128966, -0.00160174, 0.000243599, 0.000108997, -0.000379688, 0.00261194, 0.0184668, -0.00220929, 0.0269573, 0.0225059, 0.0278177, 0.0281146, 0.0205933, 0.0207932, 0.0341974, 0.0205578, 0.0263959, 0.0272748, 0.0300796, 0.0221326, 0.01421, 0.0149111, 0.0192603, 0.0252184, 0.029708, 0.0280751, 0.0102394, 0.0251147, 0.0285805, 0.0136212, 0.0214684, 0.0285764, 0.103, 0.000899288, 0.0256664, 0.0104198, -0.0264165, 0.00825029, 0.0038832, -0.00509901, 0.0209256, 0.0166044, -0.0182731, -0.00332914, 0.00600422, 0.00743517, 0.020979, 0.0231745, -0.00375301, -0.00308034, 0.0302173, 0.0266201, -0.00972383, 0.018411, -0.00225344, 0.0153427, -0.00075443, -0.0916769
# -0.00106075, 0.00226311, 0.000167399, -0.00207633, 0.00204803, -0.00112669, 0.00142971, -0.00138261, 0.00202747, 0.000749457, 0.0121326, -0.0682236, -0.0079724, -0.0665875, -0.0129689, 0.0119491, 0.015419, 0.0164908, -0.0158522, 0.0120571, 0.00348939, 0.00920945, 0.00713575, 0.00855996, -0.0254926, -0.0166084, -0.0045828, -0.0131381, -0.0204905, 0.0317374, -0.00336527, 0.032511, -0.0244535, -0.00355434, 0.023516, -0.0241965, -0.0298157, 0.000899288, 0.738024, 0.0268454, 0.00792036, 0.0118608, 0.040691, 0.0573931, -0.0083855, -0.0387784, -0.00162265, -0.0146088, -0.0418254, -0.000754968, 0.064412, 0.00508521, -0.0101099, 0.00908939, -0.0699024, 0.0214275, -0.0385591, 0.0848946, -0.0261172, -0.00893084, 0.0407231, 0.0536637, 0.027442
# 0.000693908, -0.00661564, 0.000718935, -0.0038557, 0.00168385, 0.00137201, -0.00167576, 0.00143497, -0.00191332, 0.00118946, -0.00444454, 0.0418568, -0.0059387, 0.0164475, -0.0964379, 0.00433497, 0.0201204, 0.0281795, 0.0163642, 0.039623, 0.00526641, 0.00609561, 0.0341825, 0.0147353, 0.0151283, 0.0160298, -0.00146023, -0.0154319, 0.00488336, 0.0226467, 0.00396057, 0.0126893, 0.0301418, -0.0194897, -0.0290788, 0.0344938, 0.0237553, 0.0256664, 0.0268454, 0.64705, 0.0508322, -0.0381022, 0.0119032, 0.00727134, -0.0139861, 0.00185735, -0.0252665, -0.0628654, -0.0238378, -0.016343, -0.0304566, 0.041669, -0.0386006, -0.0521231, -0.0733296, 0.0468074, 0.0381137, -0.0226314, 0.0369428, 0.044384, -0.0664512, -0.0327063, -0.0385821
# 0.00188405, 0.00432727, -0.00140979, -0.00199135, 0.000547829, 0.00102563, -0.00149822, 0.00157508, 0.000335905, 0.00081927, -0.000179343, -0.0707525, 0.079485, 0.00830844, -0.0231434, -0.0992906, 0.00107703, 0.0153685, -0.0182988, -0.0218998, 0.00158567, -0.0129349, 0.00776868, -0.0186569, -0.00828107, -0.0297935, -0.00766202, -0.0124392, -0.0333096, -0.0461052, -0.0138707, 0.0248397, 0.00360274, -0.0084276, 0.0332826, -0.0303374, -0.00637389, 0.0104198, 0.00792036, 0.0508322, 0.641872, -0.0125563, -0.0578492, 0.0203516, -0.00896499, -0.027097, 0.0483394, -0.0056513, 0.0244433, -0.0404773, 0.0438852, -0.000110419, -0.0727167, -0.0183736, 0.0437857, 0.0350099, -0.0840508, -0.0314653, 0.0171771, -0.0302616, -0.0107193, -0.0105825, -0.0521645
# 0.000831637, -0.00188536, 0.000739664, 0.000664859, -0.00166175, -0.00125795, -0.000920494, -0.000413843, -0.000501114, -0.00126049, 0.00345644, -0.00888866, -0.00651114, -0.00655539, 0.00873547, -0.00190108, -0.0758848, -0.000818541, -0.0110336, -0.0102063, -0.00445056, 0.0169012, -0.000123734, -0.00914192, 0.0142767, 0.00536954, -0.00543308, 0.0122807, 0.00777466, 0.00226542, -0.00455307, -0.0212734, 0.000586793, 0.0229651, 0.0140774, 0.00760018, 0.0261067, -0.0264165, 0.0118608, -0.0381022, -0.0125563, 0.545801, -0.0102503, -0.0313181, 0.072567, -0.0118247, -0.00764162, 0.0130733, 0.0379126, -0.00433496, 0.00511005, 0.0222761, -0.0330332, -0.0311333, 0.0195945, 0.0494671, 0.0620476, 0.03884, -0.0206983, 0.0576402, -0.00571378, -0.0811685, 0.0151556
# 0.000593922, -0.000920343, 0.00234831, -0.000491488, 0.00156432, 0.000265877, -0.00123579, -0.00130885, 0.0013978, 0.000178374, 0.00847776, 0.049173, -0.0896464, 0.00302771, 0.00321532, 0.0314672, 0.0120855, -0.152596, 0.00327989, 0.0178712, 0.00971635, 0.0021338, 0.0184919, 0.0171528, 0.0242787, 0.0211699, -0.00205095, 0.0107797, 0.0046717, 0.00490671, 0.0105259, -0.0124647, 0.000735801, 0.00540452, -0.0267117, -0.000432302, -0.00812049, 0.00825029, 0.040691, 0.0119032, -0.0578492, -0.0102503, 0.689117, 0.000741829, -0.0176403, -0.0819724, -0.0370488, -0.0442633, -0.0115693, -0.00514436, -0.0248574, 0.0627548, 0.0019404, 0.0488738, 0.044817, -0.0579571, 0.0301222, -0.0608162, -0.0284152, 0.0115263, 0.0158379, 0.0553504, -0.0155099
# 0.000509002, 0.00238343, 0.000493317, 0.00151419, 1.54343e-05, -0.00113832, 0.00258738, 0.00139014, -0.00111598, 0.00101626, -0.00132186, -0.0111198, -0.0305686, 0.00438866, 5.64519e-05, -0.00716039, 0.000216032, -0.0108239, -0.122376, 0.00100911, -0.0010582, -0.00187359, -0.0118909, -0.0117185, 0.014351, 0.00466689, 0.0102174, -0.00963007, -0.0215903, -0.00960517, -0.0184132, -0.000421791, -0.0086959, -0.000396018, -0.00192513, 0.00616966, -0.019512, 0.0038832, 0.0573931, 0.00727134, 0.0203516, -0.0313181, 0.000741829, 0.636174, -0.00231655, -0.0752467, -0.0426763, -0.0133622, -0.0525409, -0.0638934, -0.0187691, -0.0505008, -0.0116183, 0.0930865, -0.0270267, 0.0392589, 0.0195428, 0.0355274, -0.0577238, -0.0549787, 0.0796627, 0.0431194, 0.00320404
# 0.000505324, -0.00094869, -0.000841809, 0.000248005, -0.00207786, -0.000947159, 0.00110321, -0.000330334, 0.000568798, -0.000487372, -0.00350134, -0.0316915, 0.0518144, -0.0141412, 0.0107326, -0.0150532, -0.0168744, 0.00467599, -0.0056421, -0.0931849, -0.0125622, -0.0113877, 0.00377919, -0.0129554, -0.0071907, 0.00201238, 0.0114351, 0.0177033, 0.00448892, -0.00358697, -0.0058376, 0.00317985, -0.00498029, 0.0115228, 0.021679, -0.00349758, 0.0143134, -0.00509901, -0.0083855, -0.0139861, -0.00896499, 0.072567, -0.0176403, -0.00231655, 0.52761, 0.023752, 0.0971486, -0.00423619, 0.0439009, 0.00569708, 0.0178464, -0.0207995, -0.0506765, -0.034692, 0.0118862, 0.0269164, 0.000944771, 0.0215643, 0.00323498, -0.0517388, 0.0305321, -0.0424807, 0.0316065
# 0.00133029, -0.0119091, -0.00177027, -0.000149633, 0.000149677, 0.00176167, 0.000356315, 0.00189298, -0.00147536, 0.00154296, -0.00739533, -0.00780872, 0.0722943, 0.0218471, 0.0187174, 0.0305425, 0.0115084, 0.00527934, 0.0197208, 0.0286144, -0.093129, 0.028635, 0.0271092, 0.0117602, 0.00916525, 0.0294645, 0.0257402, 0.0231398, 0.0270291, 0.0153088, 0.00623247, 0.0360256, 0.0102564, 0.00807813, 0.00761985, 0.0257822, 0.0406597, 0.0209256, -0.0387784, 0.00185735, -0.027097, -0.0118247, -0.0819724, -0.0752467, 0.023752, 0.537287, 0.0246963, -0.00515131, 0.0744133, -0.00865054, -0.0414959, -0.0135533, -0.00615266, -0.00848825, 0.024348, 0.0459477, -0.00300067, 0.0646593, 0.0276876, 0.0707323, -0.00320023, -0.0251338, -0.0469661
# 0.00113178, 0.0017958, -5.70632e-06, 0.00181745, -0.00149783, 0.000511216, -0.000952784, 0.00192219, -0.00040878, 0.000105111, 0.00108686, -0.0438943, 0.113301, -0.0117802, 0.0114419, -0.0269606, -0.0118349, 0.0212784, -0.00544918, -0.0278984, 0.00989446, -0.107409, 0.0163279, -0.0331265, 0.0131769, -0.0114353, -0.00352754, -0.00587617, -0.00419824, -0.0153109, -0.00214701, 0.00813571, -0.0205264, 0.0118857, 0.0426506, -0.0239803, 0.0141935, 0.0166044, -0.00162265, -0.0252665, 0.0483394, -0.00764162, -0.0370488, -0.0426763, 0.0971486, 0.0246963, 0.644849, -0.0500561, 0.058609, 0.038047, 0.0414695, 0.00788304, -0.0447606, 0.00113914, 0.0221563, 0.0611691, -0.0540873, 0.0218836, 0.0195643, -0.0158801, -0.00698116, -0.0575439, 0.00871053
# -0.00190038, 0.00425726, 0.00064594, 0.00160941, -0.000357535, -0.000197442, -0.000107005, -0.000519555, 0.000271075, 0.00123697, -0.00515342, 0.0196948, 0.00329282, -0.00322558, 0.0266645, 0.00927351, -0.0101339, -0.0131287, -0.00737641, 0.0126417, 0.0167233, -0.00551291, -0.112785, 0.0115899, -0.00552295, 0.000603703, -0.00223465, -0.021184, -0.000491997, -0.00167777, -0.00417169, -0.00647307, 0.00665054, -0.0125796, -0.0176385, 0.000985262, -0.0301791, -0.0182731, -0.0146088, -0.0628654, -0.0056513, 0.0130733, -0.0442633, -0.0133622, -0.00423619, -0.00515131, -0.0500561, 0.644824, -0.000307585, -0.0172099, -0.0366873, -0.00696357, 0.0339781, -0.125362, -0.00114196, -0.0228058, 0.0242173, -0.0449727, -0.0190081, -0.00561084, -0.052888, -0.0401659, -0.0245736
# 0.000240191, 0.00231386, -0.000170808, 0.00307388, -0.00194446, 0.000253194, -7.74649e-05, 0.00364003, -0.000634162, 0.000736679, 0.00332233, -0.0155086, 0.0244373, -0.0160113, 0.00330372, -0.0103065, -0.0117241, 0.00218479, -0.0120851, -0.009222, -0.00745037, -0.0160758, 0.0165897, -0.0839644, 0.00533569, 0.000986612, -0.00428914, 0.0206398, -0.00246221, 0.0207456, -0.00033853, 0.0253558, -0.0204425, 0.00561779, 0.0187304, -0.0239527, 0.00609322, -0.00332914, -0.0418254, -0.0238378, 0.0244433, 0.0379126, -0.0115693, -0.0525409, 0.0439009, 0.0744133, 0.058609, -0.000307585, 0.592548, -0.0239934, -0.0203717, -0.0337793, -0.0670835, -0.013851, 0.00333574, 0.0400731, -0.058219, -0.0129968, 0.0352765, 0.00731508, 0.051111, -0.0540145, -0.0278428
