# stan_version_major = 2
# stan_version_minor = 37
# stan_version_patch = 0
# model = survival_model
# start_datetime = 2026-03-12 12:37:52 UTC
# method = sample (Default)
#   sample
#     num_samples = 2000
#     num_warmup = 1000 (Default)
#     save_warmup = false (Default)
#     thin = 1 (Default)
#     adapt
#       engaged = true (Default)
#       gamma = 0.05 (Default)
#       delta = 0.8 (Default)
#       kappa = 0.75 (Default)
#       t0 = 10 (Default)
#       init_buffer = 75 (Default)
#       term_buffer = 50 (Default)
#       window = 25 (Default)
#       save_metric = false (Default)
#     algorithm = hmc (Default)
#       hmc
#         engine = nuts (Default)
#           nuts
#             max_depth = 10 (Default)
#         metric = dense_e
#         metric_file =  (Default)
#         stepsize = 1 (Default)
#         stepsize_jitter = 0 (Default)
#     num_chains = 1 (Default)
# id = 4
# data
#   file = /Users/dansprague/Documents/PhaseSkate/benchmarks/scaling/data/data_H50.json
# init = 2 (Default)
# random
#   seed = 42
# output
#   file = /Users/dansprague/Documents/PhaseSkate/benchmarks/scaling/stan_output/survival-20260312083752_4.csv
#   diagnostic_file =  (Default)
#   refresh = 100 (Default)
#   sig_figs = 8 (Default)
#   profile_file = profile.csv (Default)
#   save_cmdstan_config = false (Default)
# num_threads = 1 (Default)
# stanc_version = stanc3 v2.37.0
# stancflags = --filename-in-msg=survival.stan
lp__,accept_stat__,stepsize__,treedepth__,n_leapfrog__,divergent__,energy__,log_alpha,beta_0,beta.1,beta.2,beta.3,beta.4,beta.5,beta.6,beta.7,beta.8,log_sigma_int,log_sigma_slope,rho,z_int.1,z_int.2,z_int.3,z_int.4,z_int.5,z_int.6,z_int.7,z_int.8,z_int.9,z_int.10,z_int.11,z_int.12,z_int.13,z_int.14,z_int.15,z_int.16,z_int.17,z_int.18,z_int.19,z_int.20,z_int.21,z_int.22,z_int.23,z_int.24,z_int.25,z_int.26,z_int.27,z_int.28,z_int.29,z_int.30,z_int.31,z_int.32,z_int.33,z_int.34,z_int.35,z_int.36,z_int.37,z_int.38,z_int.39,z_int.40,z_int.41,z_int.42,z_int.43,z_int.44,z_int.45,z_int.46,z_int.47,z_int.48,z_int.49,z_int.50,z_slope.1,z_slope.2,z_slope.3,z_slope.4,z_slope.5,z_slope.6,z_slope.7,z_slope.8,z_slope.9,z_slope.10,z_slope.11,z_slope.12,z_slope.13,z_slope.14,z_slope.15,z_slope.16,z_slope.17,z_slope.18,z_slope.19,z_slope.20,z_slope.21,z_slope.22,z_slope.23,z_slope.24,z_slope.25,z_slope.26,z_slope.27,z_slope.28,z_slope.29,z_slope.30,z_slope.31,z_slope.32,z_slope.33,z_slope.34,z_slope.35,z_slope.36,z_slope.37,z_slope.38,z_slope.39,z_slope.40,z_slope.41,z_slope.42,z_slope.43,z_slope.44,z_slope.45,z_slope.46,z_slope.47,z_slope.48,z_slope.49,z_slope.50
# Adaptation terminated
# Step size = 0.336303
# Elements of inverse mass matrix:
# 0.000515062, 4.85744e-05, -2.24425e-05, 2.76974e-05, -7.49326e-05, 3.31388e-05, -4.33768e-05, -3.39804e-05, -5.60958e-05, 2.87149e-05, -3.90532e-05, 0.000160357, -0.000867281, -0.000159532, -0.000316837, -0.000371079, -0.00037343, -0.000181277, -0.00131556, -0.000306248, -0.000109793, -0.00015262, -0.000255247, -0.000210735, -0.000319858, -0.00067719, 8.47485e-05, -0.000487441, 0.000354244, -0.000417385, -0.000222716, 0.000555924, -1.60787e-06, 0.000192162, -0.000167713, -0.000782763, -7.83424e-06, -0.00046799, 7.14596e-05, -0.000360906, -0.000104116, -0.00107321, -0.000933613, 2.67979e-06, -0.000103287, 0.000412893, -0.000735329, -0.000552698, -0.000127144, -0.000204571, -0.000663616, 0.000220402, -0.000655751, -0.00042162, -0.000167914, -0.000635929, -2.22359e-05, -0.000320941, -0.000771599, -0.000215407, -0.000534572, 0.000754251, -0.000569237, -0.000179464, 1.11341e-05, 2.5295e-05, -6.9637e-05, 0.000475938, 0.00178063, -0.000940856, -0.000599418, -0.00115168, 0.000111156, -0.000845938, 0.000287176, 0.00130824, -0.000322363, -9.90212e-05, -0.000578836, 0.000710009, -0.000361199, 0.000873055, -0.000616444, -0.00157988, -0.000587275, 3.80889e-05, -0.000950984, 0.000644603, -0.00091262, 0.000201097, 1.37985e-05, 0.000705798, 0.000826093, -0.000728039, 0.000710987, -0.00138649, 0.000383826, 0.000619253, -1.99816e-05, -0.000406196, 0.00134017, -0.000859082, 0.00073117, -0.000563818, -0.000642576, 0.000105132, -0.000270299, 0.000839313, 0.000569761, 0.00167555, -0.000133871, -0.00117115, 0.000218301
# 4.85744e-05, 0.00916109, 2.87544e-05, -0.000167692, 8.49858e-05, -1.17439e-05, 0.000210662, -0.00016457, 0.00018158, -0.000201196, 0.000235709, 6.70425e-05, -0.000479667, -0.0132603, -0.0138095, -0.0125425, -0.0125215, -0.0152827, -0.010539, -0.0140642, -0.0134365, -0.0149634, -0.0126498, -0.0141583, -0.0112258, -0.00986767, -0.0130861, -0.0139355, -0.012952, -0.0134093, -0.0145831, -0.00999089, -0.0149893, -0.0142399, -0.0126905, -0.0112972, -0.0121941, -0.0134787, -0.0128517, -0.0140389, -0.0126605, -0.0125639, -0.0134035, -0.014491, -0.0119259, -0.0115523, -0.0126844, -0.0114935, -0.0135219, -0.0139799, -0.0135628, -0.0121715, -0.0090977, -0.0135047, -0.0122872, -0.015582, -0.0113951, -0.012132, -0.014949, -0.0116925, -0.0133589, -0.0122802, -0.0143592, -0.0025948, 0.0069176, -8.85908e-05, -0.00175539, 0.00275179, -0.00586201, 0.00134016, 0.0011236, 0.00193101, -0.00107729, 0.00164935, -0.00543078, -0.00861795, -0.000585621, -0.00275498, 0.00325221, -0.0025693, 0.000111895, 9.30484e-05, 0.00723359, 0.00484243, 0.000340953, 0.00258154, 0.00147118, -0.00409539, -0.00168031, 0.00164519, 0.000188956, 0.00119584, -0.00397962, 0.00437659, -0.0036295, -0.000935918, 0.000528158, -0.000143796, 0.00321114, 0.00223144, 0.000641066, -0.00164243, -0.00754778, 0.00607142, 0.00114254, 0.0024136, -0.000277766, 0.000739119, 0.00177659, -0.00530141, -0.000580157, 0.000810467, 0.000369441
# -2.24425e-05, 2.87544e-05, 0.000401975, -6.0045e-06, 5.86695e-05, 6.20611e-05, -2.55198e-05, 1.98062e-05, -1.27938e-05, -2.65739e-05, -6.13114e-05, 0.000225719, 5.93504e-05, 0.00016823, 0.000532056, 0.00043227, -0.000113074, -0.00034924, 0.000484678, -0.000164933, -1.43745e-05, -2.69675e-08, 0.000657197, 0.000156175, 6.86227e-05, 0.000579143, 0.000197416, 0.000256973, -0.00012708, -0.000447425, 6.26618e-05, -0.00106012, 0.000254497, 0.000389703, 0.000263072, 0.000307451, 0.000624033, -0.000420627, -3.34449e-05, 0.000395979, 0.000532505, -0.000215899, 6.40063e-05, -0.000319427, 0.00035002, 0.000761596, 0.000105681, -0.000211222, -0.000142157, -0.000473235, -0.000250581, 0.000406513, 6.4521e-06, 0.000150007, -9.56406e-05, 5.31792e-05, -0.000115867, -0.000105263, -0.000719215, -5.14651e-05, -2.6486e-05, 0.000582223, -0.000119681, -0.000637426, -0.000695955, -0.00116895, 0.000948139, 0.000449326, -0.00152121, -0.000487276, 0.000590094, -0.000352556, -0.00138526, -2.25279e-05, 0.00105517, -0.00139738, -0.00024321, -0.00106876, 0.000385212, 0.000647236, 0.000453512, 0.00186837, -0.00108705, 0.000812302, 0.000181699, -0.000565501, 0.000875816, 9.57785e-05, 0.000152751, 5.58685e-05, -0.000800486, 0.000474777, -0.00093322, -0.000413975, 0.000126508, 0.000374677, 0.00069972, 0.000634305, 0.000574952, 0.000763445, 0.00020817, -0.00108868, -0.000191562, -0.00020917, 0.000950366, 0.000648607, 0.000644175, 0.000288361, 0.00130139, 0.00039841, -6.18892e-05, -0.000525363, 0.000177551
# 2.76974e-05, -0.000167692, -6.0045e-06, 0.000459058, -4.80191e-05, -2.91898e-05, -4.07566e-05, 5.9095e-05, -5.20241e-05, -1.24051e-05, -0.00018147, -7.15661e-05, 0.000624996, -0.000392663, 0.000508708, 5.82934e-05, -0.000236212, -0.000663741, -0.000926763, -7.58453e-06, 0.00037467, 6.57167e-05, 0.000408095, -3.12315e-05, -0.000142548, -3.6492e-05, -9.69925e-06, -6.12059e-05, -0.000138333, 2.07113e-05, 0.000234509, 1.91865e-05, 0.000274432, 0.000202533, -0.000361522, -0.000425042, 0.000477711, -0.000261375, -9.10473e-05, 0.00020791, -0.00023784, 9.77167e-05, -0.00017735, 0.00037976, 0.000887227, -7.46653e-05, 0.000113765, -0.000313643, -0.000198081, 0.000214854, 0.000687177, 5.74322e-05, -2.11947e-05, 0.000296149, 6.5138e-05, 0.000465055, -0.000215736, -0.000156832, -7.91754e-05, 0.000616203, -0.00021019, 0.000318759, 0.000606301, 0.000341885, -0.00105236, -0.00012316, 0.00121162, 3.80094e-05, 0.0019163, 0.000600705, -0.000214718, 0.000542881, -0.00192637, -0.000987807, 0.000416134, 0.00106026, -0.000747731, 0.000855144, -0.000251099, -0.000638176, -0.00108794, -0.000224493, -0.000921686, 0.000208467, 0.00157649, -0.000120337, -5.22616e-05, 0.000515046, 0.000845822, -0.000188861, 0.000366528, -0.000186093, 7.78933e-05, -0.000875037, -0.000904111, 0.00105393, 0.000105839, -0.00061644, 0.000876905, -0.00154484, -0.00125145, 0.0011996, 0.000735591, 0.000590134, 0.000103606, -0.00029184, 0.00195573, 0.000375729, -0.000428844, -0.000978269, 0.00120418, 0.000286258, -0.0013045
# -7.49326e-05, 8.49858e-05, 5.86695e-05, -4.80191e-05, 0.000476472, -1.71493e-06, 5.6652e-05, -2.20718e-05, -2.16629e-05, -3.49698e-05, 0.00010367, -0.000230283, 0.000171104, -7.89892e-05, 0.000509983, -0.000248086, -0.000344197, -5.5331e-05, 0.000569516, 8.36194e-05, 6.88203e-05, 0.000292551, -0.000457273, -0.000203449, 0.00100498, -0.000226401, 9.97212e-05, -0.000248201, -0.000756729, -0.000576409, 0.000410732, -0.000517911, 0.000583574, -0.000454529, 0.000195579, 2.84896e-05, 9.71978e-05, -0.000489467, 0.000293194, 0.00029284, 0.000242432, -0.000196323, -0.000140076, 0.000108778, -8.33907e-05, -0.000353156, -0.000397865, 0.000544217, 9.75856e-05, -0.000466742, -0.000137294, 0.000227539, 0.000420317, -0.000302364, -7.04909e-05, 0.000130446, 2.5321e-05, 0.0004746, -8.87409e-05, -0.000510925, -0.000321285, -0.000292767, -0.000360444, 0.000681333, 0.000212017, 0.000396848, 0.00134641, -8.65507e-05, -0.00231845, 0.000315941, -0.000109038, 0.00073269, 8.27979e-05, 0.000351657, -0.00184062, -0.000425382, -0.000636948, 0.0004828, 0.000514938, 0.000808442, -0.000688708, -0.000274283, 5.1547e-06, 0.00106704, -0.000469776, 0.000250028, 0.000875994, 0.000675722, -0.00132142, 0.000227069, -0.000797598, -0.00133612, -0.00111841, -0.000408518, 0.000141851, 0.000516096, 0.000257611, -0.000222719, -0.000542292, 0.00139849, 0.000724037, -0.000262374, -0.000781191, 0.000626942, 0.000397423, -0.000838789, 0.000722312, 0.000203884, 0.000691485, 0.000277524, -0.000384239, -4.13806e-05, -9.12125e-05
# 3.31388e-05, -1.17439e-05, 6.20611e-05, -2.91898e-05, -1.71493e-06, 0.000385687, -3.44756e-06, 1.9613e-05, -5.96824e-06, -1.47328e-05, -6.22875e-05, -8.26286e-05, -0.000727007, 0.000376754, -2.69919e-05, 5.29414e-05, 2.75944e-05, 0.000255732, -0.000131626, -0.000159362, -0.000358737, -0.000173484, 2.06323e-05, -1.67552e-05, 7.37415e-05, 0.000125287, -2.69327e-05, -0.000298518, -0.000153863, 0.000142453, -0.000309627, 0.00105605, -0.000116529, -0.000532709, -0.000317557, -0.000135947, 0.000195734, 3.15466e-05, 8.35453e-05, -0.00032662, 4.02324e-05, 2.06491e-05, 0.000669029, -0.00024649, 0.000489902, 0.000871336, 0.000190627, -0.000416244, -0.000163023, 0.000355155, 1.52348e-05, -0.000510353, 0.000387128, 0.000233747, -0.000223231, 8.27146e-06, 0.000185699, -0.000242021, -1.8854e-05, -4.43725e-05, 0.000257014, -0.000178039, -7.24817e-05, -0.000306915, 5.39198e-05, 0.000688578, -0.000831039, 0.000717455, 0.00066885, -0.000905011, 0.000255742, -0.000711094, -8.73067e-05, -0.000513153, 0.000591868, 0.00024289, -0.000707567, -0.000301566, 0.000623067, 0.000605667, 0.000646305, 0.000355295, 0.000258143, 6.45056e-05, -0.000740895, 0.000213448, 0.00017065, -4.40639e-05, -0.000849935, 0.000913736, 0.000868383, 0.000744175, -0.000554329, -0.00138214, 0.000886732, -0.000315159, -0.000360241, 0.00085929, -0.00010998, 0.00102975, 7.84899e-05, 4.38702e-05, -0.00135711, -0.000639198, -0.000390795, -0.000218874, -0.00085787, 0.000701431, -0.00153303, -0.000518608, -0.00118703, 0.000166518, 0.000961905
# -4.33768e-05, 0.000210662, -2.55198e-05, -4.07566e-05, 5.6652e-05, -3.44756e-06, 0.000463054, 2.44286e-05, -9.67015e-06, -5.85034e-06, 8.73338e-05, 0.000162739, -0.00063936, -0.000298184, -0.000375716, -0.000341714, 0.000128733, 0.000339417, -0.000514304, -0.000515068, 0.000207981, -0.000451219, -0.000378379, 7.46892e-05, 0.000430315, 0.000125335, 0.000187273, -0.000642754, -0.000205675, -0.000269572, -0.000384234, 5.42579e-05, -3.62722e-05, -0.000844101, -1.24663e-05, 0.000419439, 1.55963e-05, 0.000560052, -0.000193411, -0.000509095, 0.000189772, -0.000161002, 8.72268e-05, -0.000359452, 0.000388723, -0.00118358, -0.000280961, -0.000177826, 0.000200751, 0.000498248, -0.00103104, -0.000347686, 2.94305e-05, -2.07259e-05, -0.000429667, -0.000777392, -0.000371212, 5.25717e-05, -0.000284571, -0.000213242, 0.000209995, -0.000299689, -0.00024425, 0.00106431, 0.000782272, 0.00027869, -0.00108961, -0.00201265, -0.000232255, 0.000728318, -0.00120308, -0.000394379, 0.000155842, 0.000130064, -0.00144521, -0.000825863, 0.00100296, 0.00180809, 3.13231e-05, 0.000972691, 0.00105359, 0.00137294, 0.000540815, 0.000537847, -0.000812159, -0.000126195, -0.000766016, -0.000834434, -0.00094032, -0.000435373, -0.000744711, 0.000808046, 0.00116027, -4.36323e-05, 0.00131357, 0.00109674, 0.00022744, -0.000790205, -0.000333998, -0.000763361, 0.000460756, -0.000264548, -0.00104739, 0.00064338, -0.000790368, 0.0010107, 0.000313481, -0.00173081, 0.00056304, -0.00105882, -0.000438203, -0.000134983, 0.000821689
# -3.39804e-05, -0.00016457, 1.98062e-05, 5.9095e-05, -2.20718e-05, 1.9613e-05, 2.44286e-05, 0.000485876, 1.7893e-06, 1.67839e-05, 8.15481e-05, -0.000215224, 8.26093e-05, 0.000277576, 8.80819e-05, 0.000290975, 0.000798183, -0.00044655, 0.000731061, -6.11868e-05, 0.000386761, 0.00026298, 0.000243486, 0.000536015, 0.000317318, 0.000278227, 0.000922748, -8.99061e-05, 0.000393803, 3.68486e-05, 0.000539108, 0.000313541, 0.000263446, -4.14306e-05, 0.000680031, 0.000389224, 0.000207353, 0.0010987, -0.000185734, -0.000214395, -2.9115e-05, -0.000560109, 0.000214051, -8.84511e-05, -7.8096e-05, 0.000615849, 8.24943e-05, 0.000146108, -0.00024462, -0.000260717, 0.000249279, 0.000217733, 1.93657e-05, 0.000425123, -0.000263499, 0.000571059, 0.000467055, -0.000190663, 0.000734965, 0.000515786, -0.000313144, -2.57648e-05, 0.000173685, 0.000289913, -0.00152098, -0.000693201, -0.00109688, 0.000599585, -0.00147633, 0.000748289, 0.00025873, -0.000408093, -0.00106616, -0.000348441, 0.000566605, -0.000962839, -0.00170893, 0.00124691, -0.000429809, 3.60175e-05, -0.000758269, -0.000858628, -0.000971614, 0.000219375, -0.00103769, -3.47397e-05, -0.000980829, -0.00120997, 0.0013306, 6.69815e-05, -0.000539025, 0.00116597, -0.00163491, -0.000519254, 0.000989011, 0.000482497, -0.000171047, -0.000287743, 0.00131671, 0.000173186, -0.00134743, 0.000736368, 0.000229865, -0.000103637, 0.000951499, 6.30227e-05, 0.000524634, 0.00148785, -0.000794937, -0.000414456, -9.53632e-07, -0.000830701, -0.000662324
# -5.60958e-05, 0.00018158, -1.27938e-05, -5.20241e-05, -2.16629e-05, -5.96824e-06, -9.67015e-06, 1.7893e-06, 0.000457099, -5.82354e-05, 3.48342e-05, 1.72002e-05, 0.00051462, 0.000294175, -0.000574384, -0.000360789, 0.000124808, -0.000221474, 0.000172018, -0.000439303, 0.00019542, -0.000315816, -0.000128446, -0.000566073, -0.000798703, 0.00014967, -3.42741e-05, 0.000209913, -0.000551175, -0.00056317, -0.00063794, 0.00060624, -0.000374783, -0.000324255, -0.00037398, -0.000265643, -9.24581e-05, -0.000166432, 0.000188368, 0.000477658, -2.98019e-05, -0.000455938, 9.2227e-05, -0.000246445, -0.000270611, -7.96858e-05, -0.000374978, -0.000553023, -0.000260853, -0.000286676, -0.000711327, -0.000547695, 4.85266e-05, -0.00015436, -0.000235929, -0.000130714, 0.000204037, 0.000413152, -0.000290093, 2.65276e-05, -0.000128305, -0.000183112, -0.000149514, -0.000984324, -0.000141536, 0.00109357, 0.000200876, -0.000851343, 0.000186005, 0.000783143, -0.000454559, 0.00044195, 0.000906406, 0.00101091, 0.00055863, -0.000264325, -0.000394823, -0.000574716, 0.000433825, 0.00151557, 0.00129817, -0.000659495, 0.00121215, 0.00112007, 0.000511972, -0.0008211, 0.00117702, -0.00179162, -0.000144295, -0.000474916, 0.000653275, -0.000828306, 0.000177632, 0.0003196, 6.70087e-06, -0.0012059, 0.00114678, 0.000816996, -0.000167612, 0.000379797, 0.00051722, 0.00189838, -0.000434292, 0.000596784, 8.35567e-05, -2.5735e-05, 0.000331402, -0.0011867, -0.000168906, -9.84573e-05, 0.000681128, 0.000694421, -0.000214347
# 2.87149e-05, -0.000201196, -2.65739e-05, -1.24051e-05, -3.49698e-05, -1.47328e-05, -5.85034e-06, 1.67839e-05, -5.82354e-05, 0.000463154, -3.61376e-05, 9.14206e-05, 0.00029763, 0.000118763, 0.000202637, 0.000424247, 0.000751865, 0.000398478, -4.43184e-05, 0.000523345, 0.000362635, -0.000422293, 5.1071e-05, 0.000460221, -0.000185183, -0.000145386, 9.41182e-05, 0.000475286, 0.000694005, 0.00027477, 0.00036865, 0.000559922, 0.000291347, 1.07506e-05, 5.64915e-05, 0.00108372, -0.000245313, 0.000798996, 0.000220167, -3.96721e-05, 0.000373568, 0.00023877, 0.000278648, 0.000214917, -0.000350186, 0.000115585, -0.000417139, 0.000133094, 0.000597459, 0.000665587, 0.000241081, -0.000530057, -0.000494996, -0.000115529, 0.000333758, -0.000204526, 1.6088e-05, 9.75948e-05, 0.000203486, 0.000312041, 3.13027e-05, -9.27397e-05, 8.60635e-05, 0.000516374, 0.00121562, -0.000339502, -0.00128677, -0.00124724, -0.00043869, -0.00082359, -0.000325126, 0.00165288, 0.00115755, -0.00010522, -0.000128424, 0.000341612, 0.00129847, -0.000944048, 0.000217116, -0.000379918, -0.000153627, 0.000705151, 0.000577797, 0.000477515, 0.000599405, 0.000518392, 1.87998e-05, 0.000853974, 0.000307459, 0.000958614, -0.000522544, -0.000281648, 0.000359027, -0.000397046, -0.000124055, 0.000875681, -0.000111059, -0.000266106, -0.000126386, -0.00155721, -0.000565474, 0.000753204, 0.00141842, 0.000647435, -0.000227605, 0.000601148, 0.000181022, 7.8391e-05, 0.000487439, 0.000725927, 0.00084825, 0.000262758, 0.000591155
# -3.90532e-05, 0.000235709, -6.13114e-05, -0.00018147, 0.00010367, -6.22875e-05, 8.73338e-05, 8.15481e-05, 3.48342e-05, -3.61376e-05, 0.0133795, 0.000532653, -0.00485271, 0.00834084, -0.000703823, 0.00956321, 0.00261982, -0.00577599, -0.000260485, 0.0156947, 0.0152993, 0.0302781, 0.000595528, 0.0121038, -0.0068653, -0.00238145, 0.00955286, -0.00759025, -0.00549144, -0.00196722, 0.00760071, -0.0195211, 0.00411601, 0.0133061, 0.0157876, -0.0132856, -0.0168389, -0.0157466, -0.00485429, -0.00364813, -0.00141738, -0.0150463, -0.00145177, 0.00388142, -0.0125256, -0.0204556, -0.00469379, 0.0020672, 0.00665595, -0.0027444, -0.000958979, 0.00790666, 0.00901057, 8.3988e-05, 0.00417211, -0.00826867, 0.00101616, 0.00091975, 0.00977598, 0.00677866, 0.00324245, 0.00451433, 0.00147588, 0.00640114, -0.000670235, -0.00308908, -0.00254752, 0.000332805, -0.00762423, -0.00458116, -0.0016483, -0.00861359, -0.00728227, 0.00243351, -0.00283866, -0.00481786, 0.00041905, 0.00481968, -0.00179861, 0.00167052, 0.00474452, -0.00503424, -0.00434, 0.00093262, -0.00241516, -0.0017275, 0.00839829, -0.00387399, -0.00167825, -0.00516862, -0.00341029, -0.00143725, -0.00112707, -0.0048501, 0.00287129, -0.000500651, 0.00378172, -0.000172746, 0.00417472, -0.00365996, 0.00537175, -0.000849012, 0.00188973, -0.00040627, -0.00200491, -0.000915985, 0.00131138, 0.00406302, -0.00440971, 0.000140919, -0.00186696, -0.00324296, 0.00207113
# 0.000160357, 6.70425e-05, 0.000225719, -7.15661e-05, -0.000230283, -8.26286e-05, 0.000162739, -0.000215224, 1.72002e-05, 9.14206e-05, 0.000532653, 0.0299036, -0.0143718, -0.00321536, 0.00264919, -0.001088, -0.00252642, 0.00275183, -0.00529147, -0.00483892, 0.00603419, 0.0105179, -0.00878764, 0.00675382, 0.00440073, 0.00137326, 0.00938198, -0.00151467, 0.00402528, -0.00273931, -0.00690453, -0.00713288, -0.000448646, -0.00166649, 0.0026726, -0.00604922, -0.000293868, -2.53922e-05, -0.000373744, -0.00412276, 0.00531857, -0.00115866, -0.00573306, 0.00504201, -0.0051383, 0.00537939, 0.00336218, 0.0025755, 0.00873506, -0.000529192, -0.00721857, -0.00636825, 0.00230339, 0.00654194, 0.00450579, -0.00565834, 0.00765313, 0.00121912, -0.000932427, -0.00299906, 0.000902377, 0.0100187, -0.010794, 0.000482755, 0.000969243, 0.00984862, 0.00398665, -0.00462687, -0.00835761, -0.00258153, 0.000622649, 0.0209747, 0.00349792, -0.00166617, -0.0062159, 0.00152545, 0.0121287, -0.00046746, 0.00379772, -0.0021086, -0.00254599, 0.0100871, -0.0127419, -0.00374863, 0.011077, 0.00633945, -0.00504371, -0.00418623, -0.00398175, -0.00159324, 0.00886491, 0.00504369, 0.00918251, -0.00284161, 0.00277319, 0.00749165, -0.000940699, -0.000875082, -0.00326127, -0.000831669, 0.000464652, -0.00207879, -0.00121723, 0.00793184, -0.00215961, 0.0024297, 0.00020358, -0.00824121, 0.00459187, 0.00363305, 0.000356217, 0.00514293, 0.00633448
# -0.000867281, -0.000479667, 5.93504e-05, 0.000624996, 0.000171104, -0.000727007, -0.00063936, 8.26093e-05, 0.00051462, 0.00029763, -0.00485271, -0.0143718, 0.186651, 0.0141098, -0.00552737, 0.00334541, 0.00628533, -0.00498351, 0.00753934, 0.0196816, -0.00355692, -0.0144514, 0.00291432, -9.22645e-05, -0.00622427, -0.00429244, -0.0083045, 0.0129859, -0.0171683, 0.0161738, 0.0247288, 0.00562127, 0.00902847, 0.0159734, -0.0035502, 0.00110024, -0.00595046, -0.0183137, -0.0100785, -2.49614e-05, -0.0119405, -0.019285, -0.000577126, -0.00454042, 0.00167974, -0.0296219, -0.00190925, -0.00654847, -0.00653176, 0.00676223, 0.0207965, 0.0154452, 0.000127501, -0.00874714, -0.0118851, -0.00311139, -0.0103285, 0.0113186, 0.00586451, 0.0104107, 0.00262048, -0.0173857, 0.0181716, 0.00724984, 0.0149963, 0.0269529, 0.029874, -0.0164246, -0.00332973, 0.0729529, 0.0835552, 0.148201, 0.00742994, 0.0738193, -0.0404433, 0.0101573, 0.0453751, -0.0377393, -0.00800672, -0.0287988, 0.0403006, -0.0858275, 0.0288046, 0.0757401, 0.0652932, -0.0481305, -0.0222927, -0.0482664, -0.0201777, -0.00221612, -0.00456742, -0.0526801, -0.00467853, 0.0274375, -0.0490445, -0.0400167, -0.00382158, 0.0244431, 0.0201508, -0.0399285, -0.0229199, 0.0616566, 0.0566248, 0.00941048, 0.0121269, -0.0142268, 0.0286438, -0.00989098, 0.0381486, 0.0510467, 0.0222695, 0.0253871, -0.0190942
# -0.000159532, -0.0132603, 0.00016823, -0.000392663, -7.89892e-05, 0.000376754, -0.000298184, 0.000277576, 0.000294175, 0.000118763, 0.00834084, -0.00321536, 0.0141098, 0.0958262, 0.0126372, 0.0258709, 0.0264671, 0.0210716, 0.0169385, 0.0302477, 0.0253183, 0.0446807, 0.022787, 0.0286916, 0.0158308, 0.0118868, 0.0219057, 0.0239514, 0.0112881, 0.0149724, 0.0315279, 0.00368429, 0.0275748, 0.0324835, 0.0263154, 0.00461745, 0.0106535, 0.00149742, 0.026551, 0.0222082, 0.0111519, 0.00844103, 0.0130674, 0.0201196, 0.0136931, -0.00122602, 0.0168683, 0.0190686, 0.020875, 0.0209149, 0.0193612, 0.023742, 0.0205393, 0.0201668, 0.0248786, 0.0205225, 0.0165927, 0.0236657, 0.0259226, 0.0172783, 0.0248056, 0.0244429, 0.0254207, -0.0873849, 0.00249657, -0.0067298, -0.000794065, 0.00180128, 0.00667964, 0.0110344, 0.00458291, -0.00557479, 0.00303208, 0.0104778, -0.00719123, 0.00904651, 0.00855318, -0.0138402, 0.00639566, 0.0169477, 0.00296295, -0.0322301, -0.000671452, 0.0120442, 0.00417541, -0.00738303, -0.00209009, 0.00455377, -0.0267511, -0.0176471, 0.000182642, -0.0135242, 0.00957744, -0.000576076, 0.00441159, -0.0138051, 0.00280326, 0.00868719, -0.00863548, -0.00669746, 0.00696098, 0.0029677, 0.0182053, -0.0139657, -0.0167529, -0.00987409, 0.00552532, -0.0148836, 0.00283572, 0.0322918, -0.0115092, -0.0145365, -0.000365463
# -0.000316837, -0.0138095, 0.000532056, 0.000508708, 0.000509983, -2.69919e-05, -0.000375716, 8.80819e-05, -0.000574384, 0.000202637, -0.000703823, 0.00264919, -0.00552737, 0.0126372, 0.0876242, 0.019365, 0.0141615, 0.0225634, 0.0205648, 0.0164676, 0.0204866, 0.019747, 0.0178846, 0.0203705, 0.0179938, 0.0185579, 0.0201981, 0.0185565, 0.0237066, 0.019148, 0.016977, 0.00217196, 0.0188691, 0.0258796, 0.0161191, 0.0223569, 0.0172554, 0.0140195, 0.0198401, 0.027295, 0.023127, 0.018881, 0.0226449, 0.0204447, 0.0143628, 0.0250059, 0.0191314, 0.0182884, 0.0170291, 0.0265085, 0.0200263, 0.0221947, 0.0149386, 0.0166643, 0.0208555, 0.0260236, 0.0204042, 0.0164733, 0.0233083, 0.019842, 0.0137988, 0.0202245, 0.0237252, 0.014504, -0.105753, -0.000523819, 0.0205585, -0.00783616, -0.000823456, -0.00984245, 0.00273137, 0.00766063, -0.00221648, -0.00544168, 0.00621259, -0.000696823, -0.00469066, 0.00369229, -0.0183415, 0.000251409, -0.0158176, 0.00927604, -0.00292824, -0.0164468, -0.00640088, -0.0113441, 0.000477477, 0.0259991, 0.00589563, -0.0144094, 0.000762548, 0.00103563, -0.015955, -0.00824108, 0.00760428, 0.00713748, -0.00438941, 3.17513e-06, 0.00714193, -0.00816615, 0.0205216, -0.00590089, 0.0040817, 0.00134115, 0.00440944, -0.0125883, -0.000929865, -0.00225339, 0.00223118, -0.0105117, 0.00398314, 0.00165819, -0.0117639
# -0.000371079, -0.0125425, 0.00043227, 5.82934e-05, -0.000248086, 5.29414e-05, -0.000341714, 0.000290975, -0.000360789, 0.000424247, 0.00956321, -0.001088, 0.00334541, 0.0258709, 0.019365, 0.0815065, 0.0230096, 0.0188508, 0.0172349, 0.0299513, 0.0311241, 0.042812, 0.0234201, 0.032221, 0.00887886, 0.00991914, 0.0305033, 0.0255259, 0.00607859, 0.0238586, 0.032888, -0.00491375, 0.01964, 0.0295014, 0.0214083, 0.0130786, 0.0045552, -0.000999636, 0.0117409, 0.0151124, 0.0127182, 0.00503065, 0.0215163, 0.0222258, 0.00174844, -0.000342955, 0.012806, 0.0164217, 0.0249251, 0.0138234, 0.0139548, 0.0249883, 0.0234321, 0.0199805, 0.0213721, 0.0126073, 0.0212814, 0.0115878, 0.0290169, 0.0277986, 0.0176885, 0.0209245, 0.0174444, 0.0197233, -0.00304646, -0.0968865, 0.00384933, -0.00921463, -0.0105004, 0.00187614, -0.00872613, -0.00527046, -0.0198241, -0.00312802, 1.72291e-05, -0.00356101, -0.00501362, -0.0052586, 0.00502394, -0.00424866, 0.00622463, 0.00873507, -0.0105558, 0.00521299, 0.0145287, -0.0221114, 0.0155165, 0.0199631, 0.00158659, -0.00181554, -0.0010943, -0.00108946, 0.00222903, -0.00722718, 0.00554418, -0.00359775, 0.00254318, 0.00321191, -0.00287633, 0.000959554, 0.00828011, 0.00411365, 0.003688, -0.0126416, -0.000269473, 0.000320628, -0.015252, 0.00476904, 0.0120618, 0.00039317, 0.0157598, -0.0155318, 0.00782556
# -0.00037343, -0.0125215, -0.000113074, -0.000236212, -0.000344197, 2.75944e-05, 0.000128733, 0.000798183, 0.000124808, 0.000751865, 0.00261982, -0.00252642, 0.00628533, 0.0264671, 0.0141615, 0.0230096, 0.0972063, 0.0228979, 0.00777583, 0.0223369, 0.0193632, 0.0280324, 0.020181, 0.0230655, 0.0160949, 0.0175528, 0.020545, 0.0204345, 0.016356, 0.0170176, 0.0218358, 0.0140821, 0.0185162, 0.0194108, 0.0193941, 0.0214643, 0.00985976, 0.0205568, 0.0182754, 0.0132046, 0.0155613, 0.016884, 0.0154121, 0.0207823, 0.00913218, 0.0099573, 0.0172173, 0.0183368, 0.0198328, 0.0178303, 0.0176786, 0.0179544, 0.00877303, 0.0169057, 0.0175195, 0.0215663, 0.0157664, 0.0183421, 0.0259067, 0.0233169, 0.0173748, 0.0132586, 0.0222646, -0.00316399, -0.0121027, -0.00579296, -0.126386, -0.0154483, 0.0314738, 0.00632608, 0.00140484, -0.00844314, -0.00972733, -0.000499688, 0.00922984, 0.0116465, -0.00330026, 0.0130362, 0.00762049, 0.0162071, 0.00135678, -0.0104036, 0.0142667, 0.00671072, -0.0198995, -0.0108511, -0.00710896, -0.00640288, -0.00824735, 0.00237421, -0.00650338, -0.00581058, 0.0137122, -0.0126206, 0.000219559, -0.00965314, 0.00306513, -0.0086806, -0.0102707, 0.00551103, 0.0047343, 0.00722993, 0.0088014, -0.00959636, -0.00367767, 0.00153337, 0.0113779, 0.0103878, -0.00984787, 0.000596078, -0.00344808, 0.0177883, -0.0116181
# -0.000181277, -0.0152827, -0.00034924, -0.000663741, -5.5331e-05, 0.000255732, 0.000339417, -0.00044655, -0.000221474, 0.000398478, -0.00577599, 0.00275183, -0.00498351, 0.0210716, 0.0225634, 0.0188508, 0.0228979, 0.0911431, 0.0191633, 0.0124954, 0.0135733, 0.014971, 0.0182509, 0.0198425, 0.0232228, 0.0191384, 0.0158823, 0.0319226, 0.0275745, 0.0291938, 0.0139907, 0.0216527, 0.021189, 0.015226, 0.0148614, 0.0200284, 0.029337, 0.0332145, 0.0202116, 0.0244576, 0.0226267, 0.031894, 0.0203727, 0.0196394, 0.0234162, 0.0258469, 0.0233405, 0.0209688, 0.0231022, 0.0229372, 0.0267662, 0.00845314, 0.0120257, 0.0197094, 0.0245254, 0.028146, 0.0222944, 0.0208315, 0.0230844, 0.0147003, 0.0268539, 0.0255682, 0.0231878, 0.00735266, -0.015245, -0.00819748, -0.011396, -0.0874073, 0.0133818, 0.00889655, -0.00362386, -0.00818975, 0.00533976, -0.011137, -0.000236799, 0.0265613, 0.0167142, 0.0130779, -0.00754443, 0.0109218, 0.0139445, -0.00646628, -0.00844682, -0.0111107, -0.00879063, 0.00538735, -0.00111293, -0.00384846, 0.00761981, -0.00996831, 0.0182054, -0.00576976, 0.0174767, 0.00060549, 0.0102756, 0.0199415, 0.0135683, -0.00259851, -0.00142392, 0.00534779, -0.000766665, 0.0165352, 0.0147061, -0.00123187, -0.0126769, 0.0155027, -0.00267964, 0.00119299, -0.0131074, 0.00219329, -0.0105382, 0.000467378, -0.0121701
# -0.00131556, -0.010539, 0.000484678, -0.000926763, 0.000569516, -0.000131626, -0.000514304, 0.000731061, 0.000172018, -4.43184e-05, -0.000260485, -0.00529147, 0.00753934, 0.0169385, 0.0205648, 0.0172349, 0.00777583, 0.0191633, 0.10012, 0.0144097, 0.0141034, 0.018947, 0.0145465, 0.0233939, 0.016636, 0.0107079, 0.0172235, 0.026994, 0.0185469, 0.0158115, 0.0148929, 0.0081998, 0.020637, 0.0175098, 0.0124701, 0.016488, 0.0167526, 0.012676, 0.0174488, 0.020537, 0.0188316, 0.00933361, 0.0160483, 0.0120165, 0.00602643, 0.0160266, 0.0119631, 0.0114702, 0.0098714, 0.011519, 0.0162609, 0.0179812, 0.00756006, 0.020026, 0.0175971, 0.0182088, 0.0131323, 0.0181736, 0.0204205, 0.0101917, 0.0148781, 0.0147434, 0.0125328, 0.013941, -0.0069317, 0.00566092, 0.0120872, -0.0089739, -0.148094, 0.00122105, 0.00591679, -0.00484103, 0.00196151, -0.00631398, -0.00151629, 0.00128078, -0.00879792, -0.0276196, -0.0103963, 0.00143754, 0.000576987, -0.00501102, -0.0170291, 0.0112266, 0.00559847, 0.00969109, 0.00546177, 0.0129593, -0.0158357, 0.00510586, 0.00589494, 7.46782e-05, 0.00471048, 0.00717482, 0.0209856, 0.009612, 0.00533702, -0.000839259, 0.00965429, -0.005981, -0.01366, -0.000321384, 0.017956, -0.00743113, -0.0114053, 0.00914304, 4.9792e-05, -0.00369121, -0.0052426, 0.00792422, -0.0035492, 0.00158649, -0.00119757
# -0.000306248, -0.0140642, -0.000164933, -7.58453e-06, 8.36194e-05, -0.000159362, -0.000515068, -6.11868e-05, -0.000439303, 0.000523345, 0.0156947, -0.00483892, 0.0196816, 0.0302477, 0.0164676, 0.0299513, 0.0223369, 0.0124954, 0.0144097, 0.0974315, 0.0365392, 0.0591355, 0.0182764, 0.0324274, 0.0173461, 0.0121262, 0.029231, 0.0169564, 0.00990527, 0.0179926, 0.0415318, 0.0049742, 0.0278478, 0.0451848, 0.0399357, 0.00512166, -0.00325889, -0.00532259, 0.0121362, 0.0181685, 0.0183071, -0.00655061, 0.0166238, 0.0274263, 0.00165365, -0.0159056, 0.0148611, 0.0205155, 0.0320687, 0.0174592, 0.0247667, 0.0313611, 0.0281776, 0.0192596, 0.0236187, 0.0150755, 0.010436, 0.0221866, 0.0393104, 0.0219251, 0.0264389, 0.0227365, 0.0267286, 0.0147688, 0.00152327, 0.000968814, 0.00664779, 0.00159422, 0.00785837, -0.0876633, 0.0113492, 0.00643399, -0.000414714, 0.0237087, -0.023233, 0.00623814, 0.00139012, 0.0106865, -0.0101594, 0.00548131, 0.00632776, -0.0133974, -0.00843001, -0.0072794, 0.00591738, -0.0129684, -0.00895936, 0.0114538, -0.000426466, -0.0177595, -0.0110097, -0.00221655, 0.001938, -0.0128735, 0.00200351, 0.00350575, -0.00283144, -0.0111401, -0.00916402, -0.0121375, 0.00833432, 0.00816401, 0.0190721, -0.00559935, 0.00847296, 0.000100489, 0.0217409, 0.0120174, -0.015161, 0.034118, -0.00175141, -0.0201452, 0.00177926
# -0.000109793, -0.0134365, -1.43745e-05, 0.00037467, 6.88203e-05, -0.000358737, 0.000207981, 0.000386761, 0.00019542, 0.000362635, 0.0152993, 0.00603419, -0.00355692, 0.0253183, 0.0204866, 0.0311241, 0.0193632, 0.0135733, 0.0141034, 0.0365392, 0.0829826, 0.0625468, 0.0210784, 0.0412183, 0.00664572, 0.0167574, 0.034801, 0.0125106, 0.0104676, 0.0204859, 0.0319868, -0.0145735, 0.0282361, 0.0338936, 0.0399782, 0.0005274, -0.00536582, -0.000222507, 0.0136005, 0.0222897, 0.0198463, 0.00172573, 0.0167273, 0.0306795, 0.00285728, -0.00560062, 0.0148248, 0.0199658, 0.0331966, 0.0246569, 0.0156098, 0.0213804, 0.0275381, 0.0228747, 0.0224095, 0.00666337, 0.0173887, 0.0152524, 0.0304844, 0.0277191, 0.0246838, 0.023494, 0.0199758, 0.0191827, -0.0130879, 0.00172158, 0.00515667, -0.0110824, 0.000424045, -0.00735702, -0.0720308, -0.0131793, -0.00510717, -0.0051311, 0.0109625, 0.00618854, 0.00188621, 0.00878916, -0.00741756, 0.00384819, 0.00880195, 0.0108006, -0.0212079, -0.00508271, 0.000839712, -0.0163539, 0.00685163, 0.0024247, 0.00240973, -0.0185939, -0.00476713, -0.00827803, 0.0162, -0.0133135, 0.00157789, -0.00582822, -0.00117215, 0.000699715, -0.00991568, -0.0187461, 0.00699114, 0.0149784, 0.0150006, -0.0146483, -0.00812915, -0.00298811, 0.0100696, 0.00558416, -0.00117773, 0.00702048, 0.00201898, 0.00210371, 0.00469697
# -0.00015262, -0.0149634, -2.69675e-08, 6.57167e-05, 0.000292551, -0.000173484, -0.000451219, 0.00026298, -0.000315816, -0.000422293, 0.0302781, 0.0105179, -0.0144514, 0.0446807, 0.019747, 0.042812, 0.0280324, 0.014971, 0.018947, 0.0591355, 0.0625468, 0.143382, 0.0167831, 0.0578749, 0.00671712, 0.0197236, 0.0449003, 0.00603811, 0.0110207, 0.0179357, 0.04361, -0.0335251, 0.0315948, 0.0533302, 0.0592854, -0.0189876, -0.0159363, -0.0137885, 0.00877275, 0.0144727, 0.0213601, -0.010777, 0.0146845, 0.0347148, -0.010166, -0.0223144, 0.0172076, 0.0240342, 0.0374465, 0.0144228, 0.0171019, 0.0312121, 0.0369116, 0.0261458, 0.0319469, 0.0080565, 0.0231843, 0.0204022, 0.0494941, 0.0331985, 0.0273733, 0.0390679, 0.0232517, 0.0133157, -0.00697696, -0.00555959, -0.012537, -0.0148209, -0.00936313, -0.0111415, -0.00567881, -0.100039, -0.0084848, -0.00464404, 0.00453399, 0.00358359, 0.0104191, 0.0120427, -0.0164603, 0.00577821, -0.00124889, -0.00203752, -0.0221603, -0.00588126, 0.00035901, -0.000893713, 0.0101977, -0.00155964, -0.00283888, -0.0149444, -0.00248645, -0.00854957, 0.0091854, -0.0204313, 0.019347, 0.00718886, -0.013405, 0.000241655, 0.00766278, -0.00395043, 0.0104786, 0.0176845, 0.0231902, -0.0075643, -0.0182938, 0.00246106, 0.00971693, 0.0117974, -0.0186713, 0.0174327, 0.00297929, -0.00769462, 0.00212302
# -0.000255247, -0.0126498, 0.000657197, 0.000408095, -0.000457273, 2.06323e-05, -0.000378379, 0.000243486, -0.000128446, 5.1071e-05, 0.000595528, -0.00878764, 0.00291432, 0.022787, 0.0178846, 0.0234201, 0.020181, 0.0182509, 0.0145465, 0.0182764, 0.0210784, 0.0167831, 0.103556, 0.0203875, 0.0201693, 0.0155085, 0.0146518, 0.0226197, 0.0188406, 0.0201422, 0.0248249, 0.0171022, 0.0211552, 0.0230963, 0.0203375, 0.0248565, 0.0153927, 0.0152437, 0.0264411, 0.0124809, 0.0112216, 0.0137814, 0.0222228, 0.0213695, 0.0140059, 0.0132854, 0.0135093, 0.0128387, 0.0241861, 0.0181641, 0.0162047, 0.0221278, 0.00974654, 0.0142664, 0.0109767, 0.0110698, 0.0112865, 0.0162326, 0.0196976, 0.0200357, 0.0196087, 0.0125498, 0.023488, -0.00189095, -0.00763619, -0.000995417, 0.0227196, 0.0160383, 0.0155958, 0.00658072, -0.0074766, 0.000471009, -0.130357, -0.00844219, 0.0116949, 0.00610497, -0.00366413, -0.0106172, -0.0105334, 0.00677638, 0.00413856, -0.00251037, -0.0141869, -0.0145159, 0.00228177, -0.0259645, 0.013066, 0.00191541, -0.00605559, 0.0203215, -0.00159845, -0.00402532, -0.00237534, -0.016991, 0.0140852, 0.000708119, -0.0026407, 0.00787207, -0.0253092, 0.00457758, 0.00317992, 0.00304488, 0.0242385, -0.00499592, 0.00129187, 0.0316064, -0.00628689, -0.0171007, -0.00555362, 0.00682803, 0.00608609, -0.00648684, 0.00712437
# -0.000210735, -0.0141583, 0.000156175, -3.12315e-05, -0.000203449, -1.67552e-05, 7.46892e-05, 0.000536015, -0.000566073, 0.000460221, 0.0121038, 0.00675382, -9.22645e-05, 0.0286916, 0.0203705, 0.032221, 0.0230655, 0.0198425, 0.0233939, 0.0324274, 0.0412183, 0.0578749, 0.0203875, 0.10421, 0.0118329, 0.0131044, 0.0340701, 0.0170858, 0.014919, 0.0147794, 0.031057, -0.00979159, 0.0211594, 0.0321825, 0.04418, 0.00659843, 0.0112169, -0.00186615, 0.0217477, 0.0137756, 0.0163952, 0.00821087, 0.0236691, 0.0209176, 0.0108897, 0.00366865, 0.0205724, 0.0157004, 0.0328749, 0.0227397, 0.0142361, 0.0271533, 0.029049, 0.0190538, 0.023572, 0.007699, 0.021529, 0.0160743, 0.036521, 0.0242684, 0.0236933, 0.0267418, 0.0222533, 0.0257102, -0.0182416, -0.004128, -0.00367483, -0.0128321, -0.0130968, 0.0110009, -0.00752515, -0.00820966, -0.00821523, -0.120176, 0.0110902, -0.000983224, 0.00812584, -0.00968878, -0.0129077, 0.0096178, 0.00191072, 0.00521283, 0.00064773, -0.00310384, -0.014014, -0.0125858, 0.0016451, 0.00988215, -0.00387339, -0.0116803, -0.00754802, -0.00880613, 0.00470605, -0.0139777, -0.00753812, -0.018573, -0.00764017, 0.00243407, -0.00621539, -0.00436795, 0.0233354, 0.00364468, 0.00677782, -0.0145217, -0.00456545, 0.0136144, -0.0022248, 0.00868862, -0.0076728, 0.00394087, 0.00558941, 0.0134781, 0.0152879
# -0.000319858, -0.0112258, 6.86227e-05, -0.000142548, 0.00100498, 7.37415e-05, 0.000430315, 0.000317318, -0.000798703, -0.000185183, -0.0068653, 0.00440073, -0.00622427, 0.0158308, 0.0179938, 0.00887886, 0.0160949, 0.0232228, 0.016636, 0.0173461, 0.00664572, 0.00671712, 0.0201693, 0.0118329, 0.111604, 0.0124654, 0.00457643, 0.0171385, 0.0162671, 0.0158699, 0.00793883, 0.0133944, 0.0188907, 0.0105739, 0.0164824, 0.0229824, 0.020291, 0.0233391, 0.0173011, 0.0184469, 0.0203794, 0.0273452, 0.0187975, 0.0227217, 0.0206014, 0.021559, 0.017072, 0.0249605, 0.0202342, 0.0139681, 0.0150049, 0.010454, 0.00820994, 0.0170563, 0.0171872, 0.0365185, 0.0109403, 0.0111646, 0.0209796, 0.00544659, 0.0150683, 0.00651372, 0.0193856, -0.0167613, 0.00371148, 0.0139084, 0.00802434, 0.0104756, -0.00270854, -0.0109827, 0.00214658, -0.00386172, -0.0087313, -0.000380546, -0.131719, 0.0147887, -0.000617634, 0.0104164, 0.00838101, -0.00436281, -0.00394171, 0.00649376, -0.0142955, -0.0146222, -0.00830462, -0.00366712, -0.000792697, 0.0193649, -0.01332, 0.00851999, 0.0027268, 0.00538809, 0.00266906, -0.0243033, -0.002119, 0.0292149, -0.00443397, -0.0201586, -0.0165143, 0.0239338, -0.00541694, 0.0114507, 0.00765298, -0.00281313, -0.00355287, -0.0140479, 0.00653951, -0.013168, -0.0113612, 0.0175699, 0.00578226, 0.00732441, -0.00932556
# -0.00067719, -0.00986767, 0.000579143, -3.6492e-05, -0.000226401, 0.000125287, 0.000125335, 0.000278227, 0.00014967, -0.000145386, -0.00238145, 0.00137326, -0.00429244, 0.0118868, 0.0185579, 0.00991914, 0.0175528, 0.0191384, 0.0107079, 0.0121262, 0.0167574, 0.0197236, 0.0155085, 0.0131044, 0.0124654, 0.108102, 0.0153396, 0.0102909, 0.0167189, 0.0100992, 0.0125822, 0.0125285, 0.0133943, 0.00232921, 0.00975657, 0.0137895, 0.0220721, 0.0241631, 0.00375064, 0.0153718, 0.0209927, 0.0132725, 0.0177524, 0.0152546, 0.0170656, 0.0217566, 0.0229727, 0.0184883, 0.0186287, 0.0193289, 0.0197338, 0.0159446, 0.0121608, 0.00827817, 0.0125137, 0.0210201, 0.0122993, 0.0220264, 0.0102539, 0.0146029, 0.00645404, 0.0196368, 0.0114765, 0.00545146, -0.00869962, -0.0092066, -0.0147281, 0.00634538, 0.00266489, -0.0108351, -0.00698874, -0.0226034, -0.00479766, -0.00336765, 0.008117, -0.122484, 0.00032026, 0.000997193, -0.012667, 0.00670589, 0.00495754, 0.00264296, -0.00892015, 0.00383885, 0.000917462, 0.0074075, 0.00249937, -0.0139879, 0.0224901, -0.00684602, -9.51975e-05, 0.00267806, -0.00324814, -0.0239844, -0.0102434, -0.0132529, -0.0136517, -0.0125137, -0.000700873, -0.00816361, -0.00810945, -0.0110612, -6.28871e-05, 0.00938435, -0.00332669, -4.83466e-05, 0.00929569, -0.0135272, 0.00293901, -0.0276918, 0.0110303, 0.00282771, 0.00616706
