# stan_version_major = 2
# stan_version_minor = 37
# stan_version_patch = 0
# model = survival_model
# start_datetime = 2026-03-12 17:43:02 UTC
# method = sample (Default)
#   sample
#     num_samples = 2000
#     num_warmup = 1000 (Default)
#     save_warmup = false (Default)
#     thin = 1 (Default)
#     adapt
#       engaged = true (Default)
#       gamma = 0.05 (Default)
#       delta = 0.8 (Default)
#       kappa = 0.75 (Default)
#       t0 = 10 (Default)
#       init_buffer = 75 (Default)
#       term_buffer = 50 (Default)
#       window = 25 (Default)
#       save_metric = false (Default)
#     algorithm = hmc (Default)
#       hmc
#         engine = nuts (Default)
#           nuts
#             max_depth = 10 (Default)
#         metric = dense_e
#         metric_file =  (Default)
#         stepsize = 1 (Default)
#         stepsize_jitter = 0 (Default)
#     num_chains = 1 (Default)
# id = 4
# data
#   file = /Users/dansprague/Documents/PhaseSkate/benchmarks/scaling/data/data_H50.json
# init = 2 (Default)
# random
#   seed = 42
# output
#   file = /Users/dansprague/Documents/PhaseSkate/benchmarks/scaling/stan_output/survival-20260312134302_4.csv
#   diagnostic_file =  (Default)
#   refresh = 100 (Default)
#   sig_figs = 8 (Default)
#   profile_file = profile.csv (Default)
#   save_cmdstan_config = false (Default)
# num_threads = 1 (Default)
# stanc_version = stanc3 v2.37.0
# stancflags = --filename-in-msg=survival.stan
lp__,accept_stat__,stepsize__,treedepth__,n_leapfrog__,divergent__,energy__,log_alpha,beta_0,trt_effect,beta.1,beta.2,beta.3,beta.4,beta.5,beta.6,beta.7,beta.8,log_sigma_int,log_sigma_slope,rho,z_int.1,z_int.2,z_int.3,z_int.4,z_int.5,z_int.6,z_int.7,z_int.8,z_int.9,z_int.10,z_int.11,z_int.12,z_int.13,z_int.14,z_int.15,z_int.16,z_int.17,z_int.18,z_int.19,z_int.20,z_int.21,z_int.22,z_int.23,z_int.24,z_int.25,z_int.26,z_int.27,z_int.28,z_int.29,z_int.30,z_int.31,z_int.32,z_int.33,z_int.34,z_int.35,z_int.36,z_int.37,z_int.38,z_int.39,z_int.40,z_int.41,z_int.42,z_int.43,z_int.44,z_int.45,z_int.46,z_int.47,z_int.48,z_int.49,z_int.50,z_slope.1,z_slope.2,z_slope.3,z_slope.4,z_slope.5,z_slope.6,z_slope.7,z_slope.8,z_slope.9,z_slope.10,z_slope.11,z_slope.12,z_slope.13,z_slope.14,z_slope.15,z_slope.16,z_slope.17,z_slope.18,z_slope.19,z_slope.20,z_slope.21,z_slope.22,z_slope.23,z_slope.24,z_slope.25,z_slope.26,z_slope.27,z_slope.28,z_slope.29,z_slope.30,z_slope.31,z_slope.32,z_slope.33,z_slope.34,z_slope.35,z_slope.36,z_slope.37,z_slope.38,z_slope.39,z_slope.40,z_slope.41,z_slope.42,z_slope.43,z_slope.44,z_slope.45,z_slope.46,z_slope.47,z_slope.48,z_slope.49,z_slope.50
# Adaptation terminated
# Step size = 0.271513
# Elements of inverse mass matrix:
# 0.000528317, -1.89725e-05, 0.000161338, -1.47827e-05, 6.72456e-05, 4.50266e-06, 6.50408e-05, -4.09641e-05, 6.33568e-06, -4.10274e-05, 6.5172e-05, -3.74782e-05, 0.000247504, -0.000173254, -0.000562532, -0.000537856, 0.000195877, -4.01639e-05, -0.000110516, -0.000149628, -0.000485186, 0.000101334, 0.000124627, -0.000360953, 0.000263034, 0.000232243, -0.000648792, -0.000134411, -0.00023871, -0.000415991, -0.000793995, -0.0012481, -0.00103896, -0.000547326, -9.33457e-05, -0.000270519, -0.000592913, -0.000492244, -0.00132162, -0.000710304, -0.000269898, 0.000345838, -0.00039536, -0.000163139, -0.000300859, -0.00014111, 0.000238642, -0.000599701, 0.000195266, 0.00049678, 0.000327078, -0.000405148, -0.000274825, 6.6041e-05, -0.000123976, -0.000110799, 0.000191883, -0.000256828, -0.000267529, 0.000140758, -0.000385472, -0.000168932, 0.000659918, -0.00124485, 1.86178e-06, 0.000345094, -0.000338005, -0.00167969, -0.000112908, 0.000532176, 0.00109691, -0.000566299, -0.000760555, 0.000907581, -0.0012943, 0.000762184, 0.0015889, 0.000148201, 0.000481576, 0.000361472, 0.000621428, 0.00228375, 0.00131911, -0.00062238, 0.000362002, 0.000337223, 0.00042837, -0.000742814, 0.00145956, 0.000717259, -0.000817806, -0.000993032, 0.000331287, -0.0015257, -0.000974921, 0.000322377, -0.00225251, 0.000225072, -0.000525053, -0.00123568, -0.00192357, 0.000830625, 8.11004e-05, -0.000718922, -8.92321e-05, -0.000771274, -7.521e-05, -0.000831589, 0.00171746, 0.000279427, 1.54143e-05, -0.000263811, -0.00160826, 0.00186279
# -1.89725e-05, 0.00941836, -0.000255557, -3.11185e-05, -0.000138763, 6.89382e-05, 1.88274e-05, 7.34087e-05, -2.05948e-05, 1.84535e-05, -0.000126675, 0.0017749, 0.000659113, -0.00743678, -0.0126851, -0.0116216, -0.012058, -0.0129469, -0.0129287, -0.0126101, -0.0138629, -0.0109235, -0.0107664, -0.0145911, -0.0118309, -0.0106766, -0.0163567, -0.0116582, -0.0131119, -0.0148687, -0.0145408, -0.0133227, -0.0102723, -0.0135453, -0.00961511, -0.0129134, -0.0143906, -0.0146146, -0.0124826, -0.0131599, -0.0105079, -0.0132548, -0.0140707, -0.0134388, -0.0125296, -0.0162498, -0.0120505, -0.0144886, -0.0139932, -0.0143667, -0.0124342, -0.0130324, -0.0124578, -0.00983238, -0.0128833, -0.0124357, -0.0110798, -0.0148516, -0.0131315, -0.0112816, -0.00986634, -0.0123352, -0.010961, -0.0133186, 0.00137716, -0.000555003, 0.00036443, 0.00239432, 0.00103131, 0.000649315, 0.00425595, -0.00122542, -0.00205378, 0.00343741, -0.00122963, -0.00194583, 0.00651176, -0.000367636, 0.00408451, 0.00440934, -0.000883117, -3.53831e-05, -0.00105184, 0.00559614, -0.00718647, 0.00153019, 0.00844648, 2.32294e-05, -0.00490846, -0.00198528, -0.00799682, 0.00286061, 0.00232025, 0.0051148, 0.00656354, 0.00497946, 0.00271093, 0.0101201, 0.00366816, -0.000291746, -0.0015892, 0.00253225, -0.000699747, -0.00344691, 0.00274015, -0.00204785, -0.00650353, 0.00754778, 0.00238066, 0.00318593, -0.0059384, -0.000325062, -0.000527197, 0.00147283
# 0.000161338, -0.000255557, 0.00415235, -3.354e-05, 5.43376e-05, -0.000116016, 3.21324e-05, -5.14385e-05, -0.00019333, -0.000166687, 0.000135384, -0.000676203, 0.00137621, 0.00140571, -0.00267961, -0.000850527, 0.000681607, -0.000519479, -0.00059137, -0.00208901, -0.00165971, -0.00173704, -0.00131275, -0.00277541, -0.00120495, -0.00145713, -0.000473129, -0.00268954, -0.00124709, -0.00133537, -0.000647128, -0.00207863, -0.00300449, 0.000282337, -0.000487702, -0.00134872, -0.000353149, -0.00161071, -0.00259805, -0.000823441, -0.00157737, -0.00069301, -0.0026441, -0.000266405, 0.000381321, -0.00123181, -0.001701, -0.000722135, -0.00137733, -0.0016964, 0.000339473, -0.00242435, -0.00300801, -0.00212943, -0.00122403, -0.000161126, -0.00209499, -0.00141722, -0.000291834, -0.00256533, -0.00121385, -0.00232462, -0.00325081, -0.00416636, -0.00688007, -0.00173229, -0.0090595, -0.00796386, -0.00814498, -0.00541812, -0.00513127, -0.00549169, -0.00610625, -0.00452957, -0.00760232, -0.00664758, -0.0080108, -0.00215106, -0.0065377, -0.00502863, -0.00807297, -0.00517452, -0.00242247, -0.00743931, -0.0100858, -0.00264506, -0.00685628, -0.00302203, -0.00568629, -0.010305, -0.00873092, -0.00680453, -0.0043446, -0.00921527, -0.0077027, -0.00819813, -0.00477237, -0.00815562, -0.00795169, -0.00735591, -0.0102758, -0.0040576, -0.00351112, -0.00801599, -0.00496818, -0.00789161, -0.0051622, -0.00522932, -0.00835005, -0.00335286, -0.00715932, -0.00423845, -0.00255418, 0.00128389
# -1.47827e-05, -3.11185e-05, -3.354e-05, 0.000426587, -4.68199e-05, 7.54636e-07, 3.50955e-05, 2.10255e-05, -1.52224e-05, -1.24871e-05, -1.33171e-05, -6.02951e-05, -2.95952e-05, -0.000174236, 0.000240902, 0.000613306, -3.30139e-05, 0.000119438, -5.36837e-05, 0.000144509, 0.000239276, -0.000107492, 8.55081e-05, -6.452e-05, 0.000597391, -0.000104321, 0.000245627, 8.49817e-05, -0.000110384, 0.000175531, -0.000752157, 0.000413764, 3.4259e-06, 0.000158022, 0.000343787, -3.15613e-05, -1.12308e-05, 0.00101406, -0.000187268, 0.000336445, 0.000483963, 6.43783e-06, -0.000120144, -8.08311e-05, 0.000304344, 0.000459191, 0.000710496, 0.000768774, -0.000382847, 0.000526407, 0.000310971, 0.000121569, 0.000351363, -0.000342945, 0.000309479, 0.00021321, 0.000805454, 0.00056958, 0.000419077, 0.000211368, -0.000127704, 0.000715023, 0.000172831, -0.000405415, 0.00018866, -0.000516661, 2.4404e-06, 0.000298524, -0.000525608, -0.00158203, -0.00141705, 0.000510716, -0.000551842, 5.54926e-05, -0.00058611, -0.000217446, -0.000817179, 0.00020226, -0.000237095, 0.000732151, 0.00111124, -0.000512743, -0.000940725, -0.000521305, -0.000837347, -0.000190665, 0.000719325, 0.000276238, -0.000321071, -0.000423361, -0.000282758, 0.000100028, 7.7471e-06, 0.000671175, -0.000713255, 0.00100583, -0.000431488, 0.000473082, 0.000961594, -0.000810229, 0.000940355, 0.000464098, 0.000388297, 0.00147855, -0.000435004, -0.000492311, -0.000115152, -0.000586443, -0.000248459, -0.000690759, -2.48498e-05, 0.000203145, 0.000209753, 0.000254784
# 6.72456e-05, -0.000138763, 5.43376e-05, -4.68199e-05, 0.000462738, 2.5903e-05, 3.64663e-07, -2.36716e-05, 2.10011e-05, -6.9801e-06, 1.01088e-05, -6.9658e-05, -0.000213194, 0.000772502, 0.000496447, 0.000230684, 8.93008e-06, 3.27684e-05, 8.86855e-05, 9.52895e-05, 0.000455113, 0.000312105, -9.96808e-05, -0.000179087, -0.00014439, -2.80174e-05, 0.000642757, -2.39286e-05, -0.00024557, 0.000265754, 0.000342975, -0.000438759, -0.000290125, -0.000162919, -0.000607912, -0.000287176, -0.00122525, 3.04435e-05, 0.000134769, 0.0001853, 0.000203534, -0.000146417, 0.000416102, 0.000282506, -0.000409147, -1.43619e-05, -0.000403987, -8.86463e-05, 4.47936e-05, -0.000649214, 0.000783778, 0.000329128, 0.000101585, 0.000367013, 0.00039235, 4.58221e-05, -0.000200815, 0.000332467, -0.000282077, 3.16637e-05, 0.000467539, -0.000516164, -7.60072e-05, -0.000295953, -0.00145622, -0.000229064, -0.000819329, -0.000619901, -0.000220577, -0.000937298, 0.000177403, 0.000361599, 0.000226093, -0.000321413, -0.000197284, 0.000214182, -0.0005737, 0.000193408, 0.000117817, -0.00109083, -0.000535329, 0.00135589, 0.000390957, 0.000543136, 0.00100044, 0.00210771, 0.00199783, -0.00187045, -0.000309206, 0.000218928, -0.00120422, 0.000388606, -5.66738e-05, -0.000672697, 0.000493812, -0.000163466, 0.000428539, 0.000705627, -3.16722e-05, 0.00155499, -0.00156092, -0.000348929, 0.0010008, -0.000172054, -0.00105462, 2.64064e-05, 0.000575525, -0.00040986, 0.000790535, 0.00019259, -0.00053552, 0.00103393, 0.000414317, 0.00096563
# 4.50266e-06, 6.89382e-05, -0.000116016, 7.54636e-07, 2.5903e-05, 0.000438365, -1.69836e-05, 4.85897e-05, 2.31714e-05, -3.86356e-06, 6.27521e-06, 0.00012885, -4.49675e-05, -0.000563211, -0.000252322, 0.000938349, 0.000599354, -0.000146888, 0.00031955, -0.000293236, -0.000580818, -5.21924e-05, 0.000375384, 0.000143916, 0.000189976, -0.000426385, -0.000457481, 0.000404328, -9.4704e-05, 0.000350114, 0.000133214, -0.000124124, -0.00120425, 6.37833e-05, -0.000333941, 0.000515518, -0.000180321, 0.000350332, -0.000253662, 0.000106948, -0.000208949, -0.000214944, 0.000301359, 0.000203516, 0.000354144, 7.04127e-05, -0.000458773, -0.000307433, 0.000202015, -0.000308536, -4.57552e-05, -0.000434508, 5.98142e-05, -0.000178323, 0.0002758, 0.000375235, 0.000781432, 0.00016365, -0.000183934, -0.000338939, -3.88572e-05, -3.71106e-05, 0.000132644, -0.000453526, 0.00146664, -0.000176006, -0.000935446, 0.00074072, 0.000317339, 0.0011598, -0.000204386, 2.4744e-05, 9.43933e-07, -0.00116873, -0.00095839, 0.000785158, 0.00182069, -7.70186e-05, 0.000667874, 0.000268775, -2.39037e-05, 0.000561607, 0.000281593, 0.000238096, 0.00042093, -0.000863747, 0.0019701, -0.000603595, 0.000869827, 0.00121894, 0.00114907, 0.00112257, -0.000520558, -8.9425e-05, -0.000804618, 0.00106368, 0.00105767, 0.00131195, -0.000508589, 0.000760119, 0.000669017, 0.000216558, 0.000463344, 0.000672423, 0.000145499, 0.000948743, 1.8917e-05, -0.00124527, 0.00107661, 0.000114014, -0.000698399, -0.000406035, 0.00099752, 0.000988168
# 6.50408e-05, 1.88274e-05, 3.21324e-05, 3.50955e-05, 3.64663e-07, -1.69836e-05, 0.000471568, -6.33426e-05, 1.01025e-05, -1.21247e-05, -1.07739e-05, -0.000121975, 9.22757e-05, -0.000109434, -0.000238603, 0.000438974, 4.28511e-05, 0.000154807, 2.91398e-05, -0.000164834, 3.42326e-05, -0.000145854, -0.000623341, -0.000401743, -0.000194585, 3.84704e-05, 0.000470233, -0.000316675, -0.000339823, 0.000129046, -0.000651254, 1.32038e-05, 0.00100492, -0.000605062, -0.000780824, -0.000243334, -0.000516364, -0.000686631, -0.000645573, -9.80055e-05, -7.04214e-07, 4.7177e-05, -4.65342e-05, 0.000186501, -0.000364134, -0.000227767, 0.000426151, -0.000289647, 0.000410779, -0.000504479, 7.35403e-05, -1.7979e-05, -0.00027111, 0.000145332, 0.000328081, -0.000689704, 0.00024931, -0.000255105, 0.000217209, 0.000230789, -0.000141392, -0.000108758, 0.000155227, -0.000140962, -0.000421849, -0.000869469, 0.000911789, -0.00131573, -2.5176e-05, -0.000171349, -0.000110623, 5.65993e-05, -0.000260256, 0.00127011, 0.000827348, -0.000687145, -0.00104743, -0.00021715, -0.000187189, -0.000210657, 0.00132992, -0.000751604, -0.00152266, 0.000260123, 0.000341186, -0.0014734, 0.000369222, 0.000235133, 4.30558e-05, -0.000484261, -0.000915282, -0.000265014, 2.95155e-05, -0.000321912, 0.000115264, 7.13754e-05, 1.84207e-05, 0.000492191, -0.00142852, -0.000384699, -9.9136e-05, 0.00183546, 0.000549689, -0.000872913, -0.000866738, -8.39985e-05, 2.14761e-06, 0.000103115, -0.000527014, -0.00110471, -3.17332e-05, 0.000375354, -0.000678845, 0.000249745
# -4.09641e-05, 7.34087e-05, -5.14385e-05, 2.10255e-05, -2.36716e-05, 4.85897e-05, -6.33426e-05, 0.000457707, 8.96629e-06, 2.53581e-05, 1.61101e-05, -1.34578e-05, 0.000102694, 3.32785e-05, 0.000252794, -0.000210638, -0.000450048, -0.000602283, 0.000284205, -0.000394292, -0.000601737, 0.000133213, 0.000337993, -4.45053e-05, 0.000535483, -6.5892e-06, -0.000443173, 0.000305472, 9.81056e-05, 0.0001636, -0.000311398, 0.000218356, 0.000121091, -4.26504e-05, -0.000655805, 0.000128749, 0.0004117, 0.000746682, -6.62609e-05, 0.000276961, -0.000323683, 0.000217402, -0.000112234, 0.000260122, -8.75773e-05, 0.000525021, -0.000310919, -0.000520823, -0.000102045, 0.000192363, 3.35493e-05, 1.06863e-05, -0.000503391, 1.34477e-05, 0.000236383, -0.000183088, -0.000349368, 2.30355e-05, 7.833e-05, 0.000267325, -0.000114076, 2.74392e-05, -0.000415263, -0.000300723, 0.000603821, -0.000193357, 0.000619907, 0.000529989, -0.000217228, 0.000736448, 0.00166948, -0.000231419, -0.000716209, -0.000276974, -0.000377408, 0.000801039, 0.000882587, -0.000162614, -0.000454537, 0.000864511, 0.000303905, -0.00064339, 0.000546896, 0.000919284, 0.000756702, -0.00112449, -0.000644827, 3.4189e-05, -3.54737e-05, -0.000980453, 0.000856686, -0.000499382, 0.000545346, -0.000579656, -0.000909466, -0.0010194, -0.000201402, 0.000911767, 0.000350061, -0.000428128, -0.000325533, -0.000965521, -0.000352849, -0.000886968, -0.000146751, 0.00166044, 0.00159609, -0.00117273, -0.000221494, -7.40472e-05, 9.27051e-05, 2.92612e-06, 0.000380289, 0.00030512
# 6.33568e-06, -2.05948e-05, -0.00019333, -1.52224e-05, 2.10011e-05, 2.31714e-05, 1.01025e-05, 8.96629e-06, 0.000433435, -2.35257e-05, -8.84626e-07, 0.000179886, -0.0003044, -0.000886584, 0.000618876, -0.000106991, 0.000614892, -5.96818e-05, 0.000172431, 0.000127195, -0.00024746, 0.000330482, 0.000356659, -0.00015051, 6.97343e-05, 0.00044755, -0.000397338, 0.000665785, -0.000209971, -5.65035e-05, 0.000240444, 6.68384e-05, 0.000748732, -3.20906e-06, -2.77221e-05, 7.11913e-06, 4.35775e-05, 0.00014906, 0.000139955, 0.000426612, -0.000635054, -0.000787233, -0.000267148, 0.000183829, -0.00025379, 0.00043102, 0.000484297, -0.000336552, 0.000746339, -0.000246879, -0.00020203, -0.000176174, 0.000189651, 0.00025056, 0.000174524, -0.000184856, 0.000458879, 0.000290555, -0.000763573, 0.000344782, 0.000348648, 0.000163704, 0.000271792, 0.00041928, 0.000375747, -0.000164517, -0.00153122, -0.000221631, -0.000368134, -0.000361805, 3.70684e-05, -0.000589428, -0.00059603, 0.00119788, 0.00123958, 0.000796013, 0.00109072, -0.00162222, 0.00114923, -4.77368e-05, -8.60017e-05, 0.000260224, -0.00222938, -0.000280631, -0.000312992, 0.00049035, 7.34864e-05, -0.000972208, 0.000291668, -4.10209e-05, 0.000935149, 0.000960604, 0.00158407, 7.26132e-05, 0.000300427, -0.000923507, -0.000391339, 0.000895821, -0.00092964, 0.000140631, 0.000487592, 0.000964217, 0.000419263, 0.00022122, 0.000122741, 0.000629726, 0.000890433, 0.000227957, 0.00198726, -0.000589494, -0.000313272, 0.000311673, -0.00123373, -0.00152528
# -4.10274e-05, 1.84535e-05, -0.000166687, -1.24871e-05, -6.9801e-06, -3.86356e-06, -1.21247e-05, 2.53581e-05, -2.35257e-05, 0.000434395, -2.40818e-05, 0.000101984, 0.000151689, 0.000257994, 0.000181829, -1.16241e-05, -0.000104776, 0.000737299, 7.66154e-05, 0.000202961, 0.000574959, 0.000307278, -4.68424e-05, -0.0003237, -9.41818e-05, -0.000269172, 0.000689999, 0.000121114, -9.13671e-05, 5.60672e-05, -0.000138214, 0.000196787, -0.000470544, 0.000158485, -3.84578e-05, -0.000199822, 0.000106221, -0.000244118, -6.33253e-05, 0.000228052, 0.000409844, 0.000186341, -2.21882e-05, 6.997e-05, -0.000154879, 5.4669e-05, 0.000522818, 0.00036292, -0.000325222, 7.25841e-05, -0.000199188, 0.00048966, 0.000147578, 0.000341584, 0.000168971, 0.000107599, -3.19938e-05, -0.000194181, 0.000109864, 0.000367003, 0.000317747, 0.00031359, -0.000119844, 0.000398534, 0.00130301, 0.000196191, 0.00105927, -0.000431902, -0.000395312, 0.00025189, 0.000215118, 0.000337539, 0.00158367, 0.00116365, 0.00122089, 0.00113979, -0.000954166, 0.000194403, 0.00047794, 0.000472685, 0.000427415, 0.000363216, -0.000893721, -6.75021e-05, 0.00100201, 0.000352879, -0.000258418, 0.0023303, 0.00030423, 0.000511459, 0.000393646, 0.000488539, 0.00142155, -0.000303578, 0.000399655, 0.00116231, -5.75243e-05, -0.000618677, 0.00030913, -0.000314303, 0.000430614, -0.000724868, 0.000250837, 0.000759038, 0.000210843, 0.00146835, -3.21847e-05, -2.54936e-05, -0.000694458, -0.000484693, 3.39785e-05, 0.000433939, 0.00169707, -0.000618245
# 6.5172e-05, -0.000126675, 0.000135384, -1.33171e-05, 1.01088e-05, 6.27521e-06, -1.07739e-05, 1.61101e-05, -8.84626e-07, -2.40818e-05, 0.000505501, -6.85742e-05, 1.46471e-06, -0.000298037, -0.000328753, -6.61446e-05, -5.94176e-05, 0.000182715, -0.000425042, 0.000144044, -6.51598e-06, -0.000115158, 8.23648e-05, 9.54795e-05, 0.000471238, 0.000572865, 0.000149388, -0.000245634, 0.000234458, 0.000375177, 2.38481e-05, -0.00041236, 0.000126385, -0.000217297, -0.000293971, 0.000460084, 0.00036495, -0.000273091, -0.000414357, 0.000303206, -0.000193391, 0.0003427, -0.000569266, 0.000122724, -7.43771e-05, 0.000190728, 0.000609184, 0.000139826, 2.9472e-05, 0.00026389, 0.000364704, -0.000352793, 3.83167e-05, -0.000289498, -0.000239695, 0.000282499, -1.59777e-06, 2.10025e-05, 0.00019292, 0.000230694, -0.000428109, -0.000383846, -0.000202919, -0.000519715, 0.0015973, 0.000214473, 0.000374422, -0.000447426, 0.000191808, -0.000187572, 0.000158866, 0.000335855, -0.000420572, -0.000743612, -0.000805202, -0.000377774, 0.00127164, 0.000945013, 0.00111135, -2.62307e-06, 0.00105668, 0.000603272, 0.000723412, -0.000410784, 0.000227878, -0.00157691, -0.001082, -0.000929855, 0.00126234, -0.000357999, 0.00178166, 0.000371011, -0.000235868, -0.0014806, -0.000670131, 2.25134e-05, 0.000255236, -0.00137406, 0.000203712, -9.12587e-05, -8.90873e-05, -0.000318348, -0.000550657, -0.00106847, 0.00106676, -0.000665522, -0.000643432, -0.0018072, 0.000210353, -0.000641045, -0.000157492, 0.00210284, -0.000439544, 0.00127876
# -3.74782e-05, 0.0017749, -0.000676203, -6.02951e-05, -6.9658e-05, 0.00012885, -0.000121975, -1.34578e-05, 0.000179886, 0.000101984, -6.85742e-05, 0.0136044, -0.000516104, -0.00642459, 0.0048514, -0.00096454, 0.00491597, 0.00165591, -0.00679377, -0.00301733, 0.0103209, 0.0122596, 0.0271924, -0.00504755, 0.00988353, -0.00811746, -0.00612898, 0.0103673, -0.00939353, -0.00702784, -0.00407125, 0.00860961, -0.0171191, 0.00103695, 0.0125804, 0.0108083, -0.014084, -0.0197648, -0.0143578, -0.00789818, -0.00747191, -0.00472447, -0.0145956, -0.00270859, 0.00443593, -0.015795, -0.0225385, -0.000872762, -0.000606548, 0.00504922, -0.00812524, -2.41132e-05, 0.00797531, 0.00697321, -0.00176098, -1.44381e-05, -0.011533, -0.00105084, -0.00140949, 0.00797017, 0.00490264, 0.000318312, 0.00340822, -0.000597377, 0.00278448, -0.00501214, -0.000613365, 0.000116368, 0.000196348, -0.00563179, 0.0049029, -0.00253456, -0.00852235, 0.00163406, -0.000692616, 0.00211562, 0.00140009, -0.00755251, 0.00656469, -2.64228e-05, -0.00405991, 0.00480625, -0.0144444, 0.00329326, -0.00242078, 0.00448697, -0.00291229, 0.00322459, -0.00603083, -0.00256648, 0.00566783, -0.000358471, 0.0024578, -0.0027114, -0.00203344, -0.00293901, 0.00316129, -0.00212072, 0.00327192, 0.00411959, 0.00544217, -0.00528703, -0.00442354, 0.00455643, -0.00108971, -0.00327533, 0.00163767, -0.00299408, 0.000513273, -0.00666397, -0.0020509, -0.00182452, -0.000991059, 0.000325993
# 0.000247504, 0.000659113, 0.00137621, -2.95952e-05, -0.000213194, -4.49675e-05, 9.22757e-05, 0.000102694, -0.0003044, 0.000151689, 1.46471e-06, -0.000516104, 0.035422, -0.0143917, -0.00290582, 0.00326798, 0.00168334, -0.0071606, 0.00131, -0.00780608, -0.0121181, 0.00609701, 0.00515853, -0.00769988, 0.00578665, -0.00154679, 0.00166185, 0.010036, -0.00205657, -0.00115465, -0.00855731, -0.0099698, -0.0103195, -0.00388674, -0.00178944, 0.00423671, -0.00686444, -0.00343337, -0.00542585, 5.7487e-05, -0.012212, 0.0100718, 0.000711067, -0.00382245, 0.00345782, 0.000463884, 0.00720584, -0.00685801, -0.00312772, 0.00701201, -0.00289194, -0.00940228, -0.00875603, -0.00223251, 0.00629439, 0.00461018, -0.00320658, 0.00194076, -0.0036504, 0.00196837, -0.00461769, 0.00606643, 0.00466243, -0.012532, -0.00239429, -0.00201804, -0.00440819, 0.0113169, -0.00897674, -0.00488694, -0.00359132, 0.00566114, 0.0219883, -0.000136837, -0.000650157, -0.00918017, -0.00723112, 0.00789905, -0.00612879, -0.00358829, 0.00375878, -0.0133084, 0.0111976, 0.00393353, -0.00422947, 0.00850891, 0.00972301, 0.0131397, 0.0014976, -0.0144237, 0.0127173, 0.0024693, -0.00302552, -0.0070745, 0.000510668, -0.013573, -0.00514464, 0.0149328, -0.00101269, -0.0107095, 0.00487772, -0.00767567, 0.00260575, -0.00263316, 0.00800758, -0.00209659, -0.0156744, -0.00316402, -0.0024744, 0.0114611, 0.00177023, -0.00989982, 0.0117368, 0.000239786
# -0.000173254, -0.00743678, 0.00140571, -0.000174236, 0.000772502, -0.000563211, -0.000109434, 3.32785e-05, -0.000886584, 0.000257994, -0.000298037, -0.00642459, -0.0143917, 0.186385, 0.0110593, -0.00200396, 0.00417879, 0.0217572, 0.00514501, 0.0277111, 0.0338532, -0.00124618, -0.00558443, 0.024682, 0.00698167, -0.00683444, 0.0105285, -0.0141265, 0.00923759, 0.00726912, 0.031418, 0.0310965, -0.024099, 0.0174832, 0.021361, -0.000521845, 0.0128864, 0.00609433, -0.00126251, 0.0059963, 0.0248793, -0.00314778, -0.0108303, 0.00448905, 0.00440132, 0.000357158, -0.0261965, 0.00259351, 0.0104057, -0.00302628, 0.00922438, 0.0233955, 0.0189403, 0.0161408, -0.00580957, -0.0085623, -0.0139147, 0.00462581, 0.017316, 0.00380335, 0.0184281, -0.00869139, -0.00635234, 0.0302162, 0.0223798, 0.0010307, 0.0388925, 0.00657577, -0.0116552, -0.0315612, 0.058924, 0.0709997, 0.114301, -0.0167158, 0.0645648, -0.0185687, -0.0226284, 0.0656232, -0.0282473, -0.000805, -0.0376313, 0.0438338, -0.0353927, -0.00643602, 0.0513567, 0.0650419, -0.0629447, -0.0610636, -0.0404593, -0.021544, -0.0378063, -0.00991921, -0.0229484, -0.0156795, 0.0051959, 0.00267028, -0.0256306, 0.0169669, 0.0149139, 0.0365384, -0.0169294, -0.0119296, 0.0403087, 0.0332169, 0.0147825, 0.0128138, -0.0212648, -0.00457322, 0.00116858, 0.034565, 0.0265736, 0.03335, 0.0388769, -0.0197458
# -0.000562532, -0.0126851, -0.00267961, 0.000240902, 0.000496447, -0.000252322, -0.000238603, 0.000252794, 0.000618876, 0.000181829, -0.000328753, 0.0048514, -0.00290582, 0.0110593, 0.0947739, 0.0169643, 0.0234135, 0.0179798, 0.0184833, 0.01824, 0.0281369, 0.0234524, 0.0323199, 0.0215328, 0.0185209, 0.0125289, 0.0163607, 0.0272422, 0.00923686, 0.019679, 0.0168705, 0.0207749, 0.00165611, 0.0250219, 0.0206268, 0.0245176, 0.0133091, 0.0197168, 0.0160938, 0.014563, 0.00829484, 0.0150754, 0.0114678, 0.0179857, 0.0198893, 0.0130295, 0.00344491, 0.020937, 0.0208436, 0.021193, 0.0202235, 0.0252647, 0.0255228, 0.0277639, 0.0249815, 0.0231609, 0.00715723, 0.0199861, 0.0217884, 0.029244, 0.0195259, 0.0146849, 0.0171674, 0.0217602, -0.111104, -0.0121718, 0.00244793, 0.0122139, -0.00302182, 0.00176071, 0.00673281, 0.0015423, 0.00790354, 0.0095382, 0.0315906, -0.00241111, -0.00471803, 0.00518903, 0.00251414, -0.0163436, 0.00755711, 0.0240187, 0.0172184, -0.00375333, 0.0243585, 0.00375738, -0.00612237, 0.0091032, -0.0116939, 0.0153421, 0.0266813, 0.0062684, 0.000471429, 0.0121113, -0.00241665, 0.00807814, 0.00271122, -0.017874, 0.00300215, 0.00615787, -0.000276668, -0.011663, 0.00493693, 0.00290533, -0.0147828, -0.00919204, 0.0271528, 0.00247895, 0.00184304, -0.0139753, 0.00912904, 0.00884219, 0.00875241, -0.0100848
# -0.000537856, -0.0116216, -0.000850527, 0.000613306, 0.000230684, 0.000938349, 0.000438974, -0.000210638, -0.000106991, -1.16241e-05, -6.61446e-05, -0.00096454, 0.00326798, -0.00200396, 0.0169643, 0.0845528, 0.0190608, 0.0244616, 0.02337, 0.0139546, 0.0223496, 0.0157894, 0.0186611, 0.0272323, 0.0228942, 0.0180846, 0.0245016, 0.0160483, 0.010213, 0.0206486, 0.0139336, 0.0196358, 0.00801495, 0.017858, 0.00990175, 0.0239077, 0.0160843, 0.0197564, 0.0240996, 0.0136791, 0.0136352, 0.0201851, 0.0226489, 0.0185901, 0.0222652, 0.0183527, 0.0176785, 0.0170065, 0.0195662, 0.0195464, 0.0136436, 0.00839985, 0.0235153, 0.0121499, 0.0225796, 0.0241222, 0.00957823, 0.02147, 0.0149395, 0.0186267, 0.0154555, 0.0115227, 0.0148034, 0.00784856, -0.000366119, -0.100604, -0.00209189, 0.0011729, -0.00444472, 0.00583875, -0.0173245, -0.00130648, -0.00837777, -0.0136785, -0.0161374, -0.00378779, -0.0166521, 0.00534961, 0.0148148, -0.000989796, 0.0224141, -0.00625455, 0.0060899, 0.000136757, 0.0131982, -0.0165055, -0.00212126, -0.0111284, -0.0031983, 0.0201046, 0.00931002, -0.00541434, 0.00797374, -0.00341261, -0.00452251, -0.000522219, 0.000818619, 0.0149773, -0.00329933, -0.00194013, 0.0175692, 0.0140641, -0.00934677, 0.0130314, -0.014817, -0.0128325, 0.0176429, -0.00929014, -0.000833094, -0.00778166, -0.000146797, 0.0142783, 0.00694876, 0.00971153
# 0.000195877, -0.012058, 0.000681607, -3.30139e-05, 8.93008e-06, 0.000599354, 4.28511e-05, -0.000450048, 0.000614892, -0.000104776, -5.94176e-05, 0.00491597, 0.00168334, 0.00417879, 0.0234135, 0.0190608, 0.0799753, 0.0193527, 0.0127071, 0.0150778, 0.0261348, 0.0163735, 0.0282059, 0.0126548, 0.0226575, 0.0143024, 0.0182259, 0.0212138, 0.0143182, 0.0189663, 0.0249617, 0.0165555, -0.00241518, 0.0199763, 0.0237416, 0.02497, 0.0102166, 0.00358655, 0.009174, 0.0217319, 0.0135241, 0.010718, 0.016131, 0.0207355, 0.01979, 0.0150405, 0.00299648, 0.0132721, 0.00991946, 0.0229728, 0.0163033, 0.0112599, 0.0280581, 0.0167821, 0.0216204, 0.0144022, 0.00931251, 0.0269991, 0.0221931, 0.0204735, 0.0204801, 0.0241222, 0.0149333, 0.0188092, -0.00619507, 0.00317785, -0.109683, -0.00991315, 0.00701792, -0.00739757, -0.0148717, 0.010115, 0.00374067, 0.00746228, -0.000512401, 0.000404114, -0.0104115, 0.0162958, 0.00270488, -0.000193695, -0.00328344, 0.0127765, -0.0137013, -0.00846266, -0.00465571, 0.000802411, 0.00410965, 0.0047095, 0.00226327, -0.00907599, 0.0025683, 0.00860328, -0.00167715, -0.0221463, -0.02397, -0.0089183, 0.00948214, 0.00400194, 0.0134261, 0.00842275, 0.00557857, 0.00862227, -0.0107182, 0.00313962, -0.0123349, -0.000909978, 0.00906388, -0.0214972, -0.00757188, 0.00225936, -0.00862331, -0.011727, 0.00873398, -0.0049639
# -4.01639e-05, -0.0129469, -0.000519479, 0.000119438, 3.27684e-05, -0.000146888, 0.000154807, -0.000602283, -5.96818e-05, 0.000737299, 0.000182715, 0.00165591, -0.0071606, 0.0217572, 0.0179798, 0.0244616, 0.0193527, 0.105474, 0.0164147, 0.0258392, 0.0294612, 0.0170273, 0.0179687, 0.0301731, 0.0213864, 0.0189796, 0.0215795, 0.0165216, 0.0128868, 0.0156734, 0.0182529, 0.0255865, 0.00870692, 0.0231427, 0.0205789, 0.0240824, 0.0205633, 0.0151868, 0.0178767, 0.0125515, 0.00826376, 0.0133486, 0.00809011, 0.0178202, 0.0196719, 0.0184354, 0.00254504, 0.0262671, 0.0176823, 0.01618, 0.0159794, 0.0220932, 0.030182, 0.0196608, 0.00767984, 0.0111932, 0.00945885, 0.0157318, 0.021501, 0.0212126, 0.0141848, 0.0148987, 0.0188158, 0.0291534, 0.0115782, -0.0107351, 0.0176356, -0.149079, -0.00211799, -0.00775042, -0.0154985, 0.0154375, 0.0189152, -0.0116, 0.00423529, -0.00927273, -0.00543927, 0.0107919, -0.0140055, 0.0092245, -0.00532153, 0.00767052, 0.00268872, -0.0184063, 0.00995638, 0.00149535, -0.0137219, -0.00640227, 0.00405524, 0.0124783, 0.0155976, 0.00192624, 0.0176076, -0.02532, -0.00504483, -0.00232807, 0.0158884, -0.0197084, 0.00106856, 0.0085052, 0.0141344, 0.0043779, -0.0164077, 0.00873953, 0.00955407, -0.00842959, 0.00650003, -0.00400653, -0.0114483, -0.0105451, 0.0147202, 0.0195981, -0.00678149, -0.00468672
# -0.000110516, -0.0129287, -0.00059137, -5.36837e-05, 8.86855e-05, 0.00031955, 2.91398e-05, 0.000284205, 0.000172431, 7.66154e-05, -0.000425042, -0.00679377, 0.00131, 0.00514501, 0.0184833, 0.02337, 0.0127071, 0.0164147, 0.0957271, 0.0213453, 0.0141318, 0.0143216, 0.0074793, 0.0275789, 0.0144378, 0.0151846, 0.0194338, 0.0138377, 0.0217272, 0.0286402, 0.0199305, 0.0210118, 0.0204122, 0.0193823, 0.00876334, 0.0163482, 0.02193, 0.0299487, 0.0342487, 0.0159398, 0.0143305, 0.0201616, 0.0256547, 0.0292485, 0.0164095, 0.0361597, 0.026031, 0.0228625, 0.017268, 0.0107055, 0.0175628, 0.0195987, 0.0151439, 0.0116991, 0.0199738, 0.0206482, 0.0203004, 0.023114, 0.0191347, 0.0136778, 0.0127295, 0.0138615, 0.0179734, 0.012648, -0.000223754, -0.008893, 0.0160632, 0.00128185, -0.113714, 0.000713716, -0.00715365, 0.000261452, 0.0003431, -0.0251548, 0.00356366, 0.000485332, -0.0198149, -0.00354836, -0.0116887, -0.00967119, 0.00885981, -0.00417591, 0.00271417, 0.000226557, 0.00275837, -0.014375, -0.000776583, -0.00268153, 0.0172262, 0.0167335, 0.00393108, 0.00268342, 0.000174232, -0.0101259, 0.00498422, -0.000491279, -0.00328803, -0.0139692, -0.00846831, 1.75949e-05, 0.0191293, -0.00257998, -0.00684522, 0.00091596, 0.00163571, 0.00440664, 0.0189925, -0.0106387, -0.00735987, -0.00680758, 0.00137057, 0.00961676, -0.000848436, 0.00328751
# -0.000149628, -0.0126101, -0.00208901, 0.000144509, 9.52895e-05, -0.000293236, -0.000164834, -0.000394292, 0.000127195, 0.000202961, 0.000144044, -0.00301733, -0.00780608, 0.0277111, 0.01824, 0.0139546, 0.0150778, 0.0258392, 0.0213453, 0.122288, 0.0249905, 0.0118506, 0.00637426, 0.0191145, 0.0211474, 0.00973771, 0.0246621, 0.0118131, 0.019126, 0.0326356, 0.0141629, 0.0232682, 0.0184906, 0.018089, 0.0102214, 0.0151038, 0.0189777, 0.0218748, 0.0299891, 0.0206474, 0.0282452, 0.0219411, 0.0142709, 0.0221905, 0.0110331, 0.0147144, 0.00473958, 0.0325721, 0.0200895, 0.0224975, 0.0104481, 0.0184859, 0.019719, 0.00923605, 0.00833562, 0.0100521, 0.0186855, 0.0127242, 0.0185181, 0.018228, 0.00668993, 0.00780974, 0.00983844, 0.0227514, 0.00311945, 0.00293182, -0.000448816, 0.00094831, -0.00208107, -0.171064, -0.0157912, 0.0246432, 0.0298106, -0.00536342, 0.000852939, 0.0327901, -0.0129744, 0.0104442, 0.0180327, -0.0184728, 0.0045482, 0.011814, -0.00100992, 0.012812, 0.0176505, -0.00905888, -0.0314499, -0.039005, 0.0156054, 0.0120521, -0.0110803, -0.0207734, -0.000445847, -0.00905896, -0.00432848, 0.0219566, 0.00442629, -0.0341516, -0.0027682, 3.78124e-07, 0.0188236, 0.0148709, 0.00998556, 0.0253705, 0.0272486, 0.026369, 0.00124025, 0.0164564, -0.00489937, -0.000354511, 0.029786, 0.0505002, 0.00617541, 0.00118156
# -0.000485186, -0.0138629, -0.00165971, 0.000239276, 0.000455113, -0.000580818, 3.42326e-05, -0.000601737, -0.00024746, 0.000574959, -6.51598e-06, 0.0103209, -0.0121181, 0.0338532, 0.0281369, 0.0223496, 0.0261348, 0.0294612, 0.0141318, 0.0249905, 0.0941753, 0.0313815, 0.0402123, 0.0246461, 0.0284526, 0.00939442, 0.0223438, 0.0245388, 0.0101612, 0.0146128, 0.0239621, 0.0415537, 0.00319267, 0.0230036, 0.0374344, 0.0306125, 0.00980207, 0.00363997, 0.00594, 0.00936338, 0.0143989, 0.0159916, 0.0123278, 0.0205695, 0.021195, 0.0153192, -0.00442601, 0.024391, 0.0220606, 0.0274969, 0.0134858, 0.0264616, 0.0385378, 0.024981, 0.0155231, 0.0197905, 0.000491352, 0.0267321, 0.0213617, 0.0283229, 0.0249585, 0.016447, 0.0201401, 0.02837, -0.00941705, -0.00915769, 0.00341874, -0.0179929, -0.00274985, -0.0140331, -0.0879529, 0.0062318, 0.0098889, -0.011956, 0.0121049, -0.00814228, -0.000670772, 0.00570048, -0.00591621, 0.00381161, -0.00540088, 0.0110193, -0.0325284, -0.0106674, 0.0149352, 0.00829895, -0.014743, -0.0116558, -0.00462826, 0.0037078, 0.0121351, -0.0121198, -0.00322988, -0.0135135, -0.00255162, -0.0105106, 0.00663965, -0.0107756, 0.00703103, -0.00133788, 0.00218692, -0.012066, -0.00165336, 0.0197625, -0.0144129, -0.00236673, 0.0227866, -0.0127013, -0.0181538, -0.0103017, 0.016514, 0.00469583, 0.0105296, -0.00089742
# 0.000101334, -0.0109235, -0.00173704, -0.000107492, 0.000312105, -5.21924e-05, -0.000145854, 0.000133213, 0.000330482, 0.000307278, -0.000115158, 0.0122596, 0.00609701, -0.00124618, 0.0234524, 0.0157894, 0.0163735, 0.0170273, 0.0143216, 0.0118506, 0.0313815, 0.0850996, 0.0464057, 0.0155133, 0.0331206, 0.00594026, 0.0126712, 0.0312606, 0.00486128, 0.009504, 0.0112866, 0.032954, 0.00139832, 0.0254265, 0.0261717, 0.0311254, 0.00519223, 0.00549503, 0.00777553, 0.00618991, -0.00274797, 0.0203208, 0.00393764, 0.015183, 0.0233838, 7.95826e-06, -0.00283727, 0.0184902, 0.0240053, 0.0277914, 0.00229654, 0.0205186, 0.0224966, 0.0266878, 0.0139, 0.0234421, 0.00329969, 0.0157085, 0.0161536, 0.0261684, 0.0190387, 0.0184372, 0.0273992, 0.0170114, -0.0124832, -0.0192955, 0.0137618, 0.0110423, -0.0113325, -0.00561794, -0.00518611, -0.0969279, -0.0018674, -0.00515713, -0.0027847, 0.0135477, -0.00705695, -0.00926063, -0.0111426, -0.00122615, 0.00660285, -0.0133888, -0.0149316, -0.00430096, 0.00680898, 0.00693217, -0.0027521, -0.00217934, -0.0212758, 0.0133957, 0.0320146, -0.00601239, -0.000500132, -0.00683834, -0.0123974, 0.0062704, -0.000932105, -0.0159261, 0.000860629, -0.0114072, 0.0243484, -0.00895576, 0.000408504, 0.0186163, 0.0110745, 0.00408953, 0.0133404, -0.0126491, -0.00174188, -0.0187045, 0.0134096, -0.0126632, -0.000649049, -0.0167698
# 0.000124627, -0.0107664, -0.00131275, 8.55081e-05, -9.96808e-05, 0.000375384, -0.000623341, 0.000337993, 0.000356659, -4.68424e-05, 8.23648e-05, 0.0271924, 0.00515853, -0.00558443, 0.0323199, 0.0186611, 0.0282059, 0.0179687, 0.0074793, 0.00637426, 0.0402123, 0.0464057, 0.125744, 0.0143336, 0.0405715, 0.00108246, 0.0140898, 0.0448398, 0.00010292, 0.00472822, 0.0135055, 0.035702, -0.0184287, 0.026287, 0.0394835, 0.0440067, -0.00863687, -0.0194653, -0.0129969, 0.00937547, -0.00692166, 0.0149972, -0.00720654, 0.0146943, 0.0292784, -0.00859282, -0.0278345, 0.0214565, 0.014619, 0.0346188, 0.00380149, 0.0194461, 0.0294502, 0.0319994, 0.020027, 0.0187043, -0.0133394, 0.0241242, 0.0144134, 0.0373221, 0.0198391, 0.0198878, 0.024596, 0.0151068, 0.00465229, -0.0180751, 0.00808428, 0.0229654, -0.00268512, -0.00350189, 0.00855685, -0.010195, -0.0949584, -0.00813963, 0.00411292, 0.00663482, -0.0101841, -0.0104315, 0.00754611, 0.00278815, -0.000913456, 0.00792088, -0.050012, -0.00620669, 0.0102171, 0.0108633, -0.0118503, -0.00229358, -0.0211416, -0.0130806, 0.0277995, -0.00896667, -0.00314795, 0.000171533, -0.0156353, -0.0213016, -0.00809379, -0.018091, 0.0114521, 0.0089608, 0.00267447, -0.0156557, 0.00221704, 0.0122287, -0.00173897, -0.00681157, 0.0181272, -0.0219277, 0.0124013, -0.0180121, 0.0237572, -0.00778457, 0.00863209, 0.00788784
# -0.000360953, -0.0145911, -0.00277541, -6.452e-05, -0.000179087, 0.000143916, -0.000401743, -4.45053e-05, -0.00015051, -0.0003237, 9.54795e-05, -0.00504755, -0.00769988, 0.024682, 0.0215328, 0.0272323, 0.0126548, 0.0301731, 0.0275789, 0.0191145, 0.0246461, 0.0155133, 0.0143336, 0.114135, 0.0193573, 0.0246993, 0.0286542, 0.0169558, 0.0205145, 0.0290516, 0.0281049, 0.0255655, 0.0217281, 0.0215429, 0.0172612, 0.0189157, 0.0277676, 0.0214603, 0.0229197, 0.0210644, 0.0225969, 0.0235302, 0.0362063, 0.0226283, 0.0167808, 0.0268981, 0.0188597, 0.0253168, 0.0202576, 0.0166141, 0.0198444, 0.0249127, 0.0257738, 0.0246025, 0.0185066, 0.0229311, 0.017369, 0.0291781, 0.0244374, 0.0181118, 0.0134835, 0.0184874, 0.0118296, 0.0300283, 0.0101918, -0.0124222, 0.021046, -0.00254398, -0.0189966, 0.0249101, 0.00142749, 0.00608836, 0.010827, -0.142023, 0.017137, 0.00478767, -0.0116989, -0.00387112, 0.0180265, -0.00465522, -0.00345964, 0.00123323, 0.00537977, -0.00308091, 0.0233433, 0.00492943, -0.0207918, -0.00276387, 0.0190922, 0.0127212, 0.0124367, -0.00944392, -0.0100605, -0.0109112, -0.00410287, -0.00421218, -0.00306369, -0.00263561, -0.00598816, 0.00119149, 0.0193151, -0.00729674, -0.00892, 0.0144824, -0.000226949, -0.00187441, 0.0108607, -0.0218485, 0.00262395, -0.00617169, 0.0117994, 0.00433765, 0.0150418, -0.0177884
# 0.000263034, -0.0118309, -0.00120495, 0.000597391, -0.00014439, 0.000189976, -0.000194585, 0.000535483, 6.97343e-05, -9.41818e-05, 0.000471238, 0.00988353, 0.00578665, 0.00698167, 0.0185209, 0.0228942, 0.0226575, 0.0213864, 0.0144378, 0.0211474, 0.0284526, 0.0331206, 0.0405715, 0.0193573, 0.0965961, 0.00981625, 0.0159017, 0.0294369, 0.00470407, 0.0261599, 0.0164159, 0.0247666, 0.00193635, 0.0228456, 0.0243167, 0.0336692, 0.00616154, 0.00721876, -0.00296192, 0.00722226, 0.00623116, 0.0184725, 0.00658592, 0.0185394, 0.0256723, 0.0143392, -0.00476841, 0.0158893, 0.0197732, 0.0265672, 0.00983072, 0.0199565, 0.0213918, 0.0238508, 0.0186193, 0.0194479, 0.00421224, 0.0248474, 0.0120379, 0.0218427, 0.0147996, 0.0157052, 0.0199685, 0.0132022, 0.0151611, -0.0163516, 0.00257063, 0.00236114, -0.0022178, -0.0100593, 0.00274112, 0.00201993, 0.0145511, -0.00677737, -0.120731, 0.0030508, -0.00404027, 0.00765939, 0.0156834, -0.0234723, -0.000249763, 0.00269096, 0.00224105, -0.0082617, 0.0236705, 0.00483159, -0.0188738, -0.00144429, 0.0154384, 0.00514141, 0.032032, 0.00464685, -0.00761533, -0.0130499, -0.0103898, -0.0198754, 0.010182, -0.0012948, -0.00223468, 0.0115258, 0.0226687, -0.0233028, 0.0026324, 0.0117115, 0.00641893, 0.0102632, -0.00246195, -0.0149958, 0.00606478, -0.00937948, 0.0141666, 0.00724393, 0.0102185, 0.00825107
# 0.000232243, -0.0106766, -0.00145713, -0.000104321, -2.80174e-05, -0.000426385, 3.84704e-05, -6.5892e-06, 0.00044755, -0.000269172, 0.000572865, -0.00811746, -0.00154679, -0.00683444, 0.0125289, 0.0180846, 0.0143024, 0.0189796, 0.0151846, 0.00973771, 0.00939442, 0.00594026, 0.00108246, 0.0246993, 0.00981625, 0.118078, 0.0181918, 0.0098144, 0.0240741, 0.0217996, 0.0202872, 0.00676571, 0.0400726, 0.0133529, 0.00718537, 0.00898315, 0.0216524, 0.0207493, 0.0194222, 0.0124421, 0.0114669, 0.0187857, 0.0272399, 0.0187638, 0.00457794, 0.0314623, 0.0296633, 0.0175656, 0.0205137, 0.0163196, 0.0150485, 0.0125539, 0.0050151, 0.0124195, 0.00794936, 0.0125759, 0.011566, 0.0207022, 0.0147269, 0.0154783, 0.0116356, 0.0136097, 0.00604998, 0.0187199, -0.00527465, -0.00930207, -0.00485193, -0.0179575, 0.0112138, 0.0141491, -0.0123844, -0.000830178, -0.0153353, -0.00309633, -0.0122818, -0.156374, 0.0201339, 0.00382832, 0.00158529, -0.0037914, 0.00163443, 0.00718689, -0.00123363, -0.0120805, 0.00516223, -0.00375825, 0.0171898, 0.0051972, 0.0393211, 0.0316024, 0.0159772, -0.00697395, 0.0163818, -0.00874732, 0.00559358, 0.00458305, 0.00605106, 0.00160843, -0.00659737, -0.00836621, 0.0113205, 0.00744594, 0.00599056, -0.0161848, 0.00693462, 0.000566079, 0.0298679, -0.0125801, -0.00493116, -0.00738437, -0.011679, 0.00877384, 0.012086, 0.00561991
