# stan_version_major = 2
# stan_version_minor = 37
# stan_version_patch = 0
# model = survival_model
# start_datetime = 2026-03-12 12:15:43 UTC
# method = sample (Default)
#   sample
#     num_samples = 2000
#     num_warmup = 1000 (Default)
#     save_warmup = false (Default)
#     thin = 1 (Default)
#     adapt
#       engaged = true (Default)
#       gamma = 0.05 (Default)
#       delta = 0.8 (Default)
#       kappa = 0.75 (Default)
#       t0 = 10 (Default)
#       init_buffer = 75 (Default)
#       term_buffer = 50 (Default)
#       window = 25 (Default)
#       save_metric = false (Default)
#     algorithm = hmc (Default)
#       hmc
#         engine = nuts (Default)
#           nuts
#             max_depth = 10 (Default)
#         metric = dense_e
#         metric_file =  (Default)
#         stepsize = 1 (Default)
#         stepsize_jitter = 0 (Default)
#     num_chains = 1 (Default)
# id = 2
# data
#   file = /Users/dansprague/Documents/PhaseSkate/benchmarks/scaling/data/data_H50.json
# init = 2 (Default)
# random
#   seed = 42
# output
#   file = /Users/dansprague/Documents/PhaseSkate/benchmarks/scaling/stan_output/survival-20260312081543_2.csv
#   diagnostic_file =  (Default)
#   refresh = 100 (Default)
#   sig_figs = 8 (Default)
#   profile_file = profile.csv (Default)
#   save_cmdstan_config = false (Default)
# num_threads = 1 (Default)
# stanc_version = stanc3 v2.37.0
# stancflags = --filename-in-msg=survival.stan
lp__,accept_stat__,stepsize__,treedepth__,n_leapfrog__,divergent__,energy__,log_alpha,beta_0,beta.1,beta.2,beta.3,beta.4,beta.5,beta.6,beta.7,beta.8,log_sigma_int,log_sigma_slope,rho,z_int.1,z_int.2,z_int.3,z_int.4,z_int.5,z_int.6,z_int.7,z_int.8,z_int.9,z_int.10,z_int.11,z_int.12,z_int.13,z_int.14,z_int.15,z_int.16,z_int.17,z_int.18,z_int.19,z_int.20,z_int.21,z_int.22,z_int.23,z_int.24,z_int.25,z_int.26,z_int.27,z_int.28,z_int.29,z_int.30,z_int.31,z_int.32,z_int.33,z_int.34,z_int.35,z_int.36,z_int.37,z_int.38,z_int.39,z_int.40,z_int.41,z_int.42,z_int.43,z_int.44,z_int.45,z_int.46,z_int.47,z_int.48,z_int.49,z_int.50,z_slope.1,z_slope.2,z_slope.3,z_slope.4,z_slope.5,z_slope.6,z_slope.7,z_slope.8,z_slope.9,z_slope.10,z_slope.11,z_slope.12,z_slope.13,z_slope.14,z_slope.15,z_slope.16,z_slope.17,z_slope.18,z_slope.19,z_slope.20,z_slope.21,z_slope.22,z_slope.23,z_slope.24,z_slope.25,z_slope.26,z_slope.27,z_slope.28,z_slope.29,z_slope.30,z_slope.31,z_slope.32,z_slope.33,z_slope.34,z_slope.35,z_slope.36,z_slope.37,z_slope.38,z_slope.39,z_slope.40,z_slope.41,z_slope.42,z_slope.43,z_slope.44,z_slope.45,z_slope.46,z_slope.47,z_slope.48,z_slope.49,z_slope.50
# Adaptation terminated
# Step size = 0.325801
# Elements of inverse mass matrix:
# 0.000493549, 9.27186e-05, 2.84943e-07, 3.34162e-05, -1.60926e-05, 4.07578e-05, -3.29272e-05, 1.88966e-05, 1.65436e-06, 8.76369e-07, -0.000270285, -3.97727e-05, -0.000252935, -0.000275275, -0.000368347, -0.000855126, -0.000198467, -0.000113247, 0.00016091, -0.00112208, -0.000375671, -0.000654201, -0.000726413, -0.000529173, 4.9785e-05, 0.000376275, 0.000134011, 0.000181798, -0.000506473, -0.00034533, -0.000935059, -0.000506642, -0.000260463, -0.000242517, -0.000180124, 0.000492711, 0.000108747, -6.33055e-05, -0.000468344, -0.000865844, 1.56976e-06, -0.000923064, -0.000558204, -0.000832746, -0.000283039, 0.000314062, 4.5845e-05, -0.000568115, -0.000521698, 9.06702e-06, -8.01083e-06, -0.000817989, -0.000394288, -0.000495965, 4.04433e-05, 7.08991e-05, -0.000260112, -0.000683436, 1.50799e-05, -0.000504635, -0.000739774, -0.000277388, -0.000263696, -0.000425507, -0.00114837, 0.00153814, -0.000578817, 0.000846312, 8.84775e-05, 0.00123709, -0.0002304, 0.000859937, 0.00185325, 0.000468259, 0.000681463, -0.00126892, -0.00137148, -0.00065022, 0.00124756, 0.00089137, 0.000919296, 5.86445e-05, -0.000784471, -0.000461833, -0.000796089, -0.000214102, 0.000485736, 0.000662511, -0.000633346, 0.00119971, 0.000190612, 0.00168828, 0.00201827, 0.000748723, 0.000547312, -6.49175e-05, -0.000460331, -0.000384274, -0.000311414, 0.000112976, 0.0014571, 0.00136398, -4.00973e-05, 0.00039459, 0.00016067, -0.000707561, -0.000191606, 0.00140006, -0.000760172, 0.000420565, 0.000839183, -0.000349929, -0.00113885
# 9.27186e-05, 0.0085612, 0.000133789, -0.000167878, 6.54234e-05, -2.2152e-07, 0.000120861, 0.000131465, 0.000135115, -6.51908e-05, 0.000461533, -6.83759e-05, 0.00223241, -0.010979, -0.0122596, -0.00960335, -0.0122597, -0.0130616, -0.0128729, -0.0128547, -0.011122, -0.0115429, -0.0108903, -0.0111097, -0.0120753, -0.0135103, -0.0121302, -0.01289, -0.0128336, -0.0120617, -0.0117916, -0.00847118, -0.0101823, -0.0114749, -0.0123053, -0.0134131, -0.0129423, -0.01052, -0.0131799, -0.0100885, -0.0122132, -0.0137862, -0.0133372, -0.0124951, -0.0133932, -0.0132838, -0.013146, -0.00941179, -0.0134079, -0.0121596, -0.0130658, -0.0105482, -0.0108031, -0.0107034, -0.011013, -0.0138108, -0.0130298, -0.0121411, -0.0129928, -0.0113801, -0.0108015, -0.0131378, -0.0111521, 0.000628234, 0.00359626, -0.00694375, -0.00300205, -0.00385812, -0.00151624, 0.0106061, -0.00475231, 0.000919766, 0.0015926, 3.70517e-05, -0.00512602, 0.00132179, 0.000742544, 0.00320899, 0.00402478, -0.00553203, 0.00216862, -0.00580407, -0.00218109, 0.00158893, 2.96861e-05, -0.00406985, 0.00621089, -0.00423497, 0.00172146, -0.00457106, 0.000579919, -0.00345816, 0.00070832, 0.00349348, -0.00389516, -0.00218267, 0.0012342, -0.00732545, 0.0070571, 0.00262627, 0.0007131, -0.00021143, -0.0014598, 0.000618364, -0.00277067, 0.00154331, -0.00147418, 0.000788665, 0.00177199, -0.000487192, -0.000788174, 0.0014923, -0.00362791
# 2.84943e-07, 0.000133789, 0.000459347, -4.38286e-05, 2.44422e-05, 4.00831e-05, 2.86191e-05, -1.61516e-05, 3.04775e-05, 5.80489e-06, -9.80128e-05, 0.000114906, 0.000332016, -0.000521643, 0.000350936, -0.000249206, 0.000288946, -0.000299889, 5.39135e-06, -0.000183704, -0.000465645, -0.000236481, -1.57244e-05, 7.78576e-05, -0.000427835, 0.000978277, 0.000221378, -0.000214814, 0.000230745, -0.000315616, -1.56345e-05, 0.000434587, -8.97782e-05, 0.000333313, 1.45345e-05, 0.000121086, 0.000507248, 9.94913e-05, 0.000283042, 0.000421349, -0.000357392, 0.000946019, -0.000251014, -0.000516093, -0.000192915, 0.000524148, 8.61521e-05, 0.000172195, -0.000350947, -5.86705e-05, -8.00232e-05, -0.000240722, -0.000459561, -0.000110127, 0.000104091, 0.000457265, -0.000208249, -0.000447237, -0.000364701, -0.000380221, -0.000394111, -0.00019726, -0.000410092, 0.000962975, -0.0017216, 5.57236e-05, -0.000384373, -0.000266194, -0.000547562, -0.000510419, -2.05701e-05, 0.000745919, 0.000144899, 0.000175998, -0.00040649, -0.00252454, -0.000194698, -0.000467295, -0.00110726, 0.000427794, 0.000569548, 0.000655859, 6.2832e-05, -2.7417e-06, 0.000145087, -0.000954725, -0.000235816, 0.000226432, 0.000944937, -3.60278e-05, -0.00024284, -0.00237374, -0.0013456, 0.000745042, 0.000593673, -0.000821324, -7.92525e-05, -0.000329252, -0.000208518, -0.000103412, 0.00189114, 0.000438131, 0.000518753, -0.000435459, -0.000729964, -0.000920091, 0.000556958, 0.00104958, 0.000853222, 6.93623e-05, 0.00084788, 0.000420614, 0.000757576
# 3.34162e-05, -0.000167878, -4.38286e-05, 0.000392138, -3.28198e-05, -2.19766e-05, -4.8279e-05, 8.0934e-06, -3.98668e-06, 3.65462e-05, -0.000197937, -0.000416171, 0.000614845, -0.000368602, 3.24887e-07, -0.000158952, -0.000316243, -2.81275e-05, 0.000621996, 8.93606e-05, -6.01506e-05, -0.00015285, -0.000408001, -2.5783e-06, 3.01126e-05, 0.000621517, -8.61691e-05, 0.000133211, -0.000460423, 0.000299277, 5.65976e-05, 0.000477381, 0.000116175, 0.000445715, -0.000130718, 7.30251e-05, 0.000375984, 1.73263e-05, 5.56066e-05, 0.000503559, -8.98531e-05, -0.00020792, 0.000207443, -7.85669e-05, 0.00049941, -8.87953e-05, -0.000110701, -0.000236257, 1.48573e-05, 0.000156472, 0.000622157, -2.74452e-05, 0.000140469, 1.11569e-05, 0.00031089, 0.000246929, -0.000201696, -0.000135722, -4.93332e-06, 0.000377513, -5.04353e-06, 0.000160876, 0.000254765, 0.000726404, 0.000338316, 0.000726333, 0.000159655, -0.000560816, -0.000790778, 0.00062095, 0.000385132, -0.000526092, 0.00123816, 0.000330574, 0.000121108, -0.000565104, -0.000891514, 0.000935398, 0.000319839, 0.000555876, 0.00030482, 0.00085437, -0.000863057, -0.000748748, 0.000401442, -0.000401032, -0.00024681, -1.7604e-05, -0.000205211, -0.000201875, 0.000474874, 0.000654928, -0.000230765, -0.000316946, 0.000386867, 0.00120832, -0.000310416, -0.000852041, 0.000185333, 0.000400942, -0.000168054, -0.000362213, 0.000458275, 0.000213413, -0.00121692, 0.000385816, 0.000690039, 4.84976e-05, 0.000456571, -0.000142802, 0.000262471, 0.00023403, -0.000733189
# -1.60926e-05, 6.54234e-05, 2.44422e-05, -3.28198e-05, 0.000495514, -1.89152e-05, 8.18534e-05, -3.35551e-06, 5.86124e-05, -2.4362e-05, 9.63291e-05, -0.000159259, -0.000319076, -0.000291221, 0.000566004, 0.000142998, 0.000317871, 7.91213e-05, 0.000554253, -0.00065012, -0.00010843, -0.000361488, 8.95319e-05, -0.000429751, 0.000596411, 0.000201915, 0.000394913, -0.000101757, 0.000378406, -1.37793e-05, 0.00067542, -0.000656497, 0.000618835, 2.73109e-05, 0.000478321, 0.000224252, -0.000301741, 0.000283748, 0.000589617, 0.000381589, -0.000143546, -0.000267589, 0.000325813, 0.000128261, -6.62494e-05, -0.000243441, -0.000743499, -0.000137291, -0.000382162, 0.000419452, -7.32642e-05, 0.000220253, 4.99617e-05, -1.98719e-05, 0.000180164, -0.000398182, -6.77014e-06, 0.000252197, 0.000749383, -0.000391487, -0.000458968, 0.000110415, -0.000512995, 0.000659789, 0.000307773, -0.00074919, -0.000546487, 0.000326385, -0.00105581, 0.00156475, -0.000109006, 0.00207924, 8.54779e-05, 0.00158378, -0.00137547, -0.00103855, -0.00142364, 0.000721624, -0.000724983, -0.000647356, -0.000804435, 0.00200337, -0.000807861, -0.000169255, -0.000111938, 0.000131862, 0.000234633, 0.000612158, -0.000793444, -0.000110224, 0.00142984, 0.000357435, 5.89778e-05, -0.000797889, -0.000459538, -0.000654625, 0.00198385, 0.00167549, 0.00107761, -0.00120996, -0.0011317, -0.000913283, -0.00106875, -0.000345784, -0.00150584, 0.000335872, -0.000109272, -0.000802983, -0.000343331, 0.000799715, 0.000106503, -0.000177953, 0.000322797
# 4.07578e-05, -2.2152e-07, 4.00831e-05, -2.19766e-05, -1.89152e-05, 0.000412109, -1.46841e-05, 3.10564e-06, 2.34531e-07, 4.984e-06, -4.32416e-05, 7.60111e-05, 0.000116035, -0.000206592, 5.32429e-05, 6.79752e-05, -6.22526e-05, 0.000140899, 0.000228083, 1.11642e-05, -0.000282845, -0.000622507, 1.45554e-05, -0.000254001, 0.000117974, 0.000106835, -0.000143188, -0.00036657, 0.000299982, 0.000618345, -0.000349142, -0.000131361, -0.00038711, -0.000780346, -0.000285039, -0.000237709, -0.00010998, -0.000423489, 0.00026678, 7.48657e-05, 0.000164625, -1.38853e-06, -0.00012146, 0.000149415, -0.000103231, -0.000511504, 0.000265839, -0.000163323, -3.05295e-05, -5.65377e-05, 7.00324e-05, -0.000133858, 0.000747099, 0.00028119, 0.000346032, 0.000731882, -0.000693088, -0.000150748, -5.99954e-05, -0.000839229, -0.000237187, -0.000307683, -0.00046277, -4.46881e-05, 0.000101048, -7.75711e-05, 6.74089e-05, 3.63584e-05, -0.000603701, -0.000161685, 0.000606771, 0.00106597, 0.000516269, 0.000640414, -0.000560082, -0.000156396, 0.000121409, -0.000932682, 0.000176897, -0.000665958, 0.000110321, -0.000336041, 0.00112936, -0.000432378, 0.000247046, -0.00105571, 0.000406545, 0.00045711, -0.000651945, -3.38762e-05, 0.000276277, -0.000370692, 0.000673987, 6.15623e-05, 0.000912135, 0.000947551, 0.000920453, 0.000241431, 0.000132143, 0.00158634, 0.000277562, -0.000188996, -0.000695247, -0.000818175, -0.000190933, -0.00113074, 0.000239055, -0.000487319, -0.000199134, 0.000391233, -7.1712e-05, 0.000118454, 0.00131726
# -3.29272e-05, 0.000120861, 2.86191e-05, -4.8279e-05, 8.18534e-05, -1.46841e-05, 0.000414767, -5.47302e-06, 1.46816e-05, 1.73611e-05, 0.000109375, 1.93009e-05, 6.59862e-05, -0.000194946, 0.000121002, 0.000289466, 0.000247072, 4.1239e-05, 5.07306e-05, -0.00036553, 1.08192e-06, -0.000127662, -3.93357e-06, 0.000902949, -0.000359365, -0.000173882, -8.47887e-05, 0.000136492, -0.000511162, -2.52176e-05, 0.000478082, -0.000125775, -6.58228e-05, -3.91938e-05, 0.00029713, 6.73358e-07, -0.000444034, -8.02341e-05, -0.00049883, -0.00101147, 2.3918e-05, -0.000158084, -0.000539786, 9.85125e-05, -0.000168341, -0.000704967, -0.000529786, 0.000676126, -0.000506362, -0.000122621, -0.000128847, -3.39339e-06, 8.40487e-05, 0.000510312, -0.000504333, -0.000444635, 0.000260082, 5.12053e-05, -1.22818e-05, -0.000378298, 0.000308644, -0.000273463, 8.05366e-05, -4.82152e-05, -0.000429226, -0.00158131, 0.000153246, -0.000370048, -0.000225853, 0.00184289, -0.000744775, 0.000906261, 0.000289878, -0.00193191, 0.00109428, 0.0005288, -0.000263481, 0.000537344, 0.000215075, -0.000750132, -0.000541852, 0.00243299, 0.000185847, -0.000126411, -0.000307177, -0.000616582, 0.000413432, 0.000227144, 0.000385789, 0.00215584, -0.00151376, -5.54045e-05, 0.000953553, -0.000755439, 0.000583727, 0.000361072, 0.000300004, -0.00154699, 0.000537701, 6.15472e-05, -0.000214504, -0.000559773, -0.000225556, -0.00104665, 0.000374912, 0.000400734, -0.000522122, 0.000768914, 0.000213269, 8.29598e-05, 6.69016e-05, 0.000106271, -4.86288e-06
# 1.88966e-05, 0.000131465, -1.61516e-05, 8.0934e-06, -3.35551e-06, 3.10564e-06, -5.47302e-06, 0.000415815, -3.27641e-05, 2.9198e-05, 0.000168691, 6.98794e-05, -2.14854e-05, -0.000144021, -0.000484982, 0.000227863, -0.000420477, -0.000174434, 6.28429e-06, 0.000234892, 0.000182667, 0.000277105, -0.000447865, -0.000186167, -0.000162195, -0.000207628, 0.000296701, -0.000648048, -0.000271632, -0.000734947, -0.000596964, -0.000135932, 0.000622412, -0.000186677, -5.24614e-05, -0.00043075, -0.000281653, -0.000365169, -0.000713065, -0.000295467, -0.000484841, -0.000636668, -3.289e-05, 3.90119e-05, -0.000486657, 0.000184165, -0.000311013, -0.000278808, -0.000451702, 3.7035e-05, -0.000842249, -0.000260876, -0.000158576, -8.42879e-05, -0.000453351, -0.000479276, 0.000515096, -0.000465236, 0.000482996, -0.00037967, -0.000559176, -0.000512778, 1.58659e-05, -0.000175722, 0.000256601, -0.000653136, -0.000498448, -0.00123806, -0.00124388, -0.000297637, 0.000481638, 0.00117971, -0.000217714, 9.65819e-05, -0.00102854, 0.00010517, -0.00117925, 0.000381638, -0.000220739, 0.00160332, 0.000457035, -0.00166506, -0.0018073, 6.7203e-05, -0.00013934, -0.000988712, -0.00119591, -0.000609364, 0.000489982, 9.63633e-05, 0.000580401, 0.000130328, -0.00155047, 0.000269127, -0.000535073, -0.000496281, -0.000430602, -0.000908995, 0.000759224, -0.000615654, 0.000416745, 0.00106301, -0.000845421, 6.19868e-05, 0.00151494, -0.000426995, -0.0011863, -0.000157318, -0.000307844, 0.000525158, 0.000688488, 0.000160727, -0.00133066
# 1.65436e-06, 0.000135115, 3.04775e-05, -3.98668e-06, 5.86124e-05, 2.34531e-07, 1.46816e-05, -3.27641e-05, 0.000421266, -4.78532e-05, 0.000132742, 0.000201396, -8.43931e-05, 0.00014347, -7.57237e-05, 0.00018527, 0.000789684, -0.000180072, 0.000434182, -0.000492845, 0.000420116, 3.50937e-05, -8.27439e-05, 0.000263468, 0.000608468, 3.45483e-05, -0.000121103, -5.92951e-05, -0.00041135, -0.000171005, 1.2089e-05, 0.000339539, 0.000125544, -7.98567e-05, 0.000626394, -1.75892e-05, -0.000573437, -0.000617148, 0.000449821, 0.000298139, -0.00014113, -0.000214994, -0.000291358, 8.46671e-05, -0.000409855, -8.7312e-05, -0.00111668, -0.000406116, 3.32455e-05, -0.000130194, 0.000497145, 8.26997e-05, 0.000384757, 0.000108907, 2.66708e-05, -0.00020637, -5.16803e-05, -0.000150107, 0.000215142, -0.000370182, 6.66993e-05, 4.13946e-05, -0.000478296, 4.01668e-05, -0.000412206, -0.000634422, -0.00121628, -0.00044023, -0.00126827, 0.000365624, -0.00149409, 0.000128336, 0.000736777, 0.000496757, -0.00180386, -0.000173386, -0.000831349, -0.000195432, 0.000811569, -0.000433462, 0.000110104, 0.00236719, -0.000508664, 0.000758765, -0.000725853, 0.000355646, 0.000232482, 0.00137741, 0.00071913, -0.000589577, 0.000679345, 0.000365763, 0.00179267, 0.00140887, -4.3149e-05, -0.000879142, 0.00103176, 0.00119845, -0.000103333, 0.0012082, -0.00108406, -0.000663136, -0.000419127, 0.000519303, -0.000374548, 0.000140449, 0.00136627, 3.27806e-05, -0.000106225, 0.00050144, -0.00117878, -0.000885944, 0.00108172
# 8.76369e-07, -6.51908e-05, 5.80489e-06, 3.65462e-05, -2.4362e-05, 4.984e-06, 1.73611e-05, 2.9198e-05, -4.78532e-05, 0.000374446, 8.50755e-05, -0.000210863, 0.000122492, -2.15086e-05, 0.000378375, 0.000214862, 0.000101943, 0.000132166, 0.000367392, 9.59875e-05, 0.000582389, 0.000344846, -0.000215434, -0.000207523, -0.000682234, 0.000138841, -0.000163586, 0.00020496, 8.81658e-05, -0.000107603, 0.000427418, -5.11619e-05, 0.000341094, 0.000259844, -0.000127044, -3.37833e-05, -0.000485177, -0.00043914, -0.000123394, -0.00044489, 0.000106798, -0.000208794, 0.000115504, 0.000214572, -5.13794e-05, -7.40327e-06, -0.000272689, -0.000233243, 0.000162469, 1.20484e-05, -0.000281215, -0.000256142, -0.000441119, -0.000245792, 0.000155469, -0.000263609, -9.78738e-05, 0.000278811, 0.000408633, 0.000264834, 0.000155994, 3.53408e-05, 0.000224567, 0.00117086, 2.45143e-05, 0.000177802, -6.26304e-05, -9.65806e-05, 0.000423351, 0.000611805, -0.000407794, -0.000730214, 0.000934702, 0.000438406, 0.00110333, 0.0003232, 0.000975575, 0.000835654, 0.000751432, 0.00024274, -0.000277889, -1.9578e-05, -0.000992974, -0.000901796, -0.000190883, 0.00166797, -0.000386011, 0.00176145, -7.61469e-05, 0.000872073, -2.61172e-05, 0.000218442, 0.00010046, -0.000290727, 0.000683487, -0.000818573, -0.000240102, 0.000386553, 0.000697642, 3.62906e-05, 0.000696167, 0.000420656, 0.00152809, 0.000390625, -0.00100991, 7.08851e-05, -0.000158925, -0.000725294, -0.00093956, 0.00037354, 0.000497956, -0.000664865, -0.000669327
# -0.000270285, 0.000461533, -9.80128e-05, -0.000197937, 9.63291e-05, -4.32416e-05, 0.000109375, 0.000168691, 0.000132742, 8.50755e-05, 0.0120231, 0.000684643, -0.00859673, 0.00644057, -0.00127499, 0.00704948, 0.000892166, -0.00324127, -0.00525935, 0.0122978, 0.0136059, 0.0287721, -0.000870473, 0.00860516, -0.0057211, -0.00260082, 0.0106703, -0.00782339, -0.00118095, -0.000279443, 0.0088766, -0.0134109, 0.0054536, 0.00944664, 0.0152914, -0.0120483, -0.0157252, -0.0109333, -0.00431088, -0.00419681, -0.00352983, -0.00817722, -0.00240675, 0.00481164, -0.0104999, -0.0158594, 0.000319642, -0.00111289, 0.00506834, -0.00514538, -0.00151215, 0.0072275, 0.00579515, 0.00244004, 0.000800883, -0.0115713, 0.00377503, 0.00138625, 0.00646297, 0.00358148, 0.00321654, 0.0047027, 0.000708015, -0.00113858, 0.00864633, -0.00748375, 0.00450412, -0.00163824, -0.00128048, 0.00128253, 0.00132627, -0.0103588, -0.00247195, -0.00163366, -0.000387448, -0.000780933, -0.00709797, 0.00106641, -0.00804562, -0.00313451, -0.00676743, -0.00637409, -0.00741275, 0.00280667, -0.0074227, -0.000723094, 0.00125248, -0.00470823, -0.00013811, 0.00203708, 0.00547234, -0.00501289, -0.00198761, -0.00524035, -0.00365951, -0.00501909, -0.00180486, 0.00751847, 0.00162131, 0.00506066, 0.00200945, -0.00106482, 0.00673998, -0.00696261, 9.06843e-05, 0.0027974, -0.00478664, -0.000539002, -0.00301199, 0.00131648, -0.00504049, -0.00383508, 0.00351768
# -3.97727e-05, -6.83759e-05, 0.000114906, -0.000416171, -0.000159259, 7.60111e-05, 1.93009e-05, 6.98794e-05, 0.000201396, -0.000210863, 0.000684643, 0.0292931, -0.012823, -0.00135048, 0.00235305, 0.000517536, -0.00132518, 0.00440393, -0.00745695, -0.00856684, 0.00247788, 0.0145851, -0.00585556, 0.00680754, -0.00267588, 0.00122573, 0.00900706, -0.00293239, 0.00426679, -0.00701884, -0.00652912, -0.0033897, -0.00287744, -0.00482667, 0.00727752, -0.00204827, -0.00205242, 0.00272096, 0.000647497, -0.000557781, 0.00640319, 0.00199555, 0.00249761, 0.0042593, -0.00426367, 0.00615416, 0.00287036, 0.00460797, 0.00577114, -0.00761068, -0.00916257, -0.00258419, 0.00479686, 0.00726009, 0.00567564, -0.00170375, 0.00188566, -0.00189448, 0.000434545, -0.00399897, -0.000997257, 0.010022, -0.0088915, -0.00136299, 0.000733573, 0.0121586, -0.00238124, -0.00197073, -0.00250918, 0.000426108, 0.00967556, 0.00709103, 0.00437511, 0.00901326, 0.00678705, -4.43783e-05, 0.0119516, 0.0073876, -0.00698415, 0.0098271, 0.00476257, 0.00465897, -0.00114371, 0.00485205, 0.00222432, -0.00686439, -0.0025374, -0.0142213, 0.0108868, -0.00760005, 0.00800333, -0.00794904, -0.00348916, 0.00702919, 0.00437487, -0.0148258, 0.00184618, -0.00717465, 0.00347456, 0.012484, 0.00699328, -0.00560658, -0.0110545, 0.00182358, 0.00751356, 0.00100178, 0.00558873, 0.00180348, 0.010131, -0.00581611, 0.0074127, 0.00130699, -0.00170672
# -0.000252935, 0.00223241, 0.000332016, 0.000614845, -0.000319076, 0.000116035, 6.59862e-05, -2.14854e-05, -8.43931e-05, 0.000122492, -0.00859673, -0.012823, 0.174793, -0.000827147, -0.00622283, -0.00438649, 0.00513838, -0.00851775, 0.0162691, 0.0109537, -0.00816733, -0.0290141, 0.00821455, -0.00795572, -0.00313802, -0.00265488, -0.0206516, 0.00892724, -0.00982817, 0.0125117, 0.0119194, -0.00262433, -0.00211116, 0.00500509, -0.0123795, 0.00768682, -0.0065879, -0.0159784, -0.01062, 0.00811183, -0.0178096, -0.0217972, -0.00727527, -0.0170815, -0.0105059, -0.036255, -0.0100362, -0.00747589, -0.0140354, 0.00786276, 0.0146783, -0.00193165, -0.005995, -0.0195007, -0.0142991, 0.00414019, -0.0148695, 0.00223611, -0.0101364, 0.00591796, -0.00583726, -0.0223665, 0.014778, 0.0243769, -0.0172253, 0.0174421, 0.00272029, -0.0395514, -0.0356695, 0.0507726, 0.0476853, 0.142599, -0.00703628, 0.0481685, -0.0583425, -0.00519246, 0.0473125, -0.0250282, -0.0131915, -0.0112692, 0.0218117, -0.071936, 0.0187086, 0.0636649, 0.0463545, -0.0781978, -0.0366044, -0.02984, -0.0152563, -0.0248657, -0.0139244, -0.0207078, -0.0146931, 0.0301335, -0.0370135, -0.0210883, 0.01206, 0.00377687, 0.0309676, -0.00675243, -0.0242873, 0.0353413, 0.0350239, 0.01185, -0.00190986, -0.0208819, 0.00201269, 0.00655089, 0.0422948, 0.0232544, 0.0186137, 0.0362768, -0.00589633
# -0.000275275, -0.010979, -0.000521643, -0.000368602, -0.000291221, -0.000206592, -0.000194946, -0.000144021, 0.00014347, -2.15086e-05, 0.00644057, -0.00135048, -0.000827147, 0.0779025, 0.0135146, 0.0145634, 0.0138199, 0.0112518, 0.0148056, 0.0264393, 0.0214157, 0.0334787, 0.0211105, 0.0141389, 0.00678124, 0.0156029, 0.0198353, 0.0146233, 0.0173042, 0.0168657, 0.0231819, -0.00217479, 0.0131617, 0.0287755, 0.021956, 0.0126426, 0.00897351, 0.00676549, 0.0105492, 0.0125689, 0.0114423, 0.015337, 0.0114571, 0.0221423, 0.00881044, 0.00642825, 0.0116018, 0.0116459, 0.0231483, 0.0123842, 0.0208329, 0.0145686, 0.0221506, 0.0160216, 0.0164339, 0.0160019, 0.0187719, 0.0156535, 0.0213203, 0.0188205, 0.0186449, 0.0173709, 0.0178948, -0.0962342, 0.0063408, 0.00470924, 0.0204162, 0.00101217, 0.00460356, -0.00977519, 0.0126452, -0.0040189, -0.0132096, 0.0118711, 0.0224082, -0.00154734, -0.000661143, 2.40804e-05, -0.0118561, 0.0188615, -0.00170474, -0.00703172, -0.00234095, -0.00976747, 0.00845034, 0.00430795, -0.0140941, -0.00671596, -0.000536949, 0.00492942, -0.00557386, 0.000183377, 0.0119107, -0.00311046, 0.00186196, -0.00582981, 0.00356173, 0.0202572, -0.00852536, 0.0102023, -0.00657082, 0.00905714, -0.00298694, -0.00937769, 0.00975436, 0.00161382, 0.0145557, 0.010517, -0.00921754, 0.011385, -0.00340198, 0.00188494, 0.00623176
# -0.000368347, -0.0122596, 0.000350936, 3.24887e-07, 0.000566004, 5.32429e-05, 0.000121002, -0.000484982, -7.57237e-05, 0.000378375, -0.00127499, 0.00235305, -0.00622283, 0.0135146, 0.0860981, 0.0125707, 0.0175023, 0.0223192, 0.0198727, 0.017406, 0.0193189, 0.0192754, 0.0190745, 0.0138592, 0.0238355, 0.0252206, 0.0198889, 0.0141557, 0.0291728, 0.0149687, 0.0126604, 0.00967776, 0.01321, 0.0151269, 0.0176237, 0.017673, 0.0141875, 0.0238639, 0.0240383, 0.0135063, 0.0202411, 0.0189866, 0.0220086, 0.0159623, 0.0177393, 0.0173062, 0.0121787, 0.0145179, 0.014756, 0.0190905, 0.016796, 0.0152195, 0.00867399, 0.0170969, 0.0162627, 0.0235318, 0.0193879, 0.0142728, 0.0185645, 0.0133537, 0.0173398, 0.0238698, 0.0136522, -0.00273837, -0.104449, 0.0140622, -0.00379301, 0.00906179, 0.00265297, -0.0157993, 0.00347124, -0.00675868, 0.00848802, 0.0124826, -0.0105236, -0.00738952, 0.0096428, 0.00199417, -0.0237261, 0.00830385, 0.0126711, 0.0298048, -0.00946468, 0.010177, -0.00325278, 0.00571898, -0.00543626, 0.00459676, -0.00555761, 0.000723797, 0.00660223, 0.00230627, 0.0025498, -0.0025437, 0.0146295, 0.0174713, 0.0162425, 0.00853637, -0.00363592, 0.00938143, -0.0146578, -0.00655461, 0.014451, 0.00639546, -0.00713134, -0.0214954, -0.0131557, 0.00112449, 0.00810696, 0.00534717, -0.000883839, -0.00303984, 0.00361701
# -0.000855126, -0.00960335, -0.000249206, -0.000158952, 0.000142998, 6.79752e-05, 0.000289466, 0.000227863, 0.00018527, 0.000214862, 0.00704948, 0.000517536, -0.00438649, 0.0145634, 0.0125707, 0.07545, 0.013121, 0.0209274, 0.00710369, 0.0222598, 0.0165471, 0.0325123, 0.00942845, 0.01623, 0.00405064, 0.020067, 0.0226804, 0.0105131, 0.0135417, 0.014103, 0.0213135, 0.00685548, 0.0156444, 0.0161058, 0.025017, 0.0028179, 0.00991403, 0.00165561, 0.0114691, 0.00700236, 0.0145998, 0.00461261, 0.0128839, 0.0206151, 0.00751362, 0.00519974, 0.00999545, 0.00827598, 0.0209045, 0.0103871, 0.0174177, 0.0132321, 0.0192122, 0.0148131, 0.0120066, 0.00487092, 0.016124, 0.0220503, 0.0262677, 0.0127077, 0.0186729, 0.0134756, 0.0173516, -0.000582741, 0.00974634, -0.105579, 0.00118511, -0.00699937, 0.0119226, -0.0127098, 0.0251583, -0.0148823, -0.00592259, 0.00647343, -0.00714998, 0.00668357, -0.00787742, 0.000604789, -0.0103439, 0.00359978, -0.00353444, -0.0235799, 0.000912414, 0.00959467, -0.00574599, 0.00758005, -0.0163353, -0.00429239, 0.00263305, 0.00909587, -0.00985255, 0.0107618, -0.00742824, -0.0131482, 0.00809249, 0.00458547, -0.00682442, 0.0119417, -0.00654227, -0.00323874, -0.0018354, 0.00792588, -0.00659565, -0.0116824, -4.76101e-05, -0.00445216, -0.00019654, -0.0129359, -0.018797, 0.00210244, -0.00445237, 0.0107109, -0.00597277
# -0.000198467, -0.0122597, 0.000288946, -0.000316243, 0.000317871, -6.22526e-05, 0.000247072, -0.000420477, 0.000789684, 0.000101943, 0.000892166, -0.00132518, 0.00513838, 0.0138199, 0.0175023, 0.013121, 0.0937415, 0.0210796, 0.027425, 0.0218389, 0.0205234, 0.0209735, 0.0181276, 0.0170574, 0.0198438, 0.022826, 0.0132713, 0.0221345, 0.0118975, 0.0259812, 0.0152067, 0.0118478, 0.0136061, 0.0208465, 0.0189342, 0.0197282, 0.0116751, 0.0198829, 0.0188689, 0.0171563, 0.014464, 0.0182155, 0.0203932, 0.0160517, 0.0220494, 0.0125184, 0.0198567, 0.0136519, 0.0192267, 0.0238561, 0.0202105, 0.0190797, 0.0164238, 0.0086279, 0.0109606, 0.0205939, 0.0186366, 0.018283, 0.0198542, 0.0156475, 0.0104683, 0.0218966, 0.0274599, 0.0100755, -0.0229618, 0.0187878, -0.108599, -0.0112987, -0.00924986, -0.0129903, 0.000274474, 0.0129071, -0.0132568, 0.00126333, -0.00436994, 0.00877536, 0.00689657, 0.00597906, 0.0046295, 0.00135469, 0.00416732, 0.00291507, 0.00579894, 0.00432988, 0.00260254, -0.00640607, -0.00923608, 0.0017046, 0.00725305, 0.0186616, -0.00505957, 0.0134783, -0.0052648, 0.012077, -0.00327334, -0.00680932, 0.00522524, 0.0204414, -0.0018158, -0.0167997, -0.000746662, 0.00055351, 0.00635738, 0.00608602, 0.00932791, -0.000999263, 0.0209584, -0.00190923, 0.00147082, 0.000104648, 0.00207124, -0.000403206, 0.0101284
# -0.000113247, -0.0130616, -0.000299889, -2.81275e-05, 7.91213e-05, 0.000140899, 4.1239e-05, -0.000174434, -0.000180072, 0.000132166, -0.00324127, 0.00440393, -0.00851775, 0.0112518, 0.0223192, 0.0209274, 0.0210796, 0.0978373, 0.0198825, 0.0204527, 0.0143293, 0.0151783, 0.0206742, 0.0110465, 0.0165731, 0.0278148, 0.0182038, 0.0208754, 0.0150448, 0.0189342, 0.0167187, 0.0125995, 0.0162134, 0.0127882, 0.0166298, 0.0225232, 0.0316945, 0.018975, 0.0199577, 0.0128953, 0.0229101, 0.0208792, 0.0208927, 0.0189116, 0.0272224, 0.028235, 0.0200732, 0.0098874, 0.0251009, 0.014768, 0.0188932, 0.0141706, 0.0179686, 0.0192879, 0.0148546, 0.0287372, 0.0255675, 0.0158201, 0.0189943, 0.00901936, 0.0163018, 0.019846, 0.0180888, 0.00327124, -0.0129526, -0.00323946, 0.00745053, -0.120446, 0.00133976, -0.0309375, 0.00481703, -0.00965139, 0.000416156, 0.00224791, 0.0189065, -0.00846618, 0.00249157, -0.0118478, 0.00106256, 0.020569, 0.00560846, 0.0260674, -0.0044704, -0.00361784, 0.0044764, -0.000261918, -0.00590434, 0.00575148, -0.00581461, 0.0136405, -0.0112982, 0.0223088, 0.00364584, -0.00355889, 0.00996103, 0.00827255, -0.010149, 0.0216367, -0.0206606, 0.00336572, -0.000630839, -0.00450801, -0.00150373, -0.00589045, -0.00440602, -0.0170602, 0.00166143, -0.0103807, -0.00172466, 0.0191013, 0.0171688, -0.005399, -0.0102996
# 0.00016091, -0.0128729, 5.39135e-06, 0.000621996, 0.000554253, 0.000228083, 5.07306e-05, 6.28429e-06, 0.000434182, 0.000367392, -0.00525935, -0.00745695, 0.0162691, 0.0148056, 0.0198727, 0.00710369, 0.027425, 0.0198825, 0.112307, 0.0189101, 0.0115884, 0.00467379, 0.0207549, 0.00646409, 0.0288843, 0.0261761, 0.0190705, 0.0271189, 0.021257, 0.0305536, 0.0197891, 0.022531, 0.016783, 0.0127831, 0.00933994, 0.0263565, 0.0221706, 0.0208292, 0.0147172, 0.017413, 0.0155519, 0.0158792, 0.0166726, 0.0130389, 0.019368, 0.0250914, 0.0213952, 0.0181235, 0.0181562, 0.0244525, 0.0208029, 0.0128116, 0.0233097, 0.00554152, 0.0159273, 0.0240311, 0.0213443, 0.0167282, 0.0188009, 0.0223109, 0.00976291, 0.0154938, 0.0175206, 0.00896579, -0.00205455, 0.0174445, -0.0131541, 0.0189179, -0.148128, -0.00112412, 0.00180368, 0.00883012, 0.00549186, 0.0216313, -0.0187668, -0.00542862, -0.0110351, -0.00178639, -0.00124378, -0.00635315, -0.00233411, -0.00118673, -0.0101295, 0.00125033, 0.00507102, 0.00466884, -0.0329805, 0.0283963, 0.00145213, 0.00123597, -0.00141036, 0.0289029, 0.015093, 0.00283555, 0.0160596, -0.0125838, -0.00666914, -0.00202667, 0.00644704, -0.0218064, -0.0188968, -0.0136116, -0.0172065, 0.0178637, -0.0130628, -0.0120249, 0.0133871, -0.00175149, -0.00501001, 0.0016288, 0.0108116, -0.00937753, 0.00937732
# -0.00112208, -0.0128547, -0.000183704, 8.93606e-05, -0.00065012, 1.11642e-05, -0.00036553, 0.000234892, -0.000492845, 9.59875e-05, 0.0122978, -0.00856684, 0.0109537, 0.0264393, 0.017406, 0.0222598, 0.0218389, 0.0204527, 0.0189101, 0.105508, 0.0347928, 0.0428759, 0.0271358, 0.0273858, 0.00959046, 0.0155681, 0.0220957, 0.0106322, 0.0193828, 0.0226747, 0.0293059, -0.00411182, 0.0183932, 0.0340699, 0.0295934, 0.00481663, 0.00877739, 0.00355473, 0.0102781, 0.0170388, 0.00964859, 0.0111919, 0.0159066, 0.0246366, 0.0124921, -0.00427001, 0.0205603, 0.0151223, 0.023384, 0.0156786, 0.0236313, 0.0244038, 0.0283698, 0.0154873, 0.0206277, 0.0241912, 0.0203753, 0.0198503, 0.026871, 0.0206785, 0.0166822, 0.0208468, 0.0262353, 0.004252, -0.00376903, 0.000140266, 0.0039319, -0.0134829, -0.0136103, -0.129138, 0.00257753, 0.00646336, -0.0274225, -0.00180418, -0.00184632, 0.00898313, 0.00128185, 0.0151668, -0.0202578, 0.00118512, -0.0140886, -0.0301627, -0.0019636, 0.0113664, -0.00619524, 0.000176313, -0.0193666, -0.0171626, 0.00385788, -0.00378684, 0.00501622, -0.00815416, -0.0198893, -0.0250949, -0.0196917, 0.000182271, 0.00701429, 0.0197153, -0.012931, -0.00240685, -0.0172295, 0.0152863, 0.0139628, -0.0127356, -0.0106994, -0.0136346, 0.00457346, -0.0111734, -0.0140732, 0.0125999, 0.00210033, -0.00175751, 0.00121582
# -0.000375671, -0.011122, -0.000465645, -6.01506e-05, -0.00010843, -0.000282845, 1.08192e-06, 0.000182667, 0.000420116, 0.000582389, 0.0136059, 0.00247788, -0.00816733, 0.0214157, 0.0193189, 0.0165471, 0.0205234, 0.0143293, 0.0115884, 0.0347928, 0.0854239, 0.0516308, 0.0139873, 0.0285098, 0.00596552, 0.0188233, 0.0269111, 0.0125057, 0.0107101, 0.0180968, 0.0277585, -0.00352288, 0.0188419, 0.0296484, 0.0318586, 0.00115473, -0.00270528, 0.00437192, 0.0180718, 0.0105832, 0.0149764, 0.0155426, 0.0165661, 0.0242665, -0.00133182, -0.00133929, 0.017075, 0.0096345, 0.0278369, 0.00950941, 0.0170102, 0.0243947, 0.0192516, 0.0180423, 0.0168348, -0.000432656, 0.0257564, 0.012938, 0.0291312, 0.0260941, 0.0177816, 0.0252221, 0.0172927, -0.0109013, -0.00494549, 0.0149388, 0.0208676, -0.00730464, 0.00197852, -0.0270765, -0.080417, -0.0152394, -0.0199234, -0.00805996, 0.00837003, -0.0090363, -0.00153428, -0.00868622, -0.00196897, -0.00971872, -0.0150965, 0.0211683, -0.00258161, -0.00172368, 0.00107399, 0.00934354, -0.0104313, 0.00301057, -0.00570825, 0.00234068, 0.00135299, -0.00609312, 0.00066019, -0.0164358, 0.00606601, -0.00940346, -0.00840765, 0.0118514, -0.00950443, 0.0124249, 0.00212937, -0.00791088, 0.0121153, -0.0144754, 0.008048, 0.00941698, -0.0116342, 0.00688133, -0.00566395, -0.00978381, -0.00853117, -0.0148604, 0.00567341
# -0.000654201, -0.0115429, -0.000236481, -0.00015285, -0.000361488, -0.000622507, -0.000127662, 0.000277105, 3.50937e-05, 0.000344846, 0.0287721, 0.0145851, -0.0290141, 0.0334787, 0.0192754, 0.0325123, 0.0209735, 0.0151783, 0.00467379, 0.0428759, 0.0516308, 0.13579, 0.0118839, 0.0440158, 0.00439402, 0.00577571, 0.0513956, -0.00163846, 0.0157784, 0.0114401, 0.0373438, -0.0187804, 0.0256004, 0.039511, 0.0611096, -0.0115935, -0.0227241, -0.00925211, 0.00808111, 0.00468143, 0.0102769, 0.00588527, 0.0178639, 0.031548, -0.00909821, -0.011902, 0.0236519, 0.0116311, 0.0345629, -0.00152904, 0.0112246, 0.0326072, 0.0274549, 0.020942, 0.0161557, -0.00671758, 0.0320675, 0.0141201, 0.0379663, 0.0293174, 0.0226492, 0.0381188, 0.0188261, -0.00470702, 0.00794035, -0.0119206, 0.0122944, -0.00425911, 0.0032087, -0.00929735, 0.0157829, -0.110284, -0.00794974, -0.00577437, 0.00353805, 0.00801107, -0.00873086, 0.000549225, -0.0240402, 0.0142772, -0.0220465, -0.0145696, -0.0111705, 0.0100109, -0.0209684, 0.00542234, -0.0165704, -0.0106148, 0.00958905, 0.00421286, 0.0112006, -0.0170838, -0.0251625, -0.0144285, 0.0143375, -0.0129874, -0.00580975, 0.0244869, -0.00221824, 0.0236065, -0.000292385, -0.00207276, 0.0225275, -0.0153579, 0.0110825, -0.00205435, -0.0113612, 0.0103115, -0.00501797, -0.00323018, -0.00210326, -0.00755547, -0.000310913
# -0.000726413, -0.0108903, -1.57244e-05, -0.000408001, 8.95319e-05, 1.45554e-05, -3.93357e-06, -0.000447865, -8.27439e-05, -0.000215434, -0.000870473, -0.00585556, 0.00821455, 0.0211105, 0.0190745, 0.00942845, 0.0181276, 0.0206742, 0.0207549, 0.0271358, 0.0139873, 0.0118839, 0.0997346, 0.0110835, 0.0157383, 0.0154301, 0.0098645, 0.0173104, 0.0233144, 0.0194171, 0.013367, 0.0113861, 0.0100335, 0.0165687, 0.00864728, 0.0280892, 0.0170374, 0.0102209, 0.0192454, 0.00881005, 0.00969508, 0.0140391, 0.014363, 0.0165735, 0.0234674, 0.0148921, 0.0139419, 0.00912772, 0.0131666, 0.0171767, 0.016748, 0.0167191, 0.0104227, 0.00702049, 0.0127037, 0.0210368, 0.019254, 0.0178713, 0.0119553, 0.0155987, 0.0141382, 0.0190028, 0.017806, -0.0074429, -0.0277793, 0.0102051, 0.00978788, -0.00391244, -0.00567714, -0.0234469, 0.00402832, 0.00320037, -0.122789, 0.00098289, 0.00958967, -0.00206655, 0.0134387, -0.00756427, -0.0116564, -0.00422099, 0.00258905, 0.023978, 0.00852622, -0.00168928, 0.0147901, -0.0129291, -0.0164679, 0.0134646, -0.00535817, 0.014119, 0.00859606, 0.0222092, 0.00251848, -0.00633066, -0.0144441, 0.00190983, 0.00890821, 0.0162415, -0.00240054, -0.0213256, 0.00742333, 0.000165667, 0.00323618, 0.00359377, -0.00106333, -0.0100839, -0.00632436, -7.47384e-05, -0.00292492, 0.000473079, 0.0044818, -0.00700847, 0.00152097
# -0.000529173, -0.0111097, 7.78576e-05, -2.5783e-06, -0.000429751, -0.000254001, 0.000902949, -0.000186167, 0.000263468, -0.000207523, 0.00860516, 0.00680754, -0.00795572, 0.0141389, 0.0138592, 0.01623, 0.0170574, 0.0110465, 0.00646409, 0.0273858, 0.0285098, 0.0440158, 0.0110835, 0.0955246, 0.00565405, 0.0153544, 0.0250518, 0.0162577, 0.0149022, 0.0112518, 0.0232442, 0.00522975, 0.0134253, 0.0239557, 0.0317089, 0.00602737, -0.00402459, 0.000148531, 0.0067961, 0.0096421, 0.0160592, 0.0220203, 0.0200858, 0.02394, 0.0122872, 0.00531799, 0.0181942, 0.00443632, 0.0193046, 0.00714218, 0.0141526, 0.0223983, 0.0298103, 0.0236038, 0.0173348, 0.0126066, 0.0240067, 0.0137359, 0.0234129, 0.0108148, 0.0169681, 0.0307587, 0.0162562, 0.00292339, 0.000290003, 0.0093579, 0.00473119, -0.00273081, 0.0082664, -0.0138782, 0.00369188, -0.01219, -0.0116793, -0.131056, 0.0104045, 0.00294521, 0.00100923, 0.00147454, -0.0151071, 0.0219294, -0.0232501, -0.00332927, 0.0110263, 0.0137183, -0.00722732, 0.000318854, 0.00949669, 0.00199497, -0.000807476, 0.00205812, 0.00730055, -0.0221679, -0.0049983, -0.0108877, -0.012221, -0.0024618, -0.00653632, 0.0232042, 0.0023927, -0.00270201, 0.0154486, -0.0066867, -0.00471656, -0.0123301, 0.0169524, -0.00325774, -0.00842112, 0.0153772, 0.00197016, 0.0007806, 0.00117041, -0.0137515, 0.0113766
# 4.9785e-05, -0.0120753, -0.000427835, 3.01126e-05, 0.000596411, 0.000117974, -0.000359365, -0.000162195, 0.000608468, -0.000682234, -0.0057211, -0.00267588, -0.00313802, 0.00678124, 0.0238355, 0.00405064, 0.0198438, 0.0165731, 0.0288843, 0.00959046, 0.00596552, 0.00439402, 0.0157383, 0.00565405, 0.123625, 0.0248415, 0.0112767, 0.0253758, 0.0222798, 0.0159376, 0.0211117, 0.0282817, 0.00858733, 0.00109001, 0.0132179, 0.0211659, 0.026161, 0.0194831, 0.0249706, 0.0109594, 0.0224252, 0.0158081, 0.0214093, 0.00769054, 0.0240089, 0.0224326, 0.0178012, 0.0184647, 0.0176604, 0.0198451, 0.0179123, 0.0165674, 0.0142251, 0.0111884, 0.0148962, 0.0239694, 0.0204461, 0.0216405, 0.0115328, 0.00946135, 0.00879171, 0.0128508, 0.0134381, -0.00157129, -0.0102424, 0.0382129, -0.0104649, 0.0203142, -0.0158621, -0.00247256, 0.000584701, 0.000154103, 0.013065, 0.0220987, -0.163515, -0.0219746, 0.00472105, -0.00996993, 0.00210804, -0.00347581, 0.000583618, 0.00088102, 0.0129555, 0.0097457, -0.00433356, -0.00216172, -0.0264091, 0.0287536, -0.0196445, -0.0135485, 0.0127722, 0.029435, 0.0106758, 0.0038083, 0.00633159, 0.00790255, 0.00782279, -0.00237879, -0.0177679, -0.00734168, -0.0151086, -0.0135828, -0.00509204, 0.00585647, -0.00033645, -0.00383064, -0.00735732, -0.0116643, 0.000748484, 0.0151442, 0.0160548, -0.00560262, 0.0291592
# 0.000376275, -0.0135103, 0.000978277, 0.000621517, 0.000201915, 0.000106835, -0.000173882, -0.000207628, 3.45483e-05, 0.000138841, -0.00260082, 0.00122573, -0.00265488, 0.0156029, 0.0252206, 0.020067, 0.022826, 0.0278148, 0.0261761, 0.0155681, 0.0188233, 0.00577571, 0.0154301, 0.0153544, 0.0248415, 0.111351, 0.013615, 0.0241071, 0.0162665, 0.0224034, 0.021696, 0.0191012, 0.018524, 0.0236474, 0.0157239, 0.0202229, 0.0247218, 0.0164568, 0.0293556, 0.0196636, 0.019395, 0.0201437, 0.0182931, 0.0235002, 0.0260657, 0.0282394, 0.0206798, 0.0168566, 0.0239228, 0.021648, 0.0318015, 0.0132579, 0.0168489, 0.0133113, 0.0154183, 0.0221391, 0.0180138, 0.0152856, 0.023934, 0.0115404, 0.0213787, 0.0138699, 0.0147976, -0.00357459, 0.000772316, 0.00144408, 0.0204545, 0.00508801, -0.00533712, -0.0069528, 0.00758167, 0.00788665, 0.0020205, 0.0107749, 0.00343606, -0.125767, -0.000182353, 0.00253759, -0.00944482, 0.00386686, -0.00730587, 0.00627457, -0.0074358, -0.0197919, 0.0116286, 0.00778595, -0.00810266, 0.0168988, -0.0131371, 0.00955226, -0.00409056, 0.0122754, 0.00429609, 0.00369924, -0.0162578, 0.00332115, -0.0128697, 0.0049408, -0.0137391, -0.00886854, -0.0184487, 0.0113936, -0.0112374, -4.50214e-05, 0.0167268, -0.000608612, 0.0135729, 0.0124453, -0.0121448, 0.00834798, -0.000238152, 0.00841653, 0.0145028
