# stan_version_major = 2
# stan_version_minor = 37
# stan_version_patch = 0
# model = survival_model
# start_datetime = 2026-03-12 17:43:02 UTC
# method = sample (Default)
#   sample
#     num_samples = 2000
#     num_warmup = 1000 (Default)
#     save_warmup = false (Default)
#     thin = 1 (Default)
#     adapt
#       engaged = true (Default)
#       gamma = 0.05 (Default)
#       delta = 0.8 (Default)
#       kappa = 0.75 (Default)
#       t0 = 10 (Default)
#       init_buffer = 75 (Default)
#       term_buffer = 50 (Default)
#       window = 25 (Default)
#       save_metric = false (Default)
#     algorithm = hmc (Default)
#       hmc
#         engine = nuts (Default)
#           nuts
#             max_depth = 10 (Default)
#         metric = dense_e
#         metric_file =  (Default)
#         stepsize = 1 (Default)
#         stepsize_jitter = 0 (Default)
#     num_chains = 1 (Default)
# id = 2
# data
#   file = /Users/dansprague/Documents/PhaseSkate/benchmarks/scaling/data/data_H50.json
# init = 2 (Default)
# random
#   seed = 42
# output
#   file = /Users/dansprague/Documents/PhaseSkate/benchmarks/scaling/stan_output/survival-20260312134302_2.csv
#   diagnostic_file =  (Default)
#   refresh = 100 (Default)
#   sig_figs = 8 (Default)
#   profile_file = profile.csv (Default)
#   save_cmdstan_config = false (Default)
# num_threads = 1 (Default)
# stanc_version = stanc3 v2.37.0
# stancflags = --filename-in-msg=survival.stan
lp__,accept_stat__,stepsize__,treedepth__,n_leapfrog__,divergent__,energy__,log_alpha,beta_0,trt_effect,beta.1,beta.2,beta.3,beta.4,beta.5,beta.6,beta.7,beta.8,log_sigma_int,log_sigma_slope,rho,z_int.1,z_int.2,z_int.3,z_int.4,z_int.5,z_int.6,z_int.7,z_int.8,z_int.9,z_int.10,z_int.11,z_int.12,z_int.13,z_int.14,z_int.15,z_int.16,z_int.17,z_int.18,z_int.19,z_int.20,z_int.21,z_int.22,z_int.23,z_int.24,z_int.25,z_int.26,z_int.27,z_int.28,z_int.29,z_int.30,z_int.31,z_int.32,z_int.33,z_int.34,z_int.35,z_int.36,z_int.37,z_int.38,z_int.39,z_int.40,z_int.41,z_int.42,z_int.43,z_int.44,z_int.45,z_int.46,z_int.47,z_int.48,z_int.49,z_int.50,z_slope.1,z_slope.2,z_slope.3,z_slope.4,z_slope.5,z_slope.6,z_slope.7,z_slope.8,z_slope.9,z_slope.10,z_slope.11,z_slope.12,z_slope.13,z_slope.14,z_slope.15,z_slope.16,z_slope.17,z_slope.18,z_slope.19,z_slope.20,z_slope.21,z_slope.22,z_slope.23,z_slope.24,z_slope.25,z_slope.26,z_slope.27,z_slope.28,z_slope.29,z_slope.30,z_slope.31,z_slope.32,z_slope.33,z_slope.34,z_slope.35,z_slope.36,z_slope.37,z_slope.38,z_slope.39,z_slope.40,z_slope.41,z_slope.42,z_slope.43,z_slope.44,z_slope.45,z_slope.46,z_slope.47,z_slope.48,z_slope.49,z_slope.50
# Adaptation terminated
# Step size = 0.331671
# Elements of inverse mass matrix:
# 0.000528879, 0.00011466, 3.78706e-05, -6.20378e-05, 3.94773e-05, -5.34964e-05, 1.72251e-07, -7.50714e-05, 1.91595e-05, -0.000105804, -1.06686e-05, -0.000298603, -0.00040876, -0.00105798, -0.000981743, -0.000375133, -0.000473905, -0.00087418, 0.000330847, -0.000604853, -0.000533988, -0.000423874, -0.0002145, 0.000343572, -0.000522506, -2.5896e-05, -0.000395792, -0.000254263, 8.68553e-05, -0.000721621, -0.000389781, -0.000832611, -0.000355601, -0.000294066, -0.000941758, -0.00060576, -0.000176164, 0.000317679, 9.46964e-05, 0.00043601, -1.4313e-05, 1.70972e-05, 0.000724831, -0.000226448, -0.000371615, -0.000185384, 0.000178161, 0.000197621, -0.000746935, -0.000634455, 0.000166523, -0.000445593, -0.000532951, -0.000443753, -0.000801764, -0.000614664, -0.000867858, -0.000466702, -0.000568717, -0.000300763, -0.000791867, -0.000460362, -0.000139656, -0.000440632, 0.000581092, 0.000227564, -0.000282595, 0.000451404, -0.000529301, 0.000893343, 0.000524339, -0.000619914, -0.00278409, -0.00124914, -0.000616922, -0.000387858, 0.000957268, -0.000780223, 0.000309221, 0.000731926, -0.000108407, 0.000711439, 0.000736814, -0.000944401, 0.000899063, -0.000902324, 0.000416141, 0.000158843, 0.00101733, -0.0010775, -2.5717e-05, -0.00157586, -0.00195741, -5.70921e-05, -0.000154114, 0.00105316, 0.00171199, -0.00132235, 0.000449535, -0.0012475, 1.58013e-05, 0.000571284, -0.000551477, -0.000272628, 0.000614012, -0.000141205, 0.000666747, 0.000269609, -0.000231868, -0.000819867, 0.000889474, 0.00107098, -0.000939212, 0.000390278
# 0.00011466, 0.00901857, 0.000892501, 9.88324e-05, -8.76922e-05, -9.7245e-05, -0.00013222, 1.44251e-05, -7.46587e-05, -7.3824e-05, -9.86856e-05, 0.00016107, -0.000752714, 0.000341555, -0.0129872, -0.0128075, -0.0126095, -0.0129305, -0.013081, -0.0138467, -0.0143174, -0.0131064, -0.014472, -0.0156779, -0.0133078, -0.0111992, -0.0129338, -0.0149172, -0.0127704, -0.0141056, -0.0118485, -0.0122509, -0.00967104, -0.0143649, -0.0115077, -0.0125993, -0.0100516, -0.0140188, -0.0152833, -0.0136827, -0.0119831, -0.0152189, -0.0136217, -0.0143302, -0.0128499, -0.0121128, -0.0124324, -0.0129461, -0.0131068, -0.0123159, -0.0131972, -0.0133225, -0.0111997, -0.0129863, -0.0120302, -0.0142323, -0.0102591, -0.0140128, -0.0121012, -0.0128213, -0.013142, -0.0131423, -0.0122632, -0.0136967, -0.000547099, -0.00280402, 3.88624e-05, 0.0010854, -0.0028282, -0.00144749, 0.0040376, 0.00291922, 0.000210584, 0.00281006, -0.000462437, -0.00356022, 0.000867144, -0.00019711, -0.000404605, 0.00120316, -0.00496431, -0.00237987, 0.00549774, -0.00111635, -0.00802895, -0.00305947, -0.00688005, 0.00447559, -0.00550536, 0.00127568, -0.000865329, 0.00331106, 0.00143986, -0.00156553, -0.00472049, 0.00130607, 0.00304085, -0.00046973, 0.00218476, -0.00269659, -0.00402819, -0.00461949, -0.00651994, -0.00333666, -0.0019556, 0.00586729, -0.00493088, 0.00180936, 0.00234814, -0.00552529, 0.00501694, -0.00330973, -0.0045573, 0.00229155
# 3.78706e-05, 0.000892501, 0.00399352, -0.000114732, 0.000139452, -9.82846e-06, -9.63354e-05, -5.67079e-05, 1.59145e-05, -9.08803e-05, 6.34225e-05, -0.000834612, 0.000771647, 0.00384996, -0.00378514, -0.00464406, -0.00371801, -0.00199035, -0.00503734, -0.00234606, -0.00264839, -0.0037792, -0.00375019, -0.00190467, -0.00357144, -0.00284571, -0.00251473, -0.00462376, -0.00041807, -0.00299491, -0.00365968, -0.00132402, -0.00195529, -0.00386458, -0.00414383, -0.00370701, -0.00168218, -0.00198919, -0.00295237, -0.00312569, -0.00215834, -0.00305477, -0.0033768, -0.00321128, -0.00233001, -0.00305194, -0.0033116, -0.00509088, -0.0041716, -0.0025672, -0.00387493, -0.0013312, -0.00194733, -0.00390272, -0.00339899, -0.00324866, -0.0029135, -0.0027949, -0.00340536, -0.00320361, -0.00282851, -0.00364969, -0.00310861, -0.00522298, -0.00455148, -0.00289405, -0.00728823, -0.0102218, -0.000493618, -0.00580232, -0.00622594, -0.00387099, -0.00333046, -0.00800976, -0.00704552, -0.00795, -0.00824071, -0.00476578, -0.00920916, -0.0048177, -0.00457827, -0.00865015, 0.00159852, -0.00387374, -0.00870059, -0.00424003, -0.00527043, -0.00399552, -0.00355238, -0.00740113, -0.00820938, -0.00676771, -0.0048696, -0.00887583, -0.006525, -0.00341994, -0.0062792, -0.000147676, -0.00270796, -0.00459019, -0.00525678, -0.0108841, -0.00791885, -0.00384809, -0.00325294, -0.00314798, -0.00532961, -0.00650193, -0.00563075, -0.00457704, -0.00496772, -0.00720051, -0.00613999, -0.00363086
# -6.20378e-05, 9.88324e-05, -0.000114732, 0.000462464, -3.99818e-05, -1.87244e-05, 1.97065e-05, 2.17994e-05, 5.91052e-06, -8.89044e-06, -2.33537e-05, 0.000186884, 0.000270886, 0.000555396, 0.000115322, 0.00062144, 0.000429976, 0.000428273, -0.000562278, -2.96413e-05, 0.000262679, -1.23411e-05, 0.000429156, 0.000117118, 0.00037012, 0.000162178, -0.000411573, -5.24938e-05, 0.000166171, 8.86909e-05, -1.00127e-06, 0.000168576, 0.000253862, 0.000325577, 0.000787383, 6.74915e-05, -0.000299622, 0.000154737, -0.000816962, -6.05992e-05, 0.0002956, 0.000453417, -0.0009861, -0.000420879, 0.000152295, -0.000493907, -6.09592e-05, 0.000159822, 0.00010958, 0.000100182, -0.000185563, 0.000420786, 3.46112e-05, 0.000575071, -0.00045186, 0.00054671, 0.000296165, -0.000151633, 1.95694e-05, -0.000191188, -0.000170212, 0.000124801, 0.000283709, -0.000254403, 0.000445188, -0.000123582, 0.00038579, -0.00121031, 0.000884955, -0.000897957, -0.000967556, 0.00100134, 0.00136105, -0.000257769, -0.000589811, -0.000104133, 0.000916246, 0.00137862, -0.000669844, -0.000348214, -0.000509921, -2.46949e-05, -0.000492405, -0.000834761, 0.000815877, 0.000699619, 0.000917909, -0.000429292, -0.000248634, 0.000214356, 0.000413716, -0.000816087, 0.000656274, 0.00120715, -0.00025481, 0.000948146, 0.00017718, 0.000372502, 3.7649e-05, 6.75601e-06, 0.000430551, 0.000122966, 0.000325793, -0.000206234, 0.000950739, 1.73921e-05, -0.000874757, 0.00087311, -9.67471e-05, 0.000662411, 0.000988355, 2.84788e-06, -1.37863e-05, 0.00034267
# 3.94773e-05, -8.76922e-05, 0.000139452, -3.99818e-05, 0.000479619, -2.35533e-05, -3.98512e-05, -4.62296e-05, 5.16931e-05, -3.99805e-05, 2.0014e-06, -0.0002132, 8.27737e-05, 5.87384e-05, -0.000756779, -0.000287653, -0.000717378, -0.000128806, -0.000773751, -9.90895e-05, 0.000197015, -3.63359e-05, 1.56804e-05, -0.000500409, -0.000652279, -4.20985e-05, 8.66553e-05, 6.63395e-05, -0.000226459, -0.000147851, -4.88042e-05, -0.00011486, 8.08538e-05, -0.000155128, -0.000706469, -0.00096587, -0.000216955, -0.000211195, 0.000226276, 0.00033011, -3.18173e-05, -9.12001e-05, -0.000539545, -2.25063e-06, -5.88364e-05, -0.00011454, -3.5406e-06, 0.000228122, -0.000100099, -0.000289418, -0.000136683, 0.000133404, -0.000587929, 0.000109762, 0.00034772, 0.000482407, 4.581e-05, 5.55285e-05, -0.000954232, 2.30126e-05, -0.000207982, -0.000300315, -2.32729e-05, -0.000146891, -0.000127657, -0.000266238, -0.000351763, -0.000164251, 0.000399359, -0.000908809, -0.00108761, -0.000846572, -0.000785588, 0.000465568, 0.000603882, 0.000326989, -0.000194589, -0.000342976, 0.00102869, -0.000674713, -0.000164943, -0.000666806, 0.00143358, -0.000447952, -0.00040416, 0.000479332, 0.000622692, -0.000395059, 0.00113684, -0.000444564, 0.000370182, -0.000172673, 0.00135681, -0.00059273, 0.000349458, -0.000545588, -0.000131876, -0.00122789, -0.000354838, 0.000726907, -0.000386256, -0.000371569, 0.000203421, -0.000344174, 0.00103949, -0.00152146, -0.000486617, -0.00155066, 0.00119772, -0.000517859, 0.000474618, 0.000321613, -5.13967e-05, -0.000556514
# -5.34964e-05, -9.7245e-05, -9.82846e-06, -1.87244e-05, -2.35533e-05, 0.000465731, -5.47202e-06, 3.7513e-05, -2.40538e-06, 2.43909e-06, 1.98665e-05, 0.00013289, 3.02004e-05, -4.07048e-05, -3.13282e-05, 0.000207426, 0.000484257, 3.71323e-05, 0.000415833, 0.000356372, 0.000482693, -2.76683e-05, 0.000753751, -2.15582e-06, 0.000431199, 9.86136e-05, -3.1745e-05, 0.000914652, -0.000110592, 0.00100788, -0.000145729, 0.000651532, 0.000875723, 0.000257777, -0.000247073, 0.0009339, 8.69588e-05, 0.000249754, 0.000519017, 0.000446667, 0.000338225, 0.000370594, -0.000716642, 0.000540113, 0.00012327, 0.000386321, 8.79208e-05, -0.000177969, 0.000613425, -0.000118888, 4.10609e-05, 0.00073215, 0.00033591, 0.00026285, 2.22682e-05, 0.000402443, 0.000222959, 0.000476644, 0.00100907, -0.000350207, 6.46983e-05, -1.52518e-05, -0.000187469, -0.000697478, 0.000712732, 0.000857915, -0.000803007, 7.99817e-05, -0.000294468, 0.00114829, -0.00158253, 0.00176608, 0.000876967, -0.00030164, -0.000527342, 0.00017965, -0.000968507, -0.00201057, -0.00134365, -0.000941855, 0.000749148, -0.000981736, -0.000684304, 0.00180492, 0.00137936, -0.000682754, 0.000425574, -0.000222261, 4.13562e-05, 0.00109377, 0.000728773, 0.000765085, 0.000467646, -0.000954194, 0.000240895, -0.00161294, -0.00185314, 0.00136022, 0.000171854, 0.000107989, 0.00119762, -0.00214088, -4.00553e-05, -0.000265795, 0.000713056, -0.000696417, 0.00153261, 0.000956515, -0.000725524, 0.000134898, -0.000524545, -7.97473e-05, 0.000503647, 0.000610055
# 1.72251e-07, -0.00013222, -9.63354e-05, 1.97065e-05, -3.98512e-05, -5.47202e-06, 0.000480808, -1.09239e-05, -1.92143e-05, -1.76545e-05, 1.66079e-05, 4.96392e-05, 0.000104971, -0.00047642, -0.000151378, 0.000588741, 5.76137e-05, 8.76017e-05, 0.00026787, 0.000723264, 0.000330069, 0.000230774, -0.000164112, 0.000912535, 0.000103646, 0.00102989, 0.000607005, 0.000326551, 7.88346e-06, 0.000742038, 0.000940282, 0.000529769, 0.000402, 0.000526701, -0.000153172, 0.00022723, 1.10828e-05, -4.57752e-05, -0.00033283, 0.000329057, 8.19933e-05, 0.000423117, 6.91864e-05, 0.00016109, -0.000133543, -0.000782877, 0.000655421, -2.59718e-05, 0.000600846, 0.000670497, 0.000169402, -0.000109023, 0.000319464, 0.00021439, 0.000139396, 0.000395967, 0.000491587, 0.00106623, 0.000506094, 0.000366339, 0.000244439, -0.000217926, 0.000530759, 0.000399681, 0.000763835, -0.000999164, 0.00133862, 1.19626e-05, -0.000687881, -0.00013311, 0.000364516, 0.000823742, 0.000732536, -0.000702987, -7.28224e-05, -0.00138481, -0.000428806, -0.000992234, 0.000800643, -0.000739537, -0.000642724, -0.00101906, -0.00146099, -0.000719281, 0.000911423, -0.000505441, -6.15873e-05, 0.00108876, -0.000290947, -0.000166725, 0.000541066, 0.000685885, -0.000325974, -0.000748449, -0.000407557, 0.00100154, -7.05219e-05, -2.68594e-05, -0.00106618, -0.000935132, 0.00104558, 0.00131782, 0.000190578, 0.00102343, -0.000742586, -0.000612538, -7.16763e-05, -0.00313577, -6.02657e-05, -0.000761475, -0.000126214, 0.000519239, -0.000989214, -1.86502e-06
# -7.50714e-05, 1.44251e-05, -5.67079e-05, 2.17994e-05, -4.62296e-05, 3.7513e-05, -1.09239e-05, 0.000476197, 2.77458e-05, 2.44244e-05, -2.39687e-05, -0.00014, 0.000128234, -5.86879e-06, 0.000483734, 3.8774e-05, -9.03862e-06, 0.000576017, 0.00116358, 0.000402701, -0.000660749, -0.000163759, -0.000109702, -6.94647e-05, 0.000812634, 0.000669623, -5.03941e-05, 3.32855e-05, -0.000212158, 0.000929958, 0.00052274, 0.000308571, 5.62211e-05, -8.13383e-05, -0.000211894, 9.20902e-06, -3.57299e-05, 0.000703223, 4.87547e-05, -0.000314065, 0.000291934, 0.000299676, 0.000587494, 0.000892116, 5.84187e-05, 0.00106319, 0.0013247, -3.08746e-05, -8.89839e-05, 0.000163385, 0.000532831, -0.000287947, -2.78576e-05, -9.27016e-05, 0.000141443, -0.000171713, 0.00064118, 3.94095e-05, 0.000236043, 9.63295e-05, -0.00016816, 0.000123059, -7.60792e-05, 0.000262723, -0.000378194, 0.000337948, 0.000567597, -0.000285469, -0.00174861, -0.000669807, 0.00197803, 0.000163956, -8.78341e-05, -0.000417442, -0.000846997, 2.85888e-05, -0.000260511, 0.000103342, 0.0012097, -0.000429824, -0.000160365, -9.86471e-05, -2.83885e-05, -0.000140618, 0.000579184, 0.000278184, 4.80335e-05, -0.00169625, 0.000117326, -0.00131289, -1.56249e-05, -0.000272169, -0.0001285, -0.000918244, -0.000537046, -0.000379809, -0.00130797, 0.000451503, 0.000621293, -0.000569804, -0.000626526, -0.000108419, 0.0005481, -0.000429487, -8.64386e-05, 0.00129208, 4.66212e-05, 0.00105239, 0.00148532, 0.000403147, 0.000781356, 0.000729755, -4.5899e-05, -0.000245504
# 1.91595e-05, -7.46587e-05, 1.59145e-05, 5.91052e-06, 5.16931e-05, -2.40538e-06, -1.92143e-05, 2.77458e-05, 0.000479834, -4.3895e-05, 4.14738e-05, -0.000238336, -8.41476e-06, 0.000451803, 0.000128562, -0.00048527, -0.000124617, 0.0001582, 2.55301e-05, 0.000761947, -1.43946e-05, -0.000247659, -0.000616675, -0.000262405, -0.000136049, -0.000280801, 0.000152002, -7.38419e-06, 0.000565804, 0.000131144, -0.000203419, -2.23604e-05, 0.00104483, -3.17983e-06, 3.29828e-05, -0.000315279, 0.00015873, -4.40385e-05, 0.000644404, 0.000552639, 3.28669e-05, -0.00049596, -1.57063e-05, 0.000371089, -8.69126e-06, -0.000228531, 0.000959227, -1.37872e-05, 0.000124283, -0.000657238, -0.000306767, 0.000360356, 0.00030437, -0.000312594, 0.00022944, -0.000359565, 0.000368578, 0.000388829, -0.000185011, 0.000162254, -0.000492271, -0.000438533, 0.000218018, -4.18293e-05, -0.00025911, 0.00120431, 0.000119616, -0.000622432, -0.000981985, -0.000724292, 0.000289026, 6.00778e-05, 0.00199255, 0.000141793, 0.000982268, 0.000384477, -9.10866e-06, -0.000113627, -0.0017378, -4.16879e-05, 0.00107578, -0.000656738, -3.49817e-05, 0.000699852, 0.000104752, -0.000282848, 0.000635081, -0.000257718, -0.000530179, -0.000810372, 0.000132096, 0.000163568, -0.000579304, -0.000593491, -0.000859247, 0.00072372, -0.0006473, 0.000587598, -8.59487e-05, 0.000995881, 0.000876839, 0.000405497, -0.000590673, 0.000924174, -0.000742529, 8.66593e-05, -0.00115501, -0.00032782, 0.000705257, 0.000677059, 0.000305397, 0.00129262, -0.000159108, 0.000727479
# -0.000105804, -7.3824e-05, -9.08803e-05, -8.89044e-06, -3.99805e-05, 2.43909e-06, -1.76545e-05, 2.44244e-05, -4.3895e-05, 0.000476983, -1.60907e-05, 6.5508e-05, -0.000102279, 4.03943e-05, 9.39113e-05, 0.000399487, 0.000237193, 0.000362926, 0.00105632, 0.000322527, 0.00057223, 0.000452081, 0.000316872, 0.000460768, 0.000569346, 0.000343753, 0.000112437, 0.00023517, 0.00053549, 0.0001013, -0.000488746, -0.000207081, 0.000420212, 0.000660038, 0.000596015, 0.000749467, -0.000236131, 0.000175413, -0.000277662, -0.000276772, 0.000332242, -0.000193568, 7.90974e-06, 0.000476768, 7.4319e-05, 0.000676013, 0.000314534, -5.93187e-05, -0.000392515, 0.00039876, 0.000698089, 0.00054547, 0.000260435, 0.000397727, 0.00105432, 0.000357848, -0.000366043, 0.000511177, 0.000891101, 0.000294853, 0.000484886, 0.000178396, -7.69661e-05, 0.000923433, 0.000320777, -0.000126468, 0.00123913, 0.000123233, -0.00185066, -0.00103349, -0.000521102, -0.001733, -8.488e-05, -0.00128794, -0.00116242, -0.0011134, 0.000287122, 0.000641982, 0.00013891, -1.74646e-05, 0.0010294, 0.000801064, -0.00102823, -0.000612666, -0.00013519, -0.000201234, 0.000238683, 0.000224402, -0.000265692, 0.000965984, 4.19675e-05, 0.00146018, 0.00107983, -9.23209e-05, 0.00148153, -0.000544764, -0.000182069, -2.23051e-05, 0.000140678, -0.000206642, -0.00212081, -0.00152001, 4.78478e-06, 6.23644e-05, -0.00203648, -0.000470993, 0.000942103, -0.000703441, -0.00152048, -9.27313e-05, -0.00115571, -0.000165366, -0.000272055, -0.000890961
# -1.06686e-05, -9.86856e-05, 6.34225e-05, -2.33537e-05, 2.0014e-06, 1.98665e-05, 1.66079e-05, -2.39687e-05, 4.14738e-05, -1.60907e-05, 0.000438229, 5.72418e-05, -0.000246402, 0.000417566, -0.00014013, -0.000333059, 0.00010046, 0.000534194, -0.000498955, 0.000551271, -0.000346192, 7.35496e-05, -0.000224223, 0.000513711, 0.00043106, -0.000255988, 1.44317e-05, 0.000233045, -0.000253396, 0.000354152, 0.000317102, 0.000413202, -0.000635866, -0.000139208, 2.59298e-05, 0.000267703, -0.000514352, -4.29302e-05, -3.88988e-05, 0.00014133, 9.27679e-05, 6.96796e-05, 0.000590818, 0.000335146, -6.70239e-05, -0.000692149, 0.000474025, -0.000404219, -0.000416453, 9.71735e-05, 0.00025555, 0.000310541, 0.000652622, -0.000460297, 0.000112222, 0.000320739, -0.000364507, 1.94597e-05, 0.000189267, 0.000149636, 0.000611665, 0.000339462, -0.000204214, 0.000197879, -0.000219857, 0.000544096, -0.000446774, -0.00104095, 0.000743687, -0.000920427, 0.000517583, -0.000375793, 0.000675864, -0.000429764, -0.000890853, -0.000937906, 0.000205387, -0.000622318, 0.000554762, 0.000391697, 0.000692614, 0.00016274, 0.000129401, 0.000436274, 0.000618729, -0.000289375, 0.00144277, -7.32666e-05, -0.00161998, 0.000995061, 0.000502337, 0.000737861, -0.0022519, -0.00114849, 0.000579975, -0.000806947, -0.000202417, 0.000561033, 0.000920682, -0.000406328, -0.000179178, -0.000110762, -0.000793081, 0.000373666, -0.000784082, -0.000422072, 0.000302333, 0.000164077, 0.000824304, -0.000567058, -0.00201037, -0.000862765, -0.000352363, -0.000501614
# -0.000298603, 0.00016107, -0.000834612, 0.000186884, -0.0002132, 0.00013289, 4.96392e-05, -0.00014, -0.000238336, 6.5508e-05, 5.72418e-05, 0.0159625, -0.00197288, -0.0128949, 0.00716585, 0.00263975, 0.0091373, 0.00434929, -0.00798033, -0.00174043, 0.0160459, 0.0184001, 0.0322042, -7.99827e-05, 0.0141812, -0.00568888, -0.00400398, 0.0129364, -0.00907903, -0.00135349, -0.000575115, 0.011775, -0.020323, 0.00381108, 0.0142452, 0.0181091, -0.0139017, -0.0187034, -0.0149595, -0.0032864, -0.00836178, -0.00198897, -0.0111322, -0.00121403, 0.00455279, -0.0144399, -0.0177341, 0.00233096, 0.00423579, 0.00744451, -0.00634482, 0.000270937, 0.00970837, 0.0101083, -0.000315801, 0.00386427, -0.00973442, 0.000699175, 0.00212369, 0.00755863, 0.00589684, 0.00253874, 0.00746806, 0.00311004, -0.00264942, -0.004285, 0.00234803, 0.00280829, 0.00598746, 0.002559, -0.00266204, -0.00657163, -0.00830712, -0.00262593, -0.00504993, -0.000856563, -0.00350393, -0.00665084, 0.00846375, -0.000422251, 0.00297457, -0.00161313, -0.000989499, -0.000886032, -0.00027596, -0.00473697, 0.00555703, 0.000272866, -0.00186203, -0.00113924, 0.00950524, 0.00166197, 0.00466394, -0.000742451, 0.00570038, -0.00228985, -0.0012294, -0.00509888, 0.00232448, -0.0032885, 0.00422858, 0.000655132, 0.00585431, -0.00253441, -0.00402656, 0.00364544, -0.0029831, -0.00140936, -0.00051603, 0.00198397, 0.0027724, -0.00255199, -0.000981621, -0.0047785
# -0.00040876, -0.000752714, 0.000771647, 0.000270886, 8.27737e-05, 3.02004e-05, 0.000104971, 0.000128234, -8.41476e-06, -0.000102279, -0.000246402, -0.00197288, 0.0314727, -0.00372409, -0.000485806, 0.00319591, 0.00552824, -0.00512493, 0.000796837, -0.00323305, -0.00963407, 0.00523138, 0.0073493, -0.00227239, 0.00353423, 0.00212365, -0.00227089, 0.00735537, -0.00246174, 0.00283246, -0.00618745, -0.0061721, 0.000565093, 9.34642e-05, -0.000993181, 0.00655353, -0.00126994, 0.00430182, 0.00247854, -0.00196093, -0.00264929, 0.00742627, -0.00154311, -0.00104083, 0.00522487, -0.00253925, 0.00881511, 8.07146e-05, 0.000746776, 0.00448695, 0.00560061, -0.00495449, -0.00761407, 0.00236153, 0.00404603, 0.00330043, 0.00885985, 0.00322192, -0.000557987, 0.00450335, -0.00409316, 0.00753334, 0.00581214, -0.0078733, -0.00384809, -0.0029954, -0.0118898, -0.00426774, -0.00420424, -0.00950634, -0.00165576, 0.00857184, 0.0332266, 0.000785898, 0.0135728, -0.00430444, 0.0120405, 0.0181473, -3.11137e-05, -0.00161767, 0.000104508, 0.00319725, 0.0196819, -0.00506271, -0.000967495, 0.00456683, -0.00316549, -0.00846903, -0.00823446, -0.00195924, -0.0104149, 0.00293232, 0.00369891, -0.00216919, 0.00320737, 0.00877712, -0.0135983, 0.00226607, -0.00195443, 0.00610745, -0.0124894, 0.00350429, 0.012992, 0.00583705, 0.0163438, 0.00535505, -0.0216821, 0.00286906, -0.0034009, -0.00130033, 0.00163432, -0.00492589, 0.00699151, 0.00261901
# -0.00105798, 0.000341555, 0.00384996, 0.000555396, 5.87384e-05, -4.07048e-05, -0.00047642, -5.86879e-06, 0.000451803, 4.03943e-05, 0.000417566, -0.0128949, -0.00372409, 0.190262, 0.00423779, -0.0252141, -0.00224471, 0.0184995, -0.0133461, 0.0146089, 0.0118407, -0.0120913, -0.0251366, 0.0124998, -0.0058731, -0.0121348, 0.00177845, -0.019532, 0.0135128, -0.0100023, 0.00351675, 0.0118895, -0.00760557, 0.000696742, 0.00595512, -0.0168503, 0.00866947, 0.00204683, -0.00413457, 0.00387679, 0.0166691, -0.0104721, -0.0202065, 0.00297332, -0.00947462, -0.00133871, -0.0215723, 0.00172761, -0.00391178, -0.0141775, -0.000854822, 0.0248709, 0.0110883, 0.000660348, -0.0169945, -0.00928802, 0.00315525, -0.00948624, 0.00493295, -0.0121732, -0.00142589, -0.00259916, -0.0206735, 0.0169561, 0.0198269, 0.033132, 0.0175014, -0.0104834, -0.0126655, -0.0403529, 0.0642615, 0.0728652, 0.132265, -0.0367628, 0.0533194, -0.0371405, -0.0136251, 0.0596254, -0.036161, -0.0100243, 0.00254124, 0.0375323, -0.0550172, 0.0101767, 0.0366211, 0.0713687, -0.0943907, -0.050065, -0.068749, -0.051465, -0.0413664, 0.00230637, -0.0210822, -0.0364957, 0.00391814, -0.0230581, -0.0445868, 0.0090708, 0.0216355, 0.0239623, -0.0162616, -0.0126989, 0.0151041, 0.0283402, -0.00400929, -0.006098, -0.0439631, 0.0272271, -0.00160131, 0.0351438, 0.0234929, 0.00462199, 0.0396174, 0.00592808
# -0.000981743, -0.0129872, -0.00378514, 0.000115322, -0.000756779, -3.13282e-05, -0.000151378, 0.000483734, 0.000128562, 9.39113e-05, -0.00014013, 0.00716585, -0.000485806, 0.00423779, 0.0919943, 0.0201785, 0.0237629, 0.0280768, 0.0192672, 0.0215621, 0.0254771, 0.0267847, 0.0368216, 0.0228673, 0.0303598, 0.0190812, 0.0185271, 0.0312573, 0.0196241, 0.0192707, 0.0227776, 0.0278725, 0.012216, 0.0275226, 0.0305826, 0.0290495, 0.00688519, 0.0123022, 0.0266569, 0.0164647, 0.024661, 0.0227143, 0.0219838, 0.0277769, 0.0217396, 0.0127676, 0.00838111, 0.0234747, 0.0164004, 0.0158424, 0.0111449, 0.0185325, 0.0204777, 0.0227953, 0.0196301, 0.0195553, 0.0151373, 0.022367, 0.0222841, 0.0200282, 0.0231649, 0.0217861, 0.0210126, 0.0240655, -0.102305, -0.00237954, 0.00533583, -0.0033392, 0.0120401, 0.0142839, 0.0140796, -0.00147048, 0.00395121, -0.00302682, -0.0010938, -0.0142031, -0.00601971, -0.0107978, 0.00438859, 0.00806092, -0.00960884, 0.00725927, -0.0132404, 0.00521214, 0.0134131, 0.00974107, 0.00813541, 0.00139613, -0.00164848, -0.00916175, -0.0187263, -0.00675113, -0.00753565, 0.00303055, 0.0254731, 0.00280685, -0.0011383, 0.000932868, 0.0174218, 0.0106128, 0.0294875, 0.0164689, 0.0242447, 0.014477, 0.0020362, 0.00162945, 0.00156935, 0.0121346, 0.00132671, 0.0298398, -0.000347845, 0.00524964, 0.0114028, -0.00116432
# -0.000375133, -0.0128075, -0.00464406, 0.00062144, -0.000287653, 0.000207426, 0.000588741, 3.8774e-05, -0.00048527, 0.000399487, -0.000333059, 0.00263975, 0.00319591, -0.0252141, 0.0201785, 0.101216, 0.0251772, 0.0168236, 0.017535, 0.0181765, 0.0289878, 0.0198713, 0.025082, 0.0227135, 0.026199, 0.0163644, 0.0195955, 0.0253835, 0.0158993, 0.0263529, 0.0182026, 0.015371, 0.020329, 0.0204514, 0.0193592, 0.0225608, 0.00967662, 0.0224202, 0.0130559, 0.0180103, 0.0139515, 0.0266136, 0.0214551, 0.0236103, 0.0250081, 0.0205843, 0.0132708, 0.0253968, 0.028096, 0.0241256, 0.0188888, 0.0199226, 0.0202795, 0.0262187, 0.0134635, 0.0271965, 0.0217945, 0.0190849, 0.015667, 0.021248, 0.0211432, 0.014508, 0.0209505, 0.0156036, 0.00228212, -0.112938, -0.000683971, 0.0107707, 0.0219962, 0.0055529, -0.0261214, -0.0103228, -0.00487637, 0.00896677, -0.001655, 0.0018724, -0.00856388, 0.00479164, 0.0170256, 0.0037604, -0.00558538, 0.0042479, 0.0148966, 0.00566057, 0.00491252, -0.00481054, 0.0220971, -6.74548e-05, 0.0269554, 0.0248507, 0.0142236, 0.00889838, 0.0136302, 0.010452, 0.00504377, 0.00830241, 0.0211519, -0.0103038, -0.0224992, -0.0103883, 0.0132194, 0.0109274, 0.00204045, -0.00543177, 0.0157087, -0.00421095, 0.0113955, -0.00226546, 0.0116957, -0.00489421, -0.0101563, 0.0179449, 0.0115861, 0.0119111
# -0.000473905, -0.0126095, -0.00371801, 0.000429976, -0.000717378, 0.000484257, 5.76137e-05, -9.03862e-06, -0.000124617, 0.000237193, 0.00010046, 0.0091373, 0.00552824, -0.00224471, 0.0237629, 0.0251772, 0.0807761, 0.0194562, 0.0194607, 0.0243821, 0.0307216, 0.0341371, 0.0393976, 0.024396, 0.0356741, 0.00958449, 0.0155551, 0.0372962, 0.0163298, 0.0204587, 0.0108, 0.0215, 0.00984845, 0.0196117, 0.0279519, 0.0326434, 0.00307924, 0.0120935, 0.0100718, 0.0162954, 0.0155491, 0.0239032, 0.0193672, 0.0265474, 0.0247349, 0.0065451, 0.0154285, 0.0183841, 0.0231556, 0.0249549, 0.0210722, 0.0228634, 0.0245409, 0.0326824, 0.0104378, 0.0278276, 0.00745747, 0.0163525, 0.0223792, 0.0240512, 0.0214473, 0.0256975, 0.0266002, 0.0201102, 0.0121199, 0.00372238, -0.0885159, 0.017689, -0.0069307, -0.00476831, 0.00564964, -0.00537923, 0.0114488, -0.00819454, 0.00186745, 0.0102936, 0.00474555, -0.00630167, 0.0169764, 0.00828118, 0.0234618, 0.00635531, -0.00256758, 0.0203068, 0.0108384, 0.00809562, 0.0159391, 0.00282215, -0.00540533, -0.00210474, 0.00404449, 0.00145808, -0.0163686, -0.0131211, 0.0101775, 0.0042418, -0.015163, -0.000595396, 0.00527247, 0.000270039, 0.00159343, 0.00808121, 0.00840809, -0.00117312, 0.0142292, -0.0129067, -0.000503854, 0.0149607, 0.00455704, 0.0142072, 0.00569683, 0.00590018, 0.0107547, 0.000296766
# -0.00087418, -0.0129305, -0.00199035, 0.000428273, -0.000128806, 3.71323e-05, 8.76017e-05, 0.000576017, 0.0001582, 0.000362926, 0.000534194, 0.00434929, -0.00512493, 0.0184995, 0.0280768, 0.0168236, 0.0194562, 0.0991258, 0.0165221, 0.0216571, 0.0339478, 0.0281674, 0.0238302, 0.017419, 0.0239618, 0.0136716, 0.0161991, 0.0231764, 0.013075, 0.0166916, 0.0201574, 0.0335589, 0.00824004, 0.0224304, 0.0264826, 0.0225533, 0.0142102, 0.019712, 0.00675289, 0.017575, 0.018912, 0.0195095, 0.0204874, 0.0201526, 0.0163007, 0.0154897, 0.00931178, 0.0187438, 0.0174052, 0.0177546, 0.0159268, 0.0251118, 0.0281669, 0.0239123, 0.0153827, 0.0281527, 0.00646685, 0.0198701, 0.0170507, 0.0173142, 0.0214671, 0.0142204, 0.0177452, 0.0216001, 0.00226408, 0.0169863, 0.0161269, -0.123989, 0.006868, 0.012456, -0.0113306, -0.00505025, 0.0183579, -0.00852977, 0.00277854, -0.000661669, -0.0133167, 0.00859304, 0.0109247, 0.0134715, 0.00508949, -0.00802935, -0.0265825, -0.00767037, 0.00893857, 0.0162836, 0.0107853, -0.033072, -0.0027309, -0.0118943, 0.0124084, -0.0225571, -0.0154692, 0.0126425, 0.0147921, -0.0100885, -0.00236951, -0.00184841, 0.0151266, -0.00235906, -0.00180152, 0.00318816, 0.0060992, 0.00805177, -0.0123458, -0.0162449, -0.00573301, 0.00078973, 0.0161163, 0.0272204, -0.003798, 0.0164124, -0.00192517, -0.0115465
# 0.000330847, -0.013081, -0.00503734, -0.000562278, -0.000773751, 0.000415833, 0.00026787, 0.00116358, 2.55301e-05, 0.00105632, -0.000498955, -0.00798033, 0.000796837, -0.0133461, 0.0192672, 0.017535, 0.0194607, 0.0165221, 0.112035, 0.0214137, 0.00890099, 0.00806616, 0.00546121, 0.0155037, 0.0148804, 0.023225, 0.0221329, 0.0227308, 0.024327, 0.0237557, 0.0184595, 0.0102389, 0.0338144, 0.0312682, 0.010589, 0.0155608, 0.0223578, 0.0339651, 0.0281136, 0.022534, 0.0295322, 0.0291186, 0.0397559, 0.0308355, 0.0162429, 0.038513, 0.0349154, 0.0255562, 0.0202046, 0.0175493, 0.022093, 0.0112979, 0.00798595, 0.0211997, 0.0313917, 0.0159719, 0.0222855, 0.0232712, 0.0165814, 0.0149878, 0.00849204, 0.0159708, 0.0163852, 0.0243993, 0.000471685, 0.00302441, 0.00982735, 0.00172571, -0.130811, 0.0105612, 0.0118316, -0.000526232, -0.00565134, 0.00339601, 0.00733901, 0.0276619, 0.0207385, -0.00704177, -0.00660157, 0.014365, 0.01845, 0.0197316, -0.0146985, -0.00382344, 0.0187024, 0.00802521, 0.00824706, 0.00620543, 0.0191159, -0.000359087, -0.0205249, -0.00552145, -0.0078899, 0.00977266, -0.0133683, 0.00135099, -0.00123283, -0.00440175, 0.0151631, -0.0109884, 0.0302917, 0.0279272, 0.0151831, 0.000770009, -0.0132601, 0.00536825, 0.0314057, -0.00588347, 0.0133859, 0.00838938, 0.01215, 0.0193808, 0.0115158, 0.00215137
# -0.000604853, -0.0138467, -0.00234606, -2.96413e-05, -9.90895e-05, 0.000356372, 0.000723264, 0.000402701, 0.000761947, 0.000322527, 0.000551271, -0.00174043, -0.00323305, 0.0146089, 0.0215621, 0.0181765, 0.0243821, 0.0216571, 0.0214137, 0.117776, 0.0251699, 0.0146851, 0.0117514, 0.0237215, 0.016414, 0.0146713, 0.0243538, 0.0164601, 0.0217118, 0.0151158, 0.0189728, 0.0150854, 0.0166346, 0.0264368, 0.0173127, 0.0170206, 0.0144534, 0.0138622, 0.0267743, 0.0202883, 0.0155957, 0.018651, 0.0290257, 0.0273262, 0.017953, 0.0111769, 0.0250839, 0.0125911, 0.0234245, 0.0130351, 0.0205832, 0.020745, 0.0219688, 0.0156052, 0.0166601, 0.0225857, 0.0110085, 0.0208213, 0.022737, 0.0218811, 0.016427, 0.0144391, 0.0221766, 0.028033, -0.00743615, 0.0153266, -0.0067268, 0.00893556, 0.00960639, -0.161903, 0.00301791, 0.00567721, 0.0221392, -0.00737792, 0.025597, 0.00970432, -0.00353178, 0.0175337, 0.00706552, -0.00303334, 0.0180527, 0.0129915, -0.010882, -0.00954033, 0.00926131, 0.0185584, 0.0078998, 0.00120478, 0.00520959, -0.00273363, 0.0267674, -0.00491579, -0.0116535, -0.00265621, -0.000495253, 0.00471692, -0.00647712, 0.00957657, -3.36227e-06, 0.00863687, 0.0190425, 0.00492252, 0.00749193, 0.0180729, -0.00372289, -0.0256939, 0.0112471, -0.000102704, 0.00398522, 0.010792, 0.00381143, 0.0147295, 0.00284102, -0.000732836
# -0.000533988, -0.0143174, -0.00264839, 0.000262679, 0.000197015, 0.000482693, 0.000330069, -0.000660749, -1.43946e-05, 0.00057223, -0.000346192, 0.0160459, -0.00963407, 0.0118407, 0.0254771, 0.0289878, 0.0307216, 0.0339478, 0.00890099, 0.0251699, 0.11559, 0.0449752, 0.0489413, 0.0223325, 0.0380243, 0.0065659, 0.0151895, 0.0299183, 0.00722247, 0.0174843, 0.0162704, 0.0247694, -0.0109731, 0.0287527, 0.0317425, 0.0335635, 0.000353435, 0.000717353, 0.000689169, 0.02241, 0.0155058, 0.0205467, -0.000967766, 0.0189656, 0.0240067, -0.00543953, -0.00945148, 0.023577, 0.0353514, 0.0263364, 0.0128099, 0.0397872, 0.0269586, 0.0372125, 0.013001, 0.0257756, 0.00159296, 0.0232798, 0.0207375, 0.0272354, 0.0315957, 0.0167129, 0.0250864, 0.0315553, 0.00548565, 0.00344035, 0.0105465, -0.00662553, 0.0058303, -0.00130673, -0.119876, -0.0164685, 0.0106388, -0.000318045, -0.00301274, 0.00840332, -0.000601056, 0.00652507, 0.0111375, -0.0119491, 0.0114803, 0.0273891, -0.028799, -0.00578046, 0.0294062, 0.0152665, -0.00635277, -0.017489, 0.00671081, -0.00830362, 0.00799367, -0.00893251, 0.00497765, 0.00123028, 0.0136912, -0.00302322, 0.00941317, -0.00475356, -0.0265892, 0.00549374, 0.0176723, -0.0194156, 0.0218917, -0.00317333, 0.00554039, -0.0158335, 0.00156626, -0.00150069, 0.0134595, 0.0164357, -0.00114685, 0.00990934, 0.000284099, -0.0126569
# -0.000423874, -0.0131064, -0.0037792, -1.23411e-05, -3.63359e-05, -2.76683e-05, 0.000230774, -0.000163759, -0.000247659, 0.000452081, 7.35496e-05, 0.0184001, 0.00523138, -0.0120913, 0.0267847, 0.0198713, 0.0341371, 0.0281674, 0.00806616, 0.0146851, 0.0449752, 0.103328, 0.0529942, 0.0209808, 0.0399567, 0.00933644, 0.0110687, 0.0405573, 0.00591365, 0.016074, 0.0184963, 0.0270906, -0.0126504, 0.0229357, 0.032914, 0.0440718, 0.00180709, -0.00251743, -0.00140429, 0.0146664, 0.0101952, 0.0249123, 0.00739173, 0.0124082, 0.0224656, 0.0011215, 0.000509822, 0.0253497, 0.0302773, 0.0268252, 0.0236151, 0.0171644, 0.0292091, 0.0359154, 0.0180799, 0.0250604, 7.61992e-05, 0.0208444, 0.0172576, 0.0366372, 0.0277402, 0.0335303, 0.0225891, 0.023641, 0.00639928, 0.0104391, 0.00455739, -0.00238397, 0.0103546, 0.00570891, -0.0272951, -0.112232, 0.0190587, 0.00447828, -0.0057701, -0.00148026, 0.0014177, 0.00136299, 0.0220596, 0.00048479, 0.0132343, 0.015686, -0.0203144, 0.00699889, 0.0252641, -0.00146679, 0.00247793, -0.0017922, 0.0038559, -0.00377565, 0.0183354, -0.00137473, 0.00796592, 0.018051, 0.0354499, 0.00228829, -0.00807817, -0.00610233, -0.0101743, 0.00850049, -0.00824694, 0.0155627, 0.0201737, 0.00718194, 0.0102242, 0.00427649, -0.00142568, 0.00161455, 0.0029829, 0.00744482, -0.00217431, -0.0125356, 0.0199301, -0.00811511
# -0.0002145, -0.014472, -0.00375019, 0.000429156, 1.56804e-05, 0.000753751, -0.000164112, -0.000109702, -0.000616675, 0.000316872, -0.000224223, 0.0322042, 0.0073493, -0.0251366, 0.0368216, 0.025082, 0.0393976, 0.0238302, 0.00546121, 0.0117514, 0.0489413, 0.0529942, 0.141234, 0.0236573, 0.0523117, 0.00716944, 0.0144755, 0.0514972, 0.000284945, 0.0188369, 0.0127784, 0.0463363, -0.0267528, 0.0329704, 0.0439233, 0.0633534, -0.0110728, -0.0168482, 0.00358786, 0.0128028, 0.000930279, 0.0258176, 0.00215871, 0.0242156, 0.0279344, -0.00640943, -0.0176614, 0.0275745, 0.0286883, 0.0401871, 0.00911277, 0.0208269, 0.0358838, 0.0440314, 0.0200378, 0.0324997, 0.00171456, 0.0263174, 0.0253677, 0.0336044, 0.0252662, 0.0305549, 0.0379552, 0.0295164, -0.00741769, -0.00222696, 0.00537654, 0.0133169, 0.0140851, 0.0103884, 0.00444741, 0.00475725, -0.0814541, -0.00829539, -0.00138536, -0.00548797, -0.0185667, 0.00150855, 0.0193785, 0.0046616, 0.0189936, 0.000249246, 0.0131935, 0.00529681, 0.0263195, -0.00902112, 0.0243916, 0.0116065, -0.00495493, -0.000651274, 0.0185363, -0.00623004, -0.0139547, 0.00192801, 0.0250948, -0.00259073, -0.0169232, -0.0108136, -0.00386637, 0.000171545, 0.0182327, 0.0091609, 0.030052, 0.0129878, 0.00246126, 0.00296849, -0.01388, -0.000453302, -0.0103009, 0.0130926, 0.0129996, 0.00121826, 0.00864811, -0.0142749
# 0.000343572, -0.0156779, -0.00190467, 0.000117118, -0.000500409, -2.15582e-06, 0.000912535, -6.94647e-05, -0.000262405, 0.000460768, 0.000513711, -7.99827e-05, -0.00227239, 0.0124998, 0.0228673, 0.0227135, 0.024396, 0.017419, 0.0155037, 0.0237215, 0.0223325, 0.0209808, 0.0236573, 0.121278, 0.0238068, 0.0154118, 0.0240381, 0.0299271, 0.0263658, 0.0260725, 0.0224386, 0.0293562, 0.0083375, 0.0299705, 0.0286014, 0.0221758, 0.0176038, 0.0251906, 0.032595, 0.0180909, 0.0274504, 0.0235992, 0.0196706, 0.0265957, 0.0241193, 0.015212, 0.0270122, 0.0261057, 0.0161305, 0.0219264, 0.0339933, 0.0250245, 0.0244513, 0.0232693, 0.01567, 0.0232263, 0.0109426, 0.0195164, 0.0208598, 0.0238533, 0.0296007, 0.0273231, 0.0267407, 0.0241966, 0.000991246, -0.000824069, -0.00182266, 0.012318, 0.0131935, -0.0011636, 0.0253832, 0.00176556, 0.0110932, -0.155862, 0.00148274, 0.0125732, 0.00106527, 0.000244867, -0.010625, -0.0094091, -0.000468053, -0.00326995, -0.00923762, -0.000554231, 0.019371, 0.0118794, -0.014883, -0.0108609, 0.00314135, 0.00548534, -0.00239861, 0.00185494, 0.020999, -0.0134835, 0.00717635, -0.00682712, -0.0151994, 0.000801645, 0.0216417, -0.00416069, -0.00264636, 0.0335397, -0.000261764, 0.0141442, 0.00121676, -0.00402366, 0.00940994, 0.00781304, -0.00167747, 0.00720858, -0.0158339, 0.00185359, 0.00604774, 0.00317936
# -0.000522506, -0.0133078, -0.00357144, 0.00037012, -0.000652279, 0.000431199, 0.000103646, 0.000812634, -0.000136049, 0.000569346, 0.00043106, 0.0141812, 0.00353423, -0.0058731, 0.0303598, 0.026199, 0.0356741, 0.0239618, 0.0148804, 0.016414, 0.0380243, 0.0399567, 0.0523117, 0.0238068, 0.0900073, 0.0185725, 0.0122283, 0.0431353, 0.0140921, 0.019541, 0.0212875, 0.0293361, -0.00189877, 0.0261596, 0.0355172, 0.03858, 0.00657303, 0.0120004, 0.00142994, 0.0184971, 0.0129449, 0.0260087, 0.0131342, 0.0236192, 0.025352, 0.00194528, 0.00386398, 0.0196526, 0.0246142, 0.0247531, 0.015937, 0.0237256, 0.0276201, 0.0303858, 0.0207644, 0.0247458, 0.00731634, 0.0206955, 0.0226772, 0.0262349, 0.0283501, 0.026643, 0.0254303, 0.0234931, 0.00116643, 0.0059142, 0.00418203, 0.00345624, 7.44164e-05, 0.017041, -0.00080753, -0.000287519, 0.00457318, -0.0106814, -0.0954666, -0.0103499, 0.00612377, -0.0126896, 0.00597263, 0.00711325, 0.00591204, 0.0067088, -0.00355479, 0.00196284, 0.009994, 0.0122585, 0.0103234, -0.0174106, -8.8906e-05, -0.00445303, 0.0120157, 0.00190959, -0.00760113, -0.00150198, 0.013653, 0.00828397, -0.000916426, -0.000403927, 0.00608266, 0.00829263, 0.00211294, 0.0188035, 0.0225253, 0.00380713, -0.0105117, 0.00229308, -0.0024028, 0.00846758, 0.00881021, 0.0103867, 0.00155628, -0.0109665, 0.0083068, -0.00713625
# -2.5896e-05, -0.0111992, -0.00284571, 0.000162178, -4.20985e-05, 9.86136e-05, 0.00102989, 0.000669623, -0.000280801, 0.000343753, -0.000255988, -0.00568888, 0.00212365, -0.0121348, 0.0190812, 0.0163644, 0.00958449, 0.0136716, 0.023225, 0.0146713, 0.0065659, 0.00933644, 0.00716944, 0.0154118, 0.0185725, 0.11499, 0.0158954, 0.0141327, 0.0216453, 0.0223829, 0.025989, 0.00544119, 0.010353, 0.0194006, 0.0111632, 0.00551335, 0.0208789, 0.0315644, 0.028956, 0.0248505, 0.0264368, 0.0242211, 0.0195978, 0.014744, 0.0116651, 0.0211522, 0.0258975, 0.021598, 0.0137174, 0.0167095, 0.0200458, 0.0119816, 0.00412787, 0.00744812, 0.015442, 0.017501, 0.0222043, 0.0227112, 0.0110135, 0.00822923, 0.0155237, 0.0219418, 0.0113329, 0.0176886, 0.00302344, 0.0176907, 0.00244425, -0.000450616, 0.00865666, 0.0138493, 0.00361165, -0.00248133, -0.0042288, 0.0190749, -0.0203476, -0.131211, 0.00489619, -0.00965253, 0.0018136, -0.0148138, -0.0206995, 0.00786997, 0.0174902, -0.0121511, 0.00240397, 0.00254952, 0.0125572, -0.0126324, 0.0187682, -0.000317049, -0.0108639, -0.00494582, 0.0265873, 0.0142186, 0.0158613, -0.00749898, -0.00358596, -0.00398476, -0.00778241, 0.00447172, 0.012955, 0.0137849, 0.0252039, 0.0089813, 0.0096966, -0.00126255, 0.0231214, -0.0108761, -0.00686746, 0.00167785, 0.00179472, 0.00239128, 0.0150719, -0.0122732
