# stan_version_major = 2
# stan_version_minor = 37
# stan_version_patch = 0
# model = survival_model
# start_datetime = 2026-03-12 17:42:04 UTC
# method = sample (Default)
#   sample
#     num_samples = 2000
#     num_warmup = 1000 (Default)
#     save_warmup = false (Default)
#     thin = 1 (Default)
#     adapt
#       engaged = true (Default)
#       gamma = 0.05 (Default)
#       delta = 0.8 (Default)
#       kappa = 0.75 (Default)
#       t0 = 10 (Default)
#       init_buffer = 75 (Default)
#       term_buffer = 50 (Default)
#       window = 25 (Default)
#       save_metric = false (Default)
#     algorithm = hmc (Default)
#       hmc
#         engine = nuts (Default)
#           nuts
#             max_depth = 10 (Default)
#         metric = dense_e
#         metric_file =  (Default)
#         stepsize = 1 (Default)
#         stepsize_jitter = 0 (Default)
#     num_chains = 1 (Default)
# id = 2
# data
#   file = /Users/dansprague/Documents/PhaseSkate/benchmarks/scaling/data/data_H10.json
# init = 2 (Default)
# random
#   seed = 42
# output
#   file = /Users/dansprague/Documents/PhaseSkate/benchmarks/scaling/stan_output/survival-20260312134204_2.csv
#   diagnostic_file =  (Default)
#   refresh = 100 (Default)
#   sig_figs = 8 (Default)
#   profile_file = profile.csv (Default)
#   save_cmdstan_config = false (Default)
# num_threads = 1 (Default)
# stanc_version = stanc3 v2.37.0
# stancflags = --filename-in-msg=survival.stan
lp__,accept_stat__,stepsize__,treedepth__,n_leapfrog__,divergent__,energy__,log_alpha,beta_0,trt_effect,beta.1,beta.2,beta.3,beta.4,beta.5,beta.6,beta.7,beta.8,log_sigma_int,log_sigma_slope,rho,z_int.1,z_int.2,z_int.3,z_int.4,z_int.5,z_int.6,z_int.7,z_int.8,z_int.9,z_int.10,z_slope.1,z_slope.2,z_slope.3,z_slope.4,z_slope.5,z_slope.6,z_slope.7,z_slope.8,z_slope.9,z_slope.10
# Adaptation terminated
# Step size = 0.241582
# Elements of inverse mass matrix:
# 0.00241782, -0.000827919, 8.7494e-05, -0.000194595, 0.000307129, 1.68457e-05, 0.000376253, -0.00051184, -0.000172524, -0.000392996, 7.30044e-05, -0.000886731, 0.0020521, 0.00221974, -0.000589076, 0.00234363, 0.000128089, 0.0010052, 0.00114141, 3.08646e-05, 0.00147849, 0.000769761, 0.00107396, 0.000180491, 0.00116039, -0.000748664, 0.00229371, 0.000560633, 0.000490543, -0.00328267, -0.00299356, -0.000708245, 0.000697146, 0.000875032
# -0.000827919, 0.0312294, -0.0011911, 0.000405415, -0.000228582, 0.000143724, 0.000587282, 0.000285633, 0.000137919, 0.000641051, -0.000462255, -0.000234588, -0.0148074, -0.016544, -0.0484863, -0.0493711, -0.0495259, -0.0488175, -0.0472707, -0.0448377, -0.0533791, -0.0553725, -0.0514333, -0.0406412, 0.00143133, 0.0128029, -0.0127313, 0.000597252, 0.0119367, 0.00168018, 0.00716632, 0.00875142, 0.00729119, -0.0103016
# 8.7494e-05, -0.0011911, 0.0146453, -0.000184711, 0.000183072, 2.83105e-05, -0.000560948, -0.000267863, 0.000521796, 0.000334807, -8.41142e-06, 0.000920888, 0.00504484, -0.00409766, -0.0100585, -0.00760792, -0.0101856, -0.00719317, -0.00431456, -0.00827233, -0.00295489, -0.00320789, -0.00688565, -0.00914922, -0.0130879, -0.0178797, -0.0162086, -0.0215269, -0.011176, -0.00807359, -0.0218118, -0.0332389, -0.0216946, -0.0190472
# -0.000194595, 0.000405415, -0.000184711, 0.00200411, -0.000160514, 0.000245214, -0.000558397, 0.000182051, 3.9192e-05, 0.000201003, -0.000190701, 0.000372051, 0.000745233, -0.000759309, -0.00138897, 0.00138457, -0.00124048, 0.00101164, -0.00109122, -0.00243133, 0.000684537, -0.0004164, -0.00155194, -0.000738117, 0.00411625, 0.00150382, -0.000742584, -0.00174993, 0.000859663, 0.00443828, -0.00038971, 0.00115684, 0.00272973, -0.00105217
# 0.000307129, -0.000228582, 0.000183072, -0.000160514, 0.00219488, -7.21285e-05, 0.000265568, -0.000221495, 0.000223557, 2.88566e-05, -1.32643e-05, -0.00142981, 0.000579639, 0.00446953, -0.00150664, -0.000673761, 0.00220457, -0.00293289, -0.00210321, -4.76864e-05, -0.00425629, -0.0002556, -0.00116673, -0.00238511, -0.00256078, 0.00337447, -0.00331947, 0.00161118, 0.00378529, 0.00199428, 0.0031639, 0.000384181, 0.000718352, 0.00160234
# 1.68457e-05, 0.000143724, 2.83105e-05, 0.000245214, -7.21285e-05, 0.0019073, 0.000131411, 2.45773e-05, 0.000100378, 0.000131886, -9.4557e-05, -0.000851239, 0.00101737, 0.00345333, 0.000231873, -0.000221874, 0.00172636, 0.00112341, 0.00188916, 0.000791012, -0.000549372, 0.000293093, -0.00105215, -0.000867372, 0.00115026, 0.00340882, -0.00627157, 0.00344569, -0.0020456, -0.00289044, 0.00470191, -0.0010541, -0.0022501, -0.00186276
# 0.000376253, 0.000587282, -0.000560948, -0.000558397, 0.000265568, 0.000131411, 0.00219251, -0.000239249, 0.000135503, -0.00013086, -0.000141721, -0.000668047, -0.000494224, 0.00466478, -0.0010002, 0.000381116, 0.00239386, -0.000890328, -0.000385339, -0.000858773, -0.00164489, 3.70136e-05, 0.000929371, -0.00151283, -2.37707e-05, -0.00174297, -0.0012527, -0.000479035, -0.00366301, -0.00109296, 0.00201264, 0.0032064, -0.00278398, -0.00126369
# -0.00051184, 0.000285633, -0.000267863, 0.000182051, -0.000221495, 2.45773e-05, -0.000239249, 0.00216489, -0.000188903, 0.000444693, 0.000154274, -0.000493175, -2.12691e-05, -0.000543512, 2.5393e-05, 0.00124314, 0.00111541, -0.000171525, 0.00126741, 0.00141008, -7.13777e-05, -0.000995077, 0.00303857, 0.000114221, 0.0043517, 0.00154619, -0.0028144, 0.00124975, -0.00659424, -0.000705342, 0.00126896, 0.00165742, -0.00201733, 0.00152753
# -0.000172524, 0.000137919, 0.000521796, 3.9192e-05, 0.000223557, 0.000100378, 0.000135503, -0.000188903, 0.00261399, 0.000128252, 0.000113914, -0.000883447, 0.00144524, 0.00130947, -0.00183509, -0.00158356, 0.00122565, -0.000697792, -0.00116705, -0.000968235, -0.00336398, 0.000814131, -0.000737768, -0.00236559, 0.00424503, 0.00155204, -0.00400824, -0.00163321, 0.000961554, 0.000544342, 0.00473209, 0.00304394, 0.00550523, 0.00223694
# -0.000392996, 0.000641051, 0.000334807, 0.000201003, 2.88566e-05, 0.000131886, -0.00013086, 0.000444693, 0.000128252, 0.00174711, -5.46549e-05, 0.00066182, -2.57679e-06, 2.28623e-05, -0.00170124, 6.89169e-08, 0.00050027, -0.000222325, -0.000828395, -0.00264666, -0.00174243, -9.67983e-05, -0.000112676, -1.72233e-05, 0.000924871, 0.00113789, -0.00220184, 0.00141488, -0.00390139, 0.000836026, 0.00259981, -0.000435012, -0.000433756, -0.00223633
# 7.30044e-05, -0.000462255, -8.41142e-06, -0.000190701, -1.32643e-05, -9.4557e-05, -0.000141721, 0.000154274, 0.000113914, -5.46549e-05, 0.00244295, 0.000688278, 0.00285689, -0.00303115, 0.00301707, 0.000786527, -0.000535787, 0.000785895, 0.000324544, -0.00207878, 0.000297956, 0.00147215, 0.00332214, -0.000924268, -0.000194827, -0.00131028, 0.00303595, -0.00130066, -0.00403112, 0.000542332, 0.00287749, -0.00128309, -0.00149483, -0.00235034
# -0.000886731, -0.000234588, 0.000920888, 0.000372051, -0.00142981, -0.000851239, -0.000668047, -0.000493175, -0.000883447, 0.00066182, 0.000688278, 0.0705213, 0.0110686, -0.0575234, 0.0338129, -0.0229755, -0.0236363, 0.0132372, -0.0431106, -0.0784036, 0.0627153, 0.0737164, 0.0116369, -0.00970393, 0.0103649, -0.0222627, 0.0115891, -0.0114018, -0.0197642, 0.013495, -0.0303451, -3.22249e-05, -0.000391152, -0.00497631
# 0.0020521, -0.0148074, 0.00504484, 0.000745233, 0.000579639, 0.00101737, -0.000494224, -2.12691e-05, 0.00144524, -2.57679e-06, 0.00285689, 0.0110686, 0.289387, -0.0488574, 0.0335019, 0.0320289, -0.0575388, 0.0311468, 0.0303068, -0.0318636, 0.0653051, 0.0973503, 0.0202686, 0.00891556, -0.0100423, -0.0574429, 0.11323, -0.00537039, -0.0298962, 0.0333194, -0.0329434, -0.0671508, -0.0308109, 0.0106132
# 0.00221974, -0.016544, -0.00409766, -0.000759309, 0.00446953, 0.00345333, 0.00466478, -0.000543512, 0.00130947, 2.28623e-05, -0.00303115, -0.0575234, -0.0488574, 0.843565, 0.0362929, -0.0104477, 0.117465, 0.00259346, -0.0283193, 0.048738, -0.0307905, -0.0251832, 0.0334757, 0.0238164, -0.0189974, -0.0246717, -0.123887, 0.00342038, -0.0249855, -0.201024, 0.208565, 0.254268, 0.0017157, 0.0199317
# -0.000589076, -0.0484863, -0.0100585, -0.00138897, -0.00150664, 0.000231873, -0.0010002, 2.5393e-05, -0.00183509, -0.00170124, 0.00301707, 0.0338129, 0.0335019, 0.0362929, 0.208656, 0.0779872, 0.0871576, 0.102351, 0.0556591, 0.0359233, 0.122781, 0.12641, 0.101082, 0.0780883, -0.118976, -0.0229258, 0.0361633, -0.00420835, -0.0140937, -0.000701951, -0.0240862, 0.0301133, 0.00383651, 0.0233743
# 0.00234363, -0.0493711, -0.00760792, 0.00138457, -0.000673761, -0.000221874, 0.000381116, 0.00124314, -0.00158356, 6.89169e-08, 0.000786527, -0.0229755, 0.0320289, -0.0104477, 0.0779872, 0.229536, 0.0804769, 0.0980306, 0.101132, 0.103205, 0.095528, 0.0700406, 0.097928, 0.081116, 0.00172446, -0.166041, 0.0490451, 0.00821296, 0.00776952, 0.0193899, -0.0273929, -0.0353931, -0.0130509, 0.0133216
# 0.000128089, -0.0495259, -0.0101856, -0.00124048, 0.00220457, 0.00172636, 0.00239386, 0.00111541, 0.00122565, 0.00050027, -0.000535787, -0.0236363, -0.0575388, 0.117465, 0.0871576, 0.0804769, 0.228527, 0.0818454, 0.0934201, 0.113623, 0.0535014, 0.0644863, 0.09584, 0.0766912, -0.00147811, 0.017793, -0.132019, 0.00858439, -0.00926918, -0.0195446, 0.0363899, 0.0504958, 0.0143832, 0.0233963
# 0.0010052, -0.0488175, -0.00719317, 0.00101164, -0.00293289, 0.00112341, -0.000890328, -0.000171525, -0.000697792, -0.000222325, 0.000785895, 0.0132372, 0.0311468, 0.00259346, 0.102351, 0.0980306, 0.0818454, 0.172187, 0.0749567, 0.0688399, 0.110342, 0.114882, 0.0967159, 0.0771082, 0.00451462, -0.0288489, 0.0477572, -0.0956682, -0.019536, 0.0193148, -0.0177402, -0.00593941, 0.000456556, 0.0324443
# 0.00114141, -0.0472707, -0.00431456, -0.00109122, -0.00210321, 0.00188916, -0.000385339, 0.00126741, -0.00116705, -0.000828395, 0.000324544, -0.0431106, 0.0303068, -0.0283193, 0.0556591, 0.101132, 0.0934201, 0.0749567, 0.228814, 0.134319, 0.0606548, 0.0573897, 0.0853252, 0.0837292, 0.00784958, 0.0326599, 0.0138597, 0.00256646, -0.119259, 0.00440344, -0.00949562, -0.0334905, -0.0104166, -1.94081e-05
# 3.08646e-05, -0.0448377, -0.00827233, -0.00243133, -4.76864e-05, 0.000791012, -0.000858773, 0.00141008, -0.000968235, -0.00264666, -0.00207878, -0.0784036, -0.0318636, 0.048738, 0.0359233, 0.103205, 0.113623, 0.0688399, 0.134319, 0.30683, 0.0167938, 0.00251403, 0.0703527, 0.0874333, 0.013488, 0.0274098, 0.00671656, 0.0339534, 0.0109034, -0.159428, 0.0100077, -0.0318932, -0.00910439, 0.0187818
# 0.00147849, -0.0533791, -0.00295489, 0.000684537, -0.00425629, -0.000549372, -0.00164489, -7.13777e-05, -0.00336398, -0.00174243, 0.000297956, 0.0627153, 0.0653051, -0.0307905, 0.122781, 0.095528, 0.0535014, 0.110342, 0.0606548, 0.0167938, 0.250754, 0.168707, 0.10495, 0.0761746, 0.0166407, -0.0657865, 0.0646811, -0.00363359, -0.0493518, -0.00901504, -0.132163, -0.0134705, -0.00153314, 0.0248118
# 0.000769761, -0.0553725, -0.00320789, -0.0004164, -0.0002556, 0.000293093, 3.70136e-05, -0.000995077, 0.000814131, -9.67983e-05, 0.00147215, 0.0737164, 0.0973503, -0.0251832, 0.12641, 0.0700406, 0.0644863, 0.114882, 0.0573897, 0.00251403, 0.168707, 0.277319, 0.110758, 0.0659327, 0.0267826, -0.0403252, 0.0580554, -0.0114776, -0.0638879, 0.0125565, -0.00859174, -0.0948541, -0.00893224, 0.00876104
# 0.00107396, -0.0514333, -0.00688565, -0.00155194, -0.00116673, -0.00105215, 0.000929371, 0.00303857, -0.000737768, -0.000112676, 0.00332214, 0.0116369, 0.0202686, 0.0334757, 0.101082, 0.097928, 0.09584, 0.0967159, 0.0853252, 0.0703527, 0.10495, 0.110758, 0.189482, 0.0786904, 0.0198594, -0.0342791, 0.0294246, 0.00642554, -0.0471507, -0.026978, 0.00673694, 0.0166644, -0.116748, 0.0219823
# 0.000180491, -0.0406412, -0.00914922, -0.000738117, -0.00238511, -0.000867372, -0.00151283, 0.000114221, -0.00236559, -1.72233e-05, -0.000924268, -0.00970393, 0.00891556, 0.0238164, 0.0780883, 0.081116, 0.0766912, 0.0771082, 0.0837292, 0.0874333, 0.0761746, 0.0659327, 0.0786904, 0.175165, 0.0275254, -0.0102447, 0.0327006, 0.0121197, -0.00536827, -0.0229453, -0.0191936, 0.00635043, -0.00774918, -0.119276
# 0.00116039, 0.00143133, -0.0130879, 0.00411625, -0.00256078, 0.00115026, -2.37707e-05, 0.0043517, 0.00424503, 0.000924871, -0.000194827, 0.0103649, -0.0100423, -0.0189974, -0.118976, 0.00172446, -0.00147811, 0.00451462, 0.00784958, 0.013488, 0.0166407, 0.0267826, 0.0198594, 0.0275254, 0.69337, 0.0229595, 0.0172216, 0.053164, -0.0254579, -0.0546175, 0.0904026, 0.00889097, 0.0697158, -0.0126714
# -0.000748664, 0.0128029, -0.0178797, 0.00150382, 0.00337447, 0.00340882, -0.00174297, 0.00154619, 0.00155204, 0.00113789, -0.00131028, -0.0222627, -0.0574429, -0.0246717, -0.0229258, -0.166041, 0.017793, -0.0288489, 0.0326599, 0.0274098, -0.0657865, -0.0403252, -0.0342791, -0.0102447, 0.0229595, 0.850309, -0.0160261, 0.0338649, -0.0458507, -0.0319463, 0.0806324, 0.103136, 0.0837619, 0.0364059
# 0.00229371, -0.0127313, -0.0162086, -0.000742584, -0.00331947, -0.00627157, -0.0012527, -0.0028144, -0.00400824, -0.00220184, 0.00303595, 0.0115891, 0.11323, -0.123887, 0.0361633, 0.0490451, -0.132019, 0.0477572, 0.0138597, 0.00671656, 0.0646811, 0.0580554, 0.0294246, 0.0327006, 0.0172216, -0.0160261, 0.734539, 0.00694969, 0.0202552, 0.126319, -0.0473726, -0.0370727, 0.0149178, 0.0191889
# 0.000560633, 0.000597252, -0.0215269, -0.00174993, 0.00161118, 0.00344569, -0.000479035, 0.00124975, -0.00163321, 0.00141488, -0.00130066, -0.0114018, -0.00537039, 0.00342038, -0.00420835, 0.00821296, 0.00858439, -0.0956682, 0.00256646, 0.0339534, -0.00363359, -0.0114776, 0.00642554, 0.0121197, 0.053164, 0.0338649, 0.00694969, 0.606116, 0.028545, -0.0519015, 0.0944242, -0.0170808, 0.0191819, 0.0502432
# 0.000490543, 0.0119367, -0.011176, 0.000859663, 0.00378529, -0.0020456, -0.00366301, -0.00659424, 0.000961554, -0.00390139, -0.00403112, -0.0197642, -0.0298962, -0.0249855, -0.0140937, 0.00776952, -0.00926918, -0.019536, -0.119259, 0.0109034, -0.0493518, -0.0638879, -0.0471507, -0.00536827, -0.0254579, -0.0458507, 0.0202552, 0.028545, 0.729116, 0.0794819, 0.0283406, 0.0639485, 0.0283764, 0.0839624
# -0.00328267, 0.00168018, -0.00807359, 0.00443828, 0.00199428, -0.00289044, -0.00109296, -0.000705342, 0.000544342, 0.000836026, 0.000542332, 0.013495, 0.0333194, -0.201024, -0.000701951, 0.0193899, -0.0195446, 0.0193148, 0.00440344, -0.159428, -0.00901504, 0.0125565, -0.026978, -0.0229453, -0.0546175, -0.0319463, 0.126319, -0.0519015, 0.0794819, 0.844923, -0.0425835, -0.0316964, 0.0640528, 0.0448307
# -0.00299356, 0.00716632, -0.0218118, -0.00038971, 0.0031639, 0.00470191, 0.00201264, 0.00126896, 0.00473209, 0.00259981, 0.00287749, -0.0303451, -0.0329434, 0.208565, -0.0240862, -0.0273929, 0.0363899, -0.0177402, -0.00949562, 0.0100077, -0.132163, -0.00859174, 0.00673694, -0.0191936, 0.0904026, 0.0806324, -0.0473726, 0.0944242, 0.0283406, -0.0425835, 0.755667, 0.0864851, 0.0532518, 0.0804648
# -0.000708245, 0.00875142, -0.0332389, 0.00115684, 0.000384181, -0.0010541, 0.0032064, 0.00165742, 0.00304394, -0.000435012, -0.00128309, -3.22249e-05, -0.0671508, 0.254268, 0.0301133, -0.0353931, 0.0504958, -0.00593941, -0.0334905, -0.0318932, -0.0134705, -0.0948541, 0.0166644, 0.00635043, 0.00889097, 0.103136, -0.0370727, -0.0170808, 0.0639485, -0.0316964, 0.0864851, 0.76277, 0.114044, 0.12575
# 0.000697146, 0.00729119, -0.0216946, 0.00272973, 0.000718352, -0.0022501, -0.00278398, -0.00201733, 0.00550523, -0.000433756, -0.00149483, -0.000391152, -0.0308109, 0.0017157, 0.00383651, -0.0130509, 0.0143832, 0.000456556, -0.0104166, -0.00910439, -0.00153314, -0.00893224, -0.116748, -0.00774918, 0.0697158, 0.0837619, 0.0149178, 0.0191819, 0.0283764, 0.0640528, 0.0532518, 0.114044, 0.645303, 0.00934997
# 0.000875032, -0.0103016, -0.0190472, -0.00105217, 0.00160234, -0.00186276, -0.00126369, 0.00152753, 0.00223694, -0.00223633, -0.00235034, -0.00497631, 0.0106132, 0.0199317, 0.0233743, 0.0133216, 0.0233963, 0.0324443, -1.94081e-05, 0.0187818, 0.0248118, 0.00876104, 0.0219823, -0.119276, -0.0126714, 0.0364059, 0.0191889, 0.0502432, 0.0839624, 0.0448307, 0.0804648, 0.12575, 0.00934997, 0.707461
-688.47865,0.84766387,0.24158221,4,15,0,700.01,0.34292544,2.4301931,-0.60585259,0.28593529,-0.38778349,0.27974807,-0.17033883,0.32723812,-0.10728172,0.39536016,-0.28225719,-0.91492651,-0.55041972,-0.16710195,-0.58383719,0.74902246,-0.37362015,-0.040459261,0.9730983,1.5497582,-0.98292289,-1.2827985,-0.71775129,0.45231143,-0.13660039,0.68590414,1.7530304,-0.14877917,0.082001908,0.58758352,-0.96287198,-0.87324026,0.15920342,-0.039502662
-696.37072,0.78526551,0.24158221,4,15,0,712.55429,0.42770368,2.2484461,-0.61040781,0.2707039,-0.32911307,0.25587725,-0.10933601,0.31415087,-0.11913297,0.45347599,-0.13153845,-0.34556606,-2.0939743,-0.029586563,-0.56659281,0.67728484,0.68027232,0.40119231,1.1597646,1.4443198,-0.65674915,-1.0684573,0.23898681,0.058769778,1.9572187,-0.65171478,1.4064578,-0.61318238,0.47549904,0.58899944,-0.14814646,-1.0058455,0.22747911,0.92116349
-690.92997,1,0.24158221,4,15,0,707.01909,0.46867393,2.322061,-0.54319426,0.2768765,-0.42899202,0.24493884,-0.13399255,0.37894864,-0.15941517,0.45073017,-0.15212269,-0.87169129,-1.5826022,0.13410791,-0.35934517,0.60870523,0.26633083,-0.096670652,1.4373653,1.8891588,-0.83267296,-1.2043071,0.072007937,0.47664171,0.12464957,0.27985897,2.1976917,-0.32057783,0.33955787,0.91968916,-0.77716602,-1.5761989,-0.50632777,0.38946178
-691.93599,0.97582269,0.24158221,4,15,0,703.53548,0.43584053,2.4340361,-0.67704262,0.29954835,-0.43251506,0.23702565,-0.14150675,0.40110975,-0.1177446,0.4746523,-0.14886032,-0.5533232,-0.81069143,-0.31797235,-0.37269985,0.68802404,-0.086523023,-0.093890283,1.2287407,1.3955704,-0.49654261,-0.62776678,0.29012845,0.34201034,0.64586717,-0.029424521,2.5160997,0.24965534,-0.60167459,0.88418812,-1.3628394,-1.3989265,-0.16786813,-0.24307792
-691.34466,0.97590918,0.24158221,4,15,0,704.94788,0.36924201,2.488488,-0.61564624,0.28879809,-0.38779994,0.30972586,-0.13859676,0.37404796,-0.094485195,0.43461938,-0.23299564,-0.61405656,-1.6540344,0.43263102,-0.98395304,0.18912846,-0.001390923,-0.34260029,0.67237191,1.536154,-0.98899931,-1.6249764,-0.67778766,-0.068068347,0.075986695,0.0039942268,0.77982064,-0.14524485,0.89357262,1.1375833,-0.63972235,-0.38794893,0.67883587,1.0834552
-689.84311,0.99125574,0.24158221,4,15,0,700.42129,0.39340576,2.1468657,-0.54407871,0.28748359,-0.38022152,0.24394385,-0.11899751,0.39569889,-0.083608366,0.43444217,-0.20242209,-0.5510512,-1.535588,0.29219408,-0.11123991,1.1468368,0.57590217,0.20838899,1.5120831,1.8145814,-0.06028657,-1.1232039,0.33849133,0.32539547,-0.39593441,-0.11487459,1.2811407,-0.2808278,-0.074393816,0.65224414,-0.8628992,-0.77744702,0.28943675,1.3723099
-688.13456,0.99045497,0.24158221,4,15,0,702.45195,0.37484394,2.5241186,-0.58070278,0.27696108,-0.43949732,0.25615739,-0.24764081,0.40031595,-0.10554853,0.4318005,-0.2928445,-0.55454455,-0.72656048,0.53690862,-1.1184715,0.45223928,0.0041210612,-0.22787946,0.53857021,0.97192556,-0.75551963,-1.1014564,-0.072189886,0.35922469,0.89394168,-0.24202991,0.66049099,-0.11331405,-0.15907766,-0.30405852,-0.23834432,-0.43045789,-0.73833584,-0.48904181
-692.62923,0.73621046,0.24158221,4,15,0,715.50334,0.40304864,2.5168007,-0.55820949,0.28447175,-0.44878681,0.32476367,-0.17416128,0.4257659,-0.17614698,0.42606969,-0.32647832,-0.77947662,-1.0694187,0.34697313,-1.3996465,0.20863115,-0.011007734,-0.42519984,0.74217428,1.5573518,-0.9461528,-1.6285494,0.067334188,0.41844152,0.6217314,-0.15083076,1.7299305,-0.41695848,0.68668299,0.54775684,-1.1214701,-0.14008638,-1.0519049,0.13282914
-692.02853,0.96790616,0.24158221,4,15,0,704.63394,0.41416629,2.3141234,-0.55793823,0.23223181,-0.42180885,0.14615122,-0.10580396,0.35004613,-0.034006273,0.41192288,-0.24491749,-0.48928959,-1.3347874,-0.29737133,-0.1101925,1.2590206,0.11512723,-0.23902827,1.20064,1.6219487,-0.61801131,-0.81525495,-0.25630529,-0.18862116,-0.78039806,-0.40396414,1.5928432,0.078434243,-0.60495536,0.065076425,-0.42368092,-1.3423586,1.2611609,0.57440367
-692.92093,0.98639071,0.24158221,4,15,0,705.32676,0.39308369,2.7113003,-0.68139961,0.30445048,-0.43810248,0.29082251,-0.13638738,0.35303494,-0.12562314,0.40490382,-0.3112372,-0.91109595,-1.7450379,0.31059381,-0.88631553,0.50972232,-0.1410921,-0.44304428,0.8472338,0.95026669,-1.5066944,-2.0825266,-1.0572651,-0.15076652,0.11717902,-0.78722615,1.1265335,-0.45758692,0.021010043,0.95848876,-0.93011201,0.015237569,-0.015634315,0.8162038
-689.42492,0.99467564,0.24158221,4,15,0,704.63759,0.42786549,2.3013732,-0.49313033,0.25516979,-0.35113192,0.28650731,-0.18740599,0.30103693,-0.097883422,0.46211425,-0.23934485,-0.25221278,-1.0086952,-0.11505962,-0.75865061,0.39191455,0.53388412,-0.13815704,1.060825,1.2149666,-0.36735738,-0.61707095,0.088057138,0.23975166,0.15603975,0.20794468,1.1774491,0.51022997,-1.3092545,0.35608994,-0.54725877,-1.3446221,0.35829236,0.045678379
-699.80625,0.81778622,0.24158221,4,15,0,712.50371,0.39417244,2.4711196,-0.4849136,0.28626009,-0.32980654,0.29696624,-0.18366372,0.3118015,-0.099981275,0.47259932,-0.25788048,-0.11147466,-1.1122936,0.0010502374,-1.0044444,-0.19038297,-0.027330894,-0.65694834,0.60042823,0.76475061,-0.60299779,-0.92042893,-0.56490508,0.09961369,0.11936258,0.70910917,1.7335063,0.75795109,-1.7351918,0.13527015,-0.44363972,-1.675881,0.30801121,-0.22746207
-702.19826,1,0.24158221,4,15,0,716.34647,0.38903926,2.2437449,-0.56949764,0.22742702,-0.46133716,0.16654064,-0.12120486,0.43830229,-0.14960377,0.38405805,-0.2325689,-0.96801487,-1.9111346,0.49105247,0.32545308,1.5888397,0.68589985,0.62152316,1.3261223,2.1497621,-0.72221513,-1.2761474,0.52270519,0.31704855,0.36764221,-0.99991556,1.4085285,-1.6135711,1.7778563,0.21609541,-1.2252334,0.011631088,-0.31010627,1.2734462
-699.58688,0.9956035,0.24158221,4,15,0,718.63248,0.39701412,2.4597634,-0.62368949,0.30939591,-0.37582644,0.27748727,-0.1117474,0.34783346,-0.1321622,0.49562916,-0.27779949,-0.8773864,-1.5810565,0.86498023,-0.69011544,0.27130528,0.48947243,-0.52312462,0.37356355,1.9169172,-0.92373151,-2.0545704,-0.37774826,0.28847878,-0.9613056,0.18533058,0.58105738,0.75052493,-0.90874557,-1.057968,0.4904013,0.81124959,0.20063173,-0.99960929
-696.75791,0.95248174,0.24158221,4,15,0,716.7562,0.40561183,2.1415529,-0.40090187,0.18134183,-0.42412664,0.25847106,-0.081788513,0.29275571,-0.098379891,0.38304321,-0.23161586,-0.76957824,-1.576849,-0.18500707,-0.33067924,0.78563316,1.2676724,0.19808769,1.7097491,2.7407112,-0.34454477,-0.90572158,0.24767985,0.63918683,0.69726019,0.6641807,-0.20344265,-0.20734381,-0.63518258,-0.44768977,-0.21075258,-1.4559368,-0.08155704,-0.29670788
-706.43726,0.95609689,0.24158221,4,15,0,717.72081,0.34027158,2.2786583,-0.61632902,0.36330281,-0.47368561,0.18154163,-0.080072904,0.28359588,-0.11866862,0.33976858,-0.24628619,-0.99647509,-1.7751299,0.28535601,-0.81858475,0.84485731,0.2129589,0.64851633,1.2590944,2.814418,-0.7619193,-1.9756734,-0.31846756,0.43063863,0.97487519,-0.26911935,2.280406,0.22479477,0.41120073,1.546343,0.26905539,-0.88332289,0.086595589,0.70015669
-703.55091,0.98351791,0.24158221,4,15,0,726.87761,0.27971302,2.7396306,-0.76489445,0.2969739,-0.45542003,0.28086261,-0.086608523,0.40289988,-0.13920689,0.38759381,-0.29029213,-0.64375445,-2.0943239,0.368285,-1.5321825,0.44924634,0.46556957,-0.82026784,0.6110605,1.5611693,-0.94228554,-1.6080141,-0.53017716,-0.49709411,1.9122531,0.46668085,-0.45732782,1.2309736,0.15276136,-0.74294471,-0.011733159,-1.5455889,0.59511731,2.6282099
-702.87109,0.9587627,0.24158221,4,15,0,725.70013,0.41613155,2.0464367,-0.42012773,0.28951049,-0.44129422,0.23193705,-0.22837692,0.32664244,-0.14557167,0.39907882,-0.22658933,-0.51880894,-1.6114707,-0.05063119,0.23431644,0.97858748,0.7520039,0.53491228,1.1976895,1.3161797,-0.56225206,-0.89273568,0.58668296,1.267128,-1.7233435,-0.12748605,0.95325987,-2.6081129,0.21134886,2.2156701,-0.35104549,-0.15885249,-0.31300436,-1.9216821
-696.30399,0.93225411,0.24158221,4,15,0,719.92169,0.44481384,2.2059272,-0.53744993,0.22607008,-0.41878218,0.25626116,-0.09501348,0.31683589,-0.11640632,0.4112845,-0.22284607,-0.71509804,-1.6793245,0.16028947,-0.52057892,0.79586354,0.39419285,0.62035764,1.1338386,1.9904773,-1.1057222,-0.87281182,0.87837248,0.41250533,-0.37449652,0.129888,1.1061631,-0.93236939,0.32535694,0.79188733,0.72264455,-1.4813883,-1.2428763,-1.0316892
-699.31926,0.92255966,0.24158221,4,15,0,719.82408,0.37222063,2.4257679,-0.5723492,0.2694777,-0.43048494,0.21698971,-0.11495405,0.43258805,-0.1663971,0.48837082,-0.2692548,-0.89859903,-1.4039188,-0.132215,-0.41828031,0.68152787,0.17161162,-0.026667392,1.6933061,2.3533721,-0.76975102,-2.0370574,0.58911739,0.065086762,-2.001779,-0.35395824,1.9328523,0.98494276,-0.14130206,0.07469495,-2.0658777,-0.14161405,-0.067836065,0.32897675
-700.84961,0.95715124,0.24158221,4,15,0,714.31878,0.42831051,2.3129858,-0.63621643,0.31210291,-0.48039716,0.24721811,-0.10669919,0.42034698,-0.18011745,0.42954871,-0.27805646,-1.0408003,-1.706026,0.61821304,-0.41971115,1.052217,0.8892225,0.31570191,2.1202563,2.5781987,-0.71719316,-1.8412892,1.0260341,0.14589285,-0.53786035,0.23834687,1.4708638,1.1478312,-1.8706329,-0.35011796,-2.1055019,-0.0036442564,-0.95003987,0.74178355
-701.58944,0.98253156,0.24158221,4,15,0,718.73242,0.33162784,2.3207852,-0.60815546,0.22114953,-0.38972124,0.18572967,-0.17909771,0.25089659,-0.10332103,0.38517976,-0.28142253,-0.92829457,-1.4261676,0.41502541,-0.64313881,0.10485663,0.48823708,0.25653737,0.65497807,2.0420383,-0.19750413,-1.5049742,-0.60102995,0.61991051,0.017221527,1.4226053,2.1699125,-0.75328999,2.1245834,-0.06058209,-1.4141921,-0.14521804,1.3312749,0.11471093
-702.61531,0.99549058,0.24158221,4,15,0,720.38494,0.26859555,2.2678813,-0.74283811,0.25229957,-0.47996217,0.23624719,-0.15319528,0.32157638,-0.093571324,0.32454368,-0.24522586,-1.0491387,-0.71608066,0.38285791,-0.04298945,0.53930384,1.1217117,0.17341482,1.6922238,1.4972087,0.3463391,-0.99218699,0.10953583,-0.22459839,0.038911635,0.25630167,1.2704912,0.15105416,-0.19098472,0.032456022,-0.88247919,-0.97397991,0.29359657,1.5314405
-694.31367,0.96776755,0.24158221,5,31,0,712.70885,0.51377395,2.553452,-0.10745739,0.31948785,-0.38520295,0.23124677,-0.16061496,0.40494764,-0.096735971,0.45599398,-0.33311578,-0.64265728,-0.59822429,0.14995564,-1.1227776,0.80144336,-0.29235466,-0.87106092,0.50612259,1.1326661,-1.5995192,-1.8751039,-0.42777289,-0.51507296,-0.49135046,-0.79508299,0.3528891,-0.32481862,-0.69196751,-0.21751811,-0.22817115,-1.0353024,-0.72890969,-0.038276724
-690.73415,1,0.24158221,4,15,0,702.27598,0.31887145,2.3391796,-0.69066744,0.22603657,-0.42756763,0.26347549,-0.13739218,0.38495556,-0.11975556,0.37497144,-0.18437471,-0.69825969,-0.85315291,0.12357619,-0.52685549,0.22053435,0.087308952,0.29975216,1.4621084,1.7335334,-0.15227142,-0.51812627,0.23118658,0.1900021,0.12308217,0.66753875,1.3961318,-0.30853392,-0.76586037,0.32943602,-1.1743076,-1.0287946,-0.46552067,0.68303435
-691.26495,0.88210882,0.24158221,4,15,0,706.33783,0.4288098,2.5207847,-0.34714571,0.31537415,-0.4050143,0.22395564,-0.14283951,0.3953239,-0.097236526,0.46950698,-0.30946787,-0.8983727,-0.92742868,0.18534066,-1.304275,1.0539782,0.13776575,-0.83797773,0.65889309,1.2490023,-1.7969239,-2.1804207,-0.56998096,0.38854108,0.33303779,-1.5374602,0.92991813,-0.076892648,-0.4973748,0.38847565,-0.61615296,-0.063276683,-0.64948511,-0.94433476
-692.72723,0.94341165,0.24158221,4,15,0,708.00276,0.38893829,2.3481908,-0.80268639,0.21084489,-0.39304114,0.22205252,-0.11479521,0.29152457,-0.12810783,0.36593017,-0.16402569,-0.49162934,-0.89789605,-0.19013787,-0.18363552,0.5761868,-0.21932072,0.18667864,1.7599983,1.5858204,-0.20433434,-0.86059627,0.095378459,0.89678838,0.018601902,0.041863733,2.3961002,0.084654401,-0.72727893,0.47889976,-1.0143159,-0.58304592,0.82824509,-0.0019419374
-687.97577,0.85709315,0.24158221,4,15,0,715.43814,0.38403408,2.4300723,-0.24826428,0.30656547,-0.39930088,0.26347409,-0.10339557,0.45337849,-0.11307461,0.44700169,-0.29127377,-0.34756826,-0.32867082,-0.54197858,-0.883987,0.79728487,0.1440358,0.022924304,0.3600049,1.2567761,-0.44193198,-0.9315243,-0.030457341,0.32783021,-0.7093604,-0.77890048,0.67434008,-0.64502464,-0.29211151,0.11477669,-1.2679532,-1.5698724,-0.81090398,-0.39763654
-691.18032,0.062105001,0.24158221,4,15,0,715.29536,0.4155996,2.346807,-0.16900575,0.26686696,-0.38781597,0.24101935,-0.10446235,0.43187771,-0.12869979,0.35943781,-0.3289331,-0.26247173,-0.21035017,-0.56533632,-0.84338996,0.75691972,0.099189787,-0.044225407,0.54921037,1.1847064,-0.48134714,-0.74520963,-0.045736796,0.32835381,-0.49590444,0.25865005,0.64583224,-0.52978421,-0.27639345,0.35755454,-1.3012345,-1.6578186,-0.74801177,0.17838525
-692.95992,0.18477325,0.24158221,4,15,0,709.58683,0.36200036,2.2210177,-0.47730189,0.30313176,-0.44997443,0.28219342,-0.10955272,0.40939819,-0.1245541,0.39789316,-0.28610208,-0.62017832,-1.4537214,-0.20695205,-0.030270146,1.1644261,0.53962251,-0.071823791,1.4996171,1.7719028,-0.98621555,-1.2631963,0.14882578,0.82290919,-1.2849289,-0.72798696,1.3963025,-0.76604306,0.47935102,0.63346588,0.0056042588,-1.6625412,0.34250197,-0.14379347
-697.23773,0.79526855,0.24158221,4,15,0,713.19082,0.42538632,2.1980876,-0.61732412,0.23311034,-0.28824832,0.14574837,-0.098980341,0.42980083,-0.17304715,0.45455516,-0.23361578,-0.93749541,-1.6334324,0.038594884,-0.67847527,1.2071245,0.67665408,0.28213013,1.6724149,2.3742707,-0.63932525,-1.4254722,0.60262266,0.72718908,0.4634401,1.3487975,1.8243834,-0.074985747,0.0048223396,-0.76195035,-0.8227276,-0.099995728,0.56203426,0.44924403
-700.47927,0.92143863,0.24158221,4,15,0,718.90998,0.33019963,2.6255876,-0.46629644,0.32154551,-0.41082088,0.31840584,-0.20631769,0.37602583,-0.071115169,0.48514893,-0.23320766,-0.66725054,-2.5713524,0.74673689,-1.2011033,-0.098723409,0.09406761,-0.27450849,0.94854744,1.1520894,-1.6723873,-1.9127717,-0.73657303,-0.16365476,-0.048653864,-1.64097,1.5697261,-0.95701373,-0.26695352,0.49007093,-1.8613809,-0.91512138,0.07963816,-1.0579946
-705.23421,0.94543362,0.24158221,4,15,0,721.32814,0.33189921,2.4928755,-0.40887915,0.3620114,-0.4255568,0.33838798,-0.21792476,0.34729953,-0.089259573,0.49211792,-0.2288006,-0.52202497,-2.7548701,0.8592865,-0.62450172,0.023645554,0.43011998,-0.1075398,1.151378,0.99177314,-1.3033626,-1.4177213,-0.62512115,-0.028778253,-0.13489266,-1.2691293,0.89816068,-0.92027303,-1.0407904,-0.064996399,-1.6321923,-0.84429263,0.79900289,-1.2375632
-697.87293,0.9844402,0.24158221,4,15,0,718.30415,0.36492154,2.4005715,-0.37719793,0.33295137,-0.41028249,0.31816665,-0.20346719,0.38107194,-0.092255375,0.44607774,-0.26808384,-0.60269172,-2.6135865,0.83068403,-0.60040955,0.28637613,0.36009545,-0.21980473,1.1538709,1.3165313,-1.2436071,-1.4254795,-0.52353169,0.02512177,0.4891075,-1.3296715,1.4457856,-0.72309485,-0.72634413,-0.15007306,-1.7017322,-0.6961438,0.66183031,-0.50118143
-695.2779,0.95876846,0.24158221,4,15,0,721.30883,0.36906445,2.4364747,-0.38516834,0.34124037,-0.40294065,0.31215722,-0.19250028,0.3831811,-0.09031951,0.45499584,-0.28580496,-0.46162895,-2.3645739,0.74924839,-0.68513117,0.35557843,0.20090632,-0.21509224,1.0718002,1.0787029,-0.92357425,-1.2668044,-0.52643155,0.0051297315,0.39499846,-1.4467456,1.7278845,-0.35905004,-1.0041823,-0.17880443,-1.8562337,-0.85916251,0.24170544,-0.53024113
-692.99766,0.83885384,0.24158221,4,15,0,716.73386,0.42992641,2.5609163,-0.85382175,0.23870488,-0.43870424,0.19108729,-0.1584312,0.34159548,-0.17524989,0.42933207,-0.20847712,-0.46170621,-1.238287,-0.036915902,-0.72691264,0.72547691,-0.021036467,-0.75579451,0.17334817,1.4608016,-1.0091967,-1.3140616,0.15473482,-0.00095555584,-0.23056054,-0.09446882,2.0761429,0.97439998,0.5049901,0.39432859,0.40589476,-0.28822988,-0.25695606,0.60863189
-696.81991,0.94174501,0.24158221,4,15,0,714.48035,0.41635985,2.4076687,-0.65086534,0.23900698,-0.38759462,0.22295634,-0.12440346,0.48791434,-0.11983366,0.44003885,-0.17669757,-1.1092811,-1.3252203,0.14709814,-0.45457437,0.61866589,0.84884436,-0.34153528,0.80288625,2.825586,-1.4111367,-1.5925198,0.21185852,0.34524759,0.18725059,1.3055009,1.8434274,0.0046550073,0.62600827,-0.55194641,-0.38262422,-1.1832164,0.86413584,0.12274206
-696.25357,0.94564706,0.24158221,4,15,0,710.35134,0.34194063,2.4261227,-0.62732339,0.25230953,-0.38411925,0.17702538,-0.17051904,0.41128547,-0.09889898,0.38933229,-0.28093285,-0.80531365,-1.3789541,-0.071390817,-0.36567396,0.73856804,0.28959025,-0.86240641,0.098108856,1.7193085,-1.3518644,-1.7825645,0.10052506,-0.26612512,0.10818278,-0.47408844,1.8426182,0.30779674,2.1386246,0.12205988,-0.52215033,-0.78282085,0.025973692,0.86505266
-693.86669,0.94171792,0.24158221,4,15,0,713.10029,0.44964784,2.1725358,-0.59641113,0.31036516,-0.38566741,0.25357594,-0.084354427,0.34573306,-0.1295703,0.41577727,-0.28206375,-1.1144424,-1.2254934,0.4136548,-0.27510608,1.5675401,0.6434897,0.42775639,2.5689475,1.9031138,-0.46024999,-1.3035887,0.60864376,0.9742391,-0.29929511,0.17928568,1.5053246,-0.76995928,-1.8815681,1.6936833,-0.96851637,-0.71737164,-0.72049228,-0.2611798
-692.02456,0.98058057,0.24158221,4,15,0,706.96617,0.40391791,2.3236169,-0.52038496,0.16668869,-0.35575784,0.22261623,-0.098137453,0.43544181,-0.074936452,0.3870458,-0.26865595,-0.70792328,-1.4734376,-0.15156218,-0.92194114,0.99786621,0.056585447,-0.019499206,1.6449717,1.4125184,-0.53927088,-1.2372401,-0.059478038,0.37372987,0.93286903,-0.6425692,2.5101939,-0.21091473,-1.4817421,0.40837812,-0.91857604,-1.1417578,0.1772534,1.1312251
-698.73108,0.80629626,0.24158221,4,15,0,712.56153,0.35307464,2.423438,-0.79200063,0.31352754,-0.43626858,0.33348888,-0.1923865,0.36119613,-0.13146352,0.338381,-0.23876175,-0.62012712,-1.286209,0.67040279,-0.63056306,0.4468745,0.5579843,-0.2220699,0.50247767,1.2520551,-0.8758566,-0.97690967,0.030025006,0.24937861,0.14136212,0.81028122,1.0546641,0.54143368,1.3855156,0.61845785,-0.30906828,-0.37088987,0.15103576,-0.97009038
-697.64947,0.94227376,0.24158221,4,15,0,711.20315,0.3857609,2.3502009,-0.40020385,0.21112504,-0.45554138,0.20499332,-0.085026702,0.41147085,-0.088711836,0.4560779,-0.21465815,-0.8336239,-1.6165214,0.27725295,-0.93124939,1.2955236,0.66537767,0.047808897,1.0861809,2.0498381,-0.86618196,-1.6388054,0.14001697,0.48882438,0.89840184,-0.80632113,0.59487312,-1.7924396,0.11840896,1.0799892,-1.735061,-0.62521065,-0.93021656,0.46809053
-701.74618,0.99551099,0.24158221,4,15,0,712.98526,0.38470369,2.3093921,-0.40867068,0.21584572,-0.43560009,0.18924265,-0.097871527,0.43846447,-0.14676182,0.47645423,-0.18842598,-1.0167569,-1.5223296,0.45430423,-0.98242187,1.3571233,0.76108577,-0.090876801,0.70240473,2.2346662,-1.0071732,-1.8421898,0.34161865,0.94532195,1.1707082,-0.27723236,0.48177231,-0.72367616,0.3401457,1.4015623,-0.75141401,-0.3275353,-0.99547013,0.1106302
-694.45124,0.980743,0.24158221,4,15,0,714.58369,0.40729568,2.296628,-0.58156239,0.20108612,-0.38592616,0.20350083,-0.11384127,0.34214682,-0.16462211,0.4232261,-0.27743182,-0.71055038,-2.35925,0.19348279,-0.61261254,1.3103695,0.71716656,-0.46282419,1.5434021,1.839611,-0.96735117,-1.1942564,-0.02096796,0.46429736,-0.2594572,0.62139714,0.13221168,0.1033078,-0.63442091,0.60745231,0.30636545,-1.1534218,-1.2748136,0.44948784
-696.8093,0.88893174,0.24158221,4,15,0,714.34133,0.42455552,2.3826471,-0.61833085,0.3269165,-0.41196235,0.26870734,-0.16969455,0.30634386,-0.037973067,0.45358875,-0.26145769,-1.1351832,-1.5517974,0.17832513,-0.84133921,0.95949102,0.72819433,0.019900274,1.7590561,2.588862,-1.7391316,-1.1035373,-0.093702939,0.37808447,0.84754478,-0.65824866,0.38360657,-0.038045018,0.25574972,0.11757542,0.16512318,-2.4165186,0.092665353,0.00040874657
-703.81194,0.95216257,0.24158221,4,15,0,715.82978,0.38225484,2.335043,-0.48978983,0.24138428,-0.3636919,0.16772293,-0.065003478,0.2906203,-0.18120321,0.42869189,-0.23279254,-0.9752508,-1.5785527,0.78636088,-0.45685297,0.70946074,0.59295548,-0.55609501,0.55499211,1.2733426,-0.89496759,-1.2801555,0.21892375,0.03329257,-0.28283021,-0.26801501,2.3202821,1.2278942,-0.7658922,0.60604862,-2.2586241,0.56341106,-0.28261811,0.77109685
-701.46207,0.99618884,0.24158221,4,15,0,717.81359,0.32425668,2.3459579,-0.43433397,0.23124274,-0.37033548,0.11644199,-0.1211543,0.3470394,-0.1862853,0.41655312,-0.21403357,-0.7299118,-1.6688861,0.50612546,-0.045011808,0.64038646,0.36706934,-0.69510931,0.44080752,1.5085201,-0.86441995,-1.2342393,-0.04960194,0.13892938,-1.1851813,-0.50732047,1.912504,0.78248483,-0.9560448,-0.035802875,-2.2282652,-0.21589719,-0.002180055,0.52211386
-703.66581,0.97697399,0.24158221,4,15,0,722.83445,0.34887652,2.3705696,-0.55970871,0.20210724,-0.28133177,0.14493838,-0.10221035,0.35725547,-0.11252235,0.43949333,-0.2245508,-0.93156877,-1.8513551,0.53527979,-0.62222955,0.64627969,0.64944641,-0.53383691,0.93032294,1.6112556,-1.8656613,-1.7009688,-0.47995592,0.065876276,0.83318418,0.79723144,2.5891158,0.75769046,0.032390962,0.84593162,-1.1668778,1.6836346,1.1355078,0.48823445
-703.13933,0.99827539,0.24158221,4,31,0,717.37802,0.38047339,2.3587304,-0.53608155,0.25088337,-0.26004132,0.17569408,-0.1076589,0.35409256,-0.06627679,0.46699956,-0.21719517,-1.0424945,-1.9845824,0.72555632,-0.80029385,0.92043722,0.78714713,-0.71157436,1.202534,1.9759267,-1.6275747,-1.361662,-0.16405467,0.37088042,1.1383412,0.80140805,1.6652055,0.74847796,-0.10109823,0.21385392,-0.87585342,1.531725,1.2230079,0.095138055
-705.78207,0.97330763,0.24158221,4,31,0,726.19481,0.39896773,2.2100031,-0.61099824,0.24028949,-0.44292822,0.22763339,-0.1268362,0.33285606,-0.15281047,0.36676163,-0.33055501,-0.94309946,-1.9160058,-0.004344741,-1.4142704,1.3522108,0.81455219,0.20915571,2.1605137,3.2010753,-0.75255427,-2.1366535,-0.22273078,1.28256,1.6704871,0.26405491,0.89196596,-0.076669952,-0.37048373,0.50189335,-0.3604145,0.83936391,-1.1443889,0.04376763
-700.82628,0.92165408,0.24158221,4,15,0,722.61952,0.43467448,2.5207538,-0.5991456,0.2075005,-0.33150108,0.27380907,-0.14388181,0.34221785,-0.21169179,0.44922085,-0.20634062,-0.91867304,-0.88159582,0.55701071,-1.0939307,0.93746876,-0.28754222,-0.43120549,1.5261704,2.335035,-0.77857842,-2.2600937,-0.082245977,0.61523701,0.22077145,-1.1280541,2.1782733,-0.13541534,-1.5809058,-0.78776075,-0.99255195,0.025107968,0.23874001,-0.63427589
-701.44768,0.98742738,0.24158221,4,31,0,718.69723,0.35305706,2.1458968,-0.49436461,0.25750584,-0.43366115,0.24013225,-0.15620161,0.33558984,-0.061895879,0.39066931,-0.23327069,-0.95116797,-1.2872872,-0.036986424,-0.8262748,0.6351546,0.91179068,1.0116514,2.2909029,2.0994871,-1.1815055,-1.5280005,-0.52601857,-0.62921237,0.6937577,0.071407933,1.2264088,-0.68113947,-0.93070483,0.82220127,-0.52585756,0.022130247,0.262396,1.3878063
-697.93392,0.84592593,0.24158221,4,15,0,723.89261,0.382611,2.2503077,-0.69524623,0.27544292,-0.35292407,0.21511452,-0.11466874,0.43343889,-0.17405813,0.39834577,-0.25400027,-1.0259727,-1.713874,0.7019174,-0.14675834,1.1703992,1.1524472,-0.054511412,1.5751232,2.4730044,-0.41992419,-1.600315,0.71256326,1.5196909,-0.1306852,-0.78545814,0.98973069,0.026994369,-1.3936179,-1.1962607,-0.35188063,-0.60906829,-0.31091392,-1.1469799
-696.24658,0.99443562,0.24158221,4,15,0,708.13845,0.37551833,2.2531607,-0.68857032,0.27733945,-0.34611256,0.21469195,-0.11837741,0.43113554,-0.16727425,0.39126623,-0.24784655,-1.0140645,-1.5783326,0.74290116,-0.20852645,0.99835349,1.0924596,-0.10813387,1.5663666,2.3466172,-0.5809376,-1.5404511,0.69778661,1.3358661,-0.098474548,-0.58652019,0.9306004,-0.17304624,-1.4137951,-1.3425809,-0.070781952,-0.33168008,-0.48791587,-0.96553156
-697.15812,0.98469856,0.24158221,4,15,0,716.21787,0.37814779,2.5240429,-0.40402184,0.23574787,-0.50158995,0.21211439,-0.14383525,0.30382538,-0.061423286,0.41166489,-0.29324045,-0.60822139,-1.8128038,-0.11341035,-1.3599238,0.1824507,0.097256501,-0.030966296,0.75806111,0.99802131,-1.333065,-1.7117534,-0.89632367,-0.6507977,-0.70165858,-0.010803946,0.78280057,-0.87648017,0.38296396,1.1264333,-0.85578942,-0.79045239,0.92987578,0.42466925
