# stan_version_major = 2
# stan_version_minor = 37
# stan_version_patch = 0
# model = survival_model
# start_datetime = 2026-03-12 12:15:08 UTC
# method = sample (Default)
#   sample
#     num_samples = 2000
#     num_warmup = 1000 (Default)
#     save_warmup = false (Default)
#     thin = 1 (Default)
#     adapt
#       engaged = true (Default)
#       gamma = 0.05 (Default)
#       delta = 0.8 (Default)
#       kappa = 0.75 (Default)
#       t0 = 10 (Default)
#       init_buffer = 75 (Default)
#       term_buffer = 50 (Default)
#       window = 25 (Default)
#       save_metric = false (Default)
#     algorithm = hmc (Default)
#       hmc
#         engine = nuts (Default)
#           nuts
#             max_depth = 10 (Default)
#         metric = dense_e
#         metric_file =  (Default)
#         stepsize = 1 (Default)
#         stepsize_jitter = 0 (Default)
#     num_chains = 1 (Default)
# id = 3
# data
#   file = /Users/dansprague/Documents/PhaseSkate/benchmarks/scaling/data/data_H25.json
# init = 2 (Default)
# random
#   seed = 42
# output
#   file = /Users/dansprague/Documents/PhaseSkate/benchmarks/scaling/stan_output/survival-20260312081508_3.csv
#   diagnostic_file =  (Default)
#   refresh = 100 (Default)
#   sig_figs = 8 (Default)
#   profile_file = profile.csv (Default)
#   save_cmdstan_config = false (Default)
# num_threads = 1 (Default)
# stanc_version = stanc3 v2.37.0
# stancflags = --filename-in-msg=survival.stan
lp__,accept_stat__,stepsize__,treedepth__,n_leapfrog__,divergent__,energy__,log_alpha,beta_0,beta.1,beta.2,beta.3,beta.4,beta.5,beta.6,beta.7,beta.8,log_sigma_int,log_sigma_slope,rho,z_int.1,z_int.2,z_int.3,z_int.4,z_int.5,z_int.6,z_int.7,z_int.8,z_int.9,z_int.10,z_int.11,z_int.12,z_int.13,z_int.14,z_int.15,z_int.16,z_int.17,z_int.18,z_int.19,z_int.20,z_int.21,z_int.22,z_int.23,z_int.24,z_int.25,z_slope.1,z_slope.2,z_slope.3,z_slope.4,z_slope.5,z_slope.6,z_slope.7,z_slope.8,z_slope.9,z_slope.10,z_slope.11,z_slope.12,z_slope.13,z_slope.14,z_slope.15,z_slope.16,z_slope.17,z_slope.18,z_slope.19,z_slope.20,z_slope.21,z_slope.22,z_slope.23,z_slope.24,z_slope.25
# Adaptation terminated
# Step size = 0.276876
# Elements of inverse mass matrix:
# 0.000977049, -0.000211945, -9.8145e-05, 5.59455e-05, -4.0373e-05, 9.81529e-05, -7.27071e-05, 6.41466e-05, -9.30201e-05, 1.84891e-05, -0.000115387, 0.000494925, -0.000515151, 0.000527059, -0.000775533, 0.000851577, -0.000370926, -0.000102509, -6.30661e-06, -4.31117e-05, 0.000410809, 0.000128643, -0.000823271, 0.000559985, -0.00063687, 0.000474189, 0.000146656, 0.00033848, -0.000671347, 0.000157745, -0.000270486, 0.000104086, 0.000490281, 9.89963e-05, 0.000217143, -0.000244006, 0.000205347, 0.000257536, 0.000690648, -0.00047402, -0.00387215, 0.00141791, -0.00207512, 0.000829022, -0.000628167, 0.00146478, 0.00109168, -3.06647e-05, 0.00017877, -0.000362558, -0.00106017, 0.000503078, 0.000550857, -0.00137333, -0.0013971, -0.00157854, 0.000832375, 0.000163092, -0.000415049, -0.000172083, -0.00100281, 0.00181538, -0.00115582
# -0.000211945, 0.0144988, 0.000138457, -0.00047651, -0.000181987, -0.000245764, 4.44654e-05, -0.000129066, 0.000233817, -0.000155767, -0.00145543, -0.000923229, 0.0103812, -0.0195989, -0.0206681, -0.0228937, -0.0218875, -0.0190163, -0.0235583, -0.0247162, -0.0259903, -0.0249758, -0.0210364, -0.0232978, -0.0251348, -0.0223115, -0.021366, -0.0164755, -0.021214, -0.0207775, -0.023879, -0.021957, -0.0207813, -0.0257196, -0.0208886, -0.0241487, -0.0193482, -0.0229798, -0.00221295, -0.00039291, 0.00195215, -0.0061909, -0.00958553, 0.000761323, -0.000281255, 0.00626482, 0.00304124, -0.00204151, 0.00382754, 0.000585706, -0.00210889, -0.00762504, -0.00556411, 0.00986278, -0.000211196, 0.00209112, 0.00201509, 0.00190752, 0.00081422, -0.00280737, 0.00693385, -0.0026015, 0.00299099
# -9.8145e-05, 0.000138457, 0.000949704, 5.33797e-05, 1.14776e-05, -2.16882e-05, -2.68466e-05, -0.000121131, 0.000117437, 1.89979e-05, -0.000142925, 0.00117531, -0.00021011, 3.59731e-05, 0.000277555, 0.000631149, -0.000723915, -0.000245482, 0.00020489, 0.00118031, 0.000938419, -0.000168082, -0.000314133, 0.000858238, 0.000548427, -0.000223898, -0.000412319, -0.000239664, 0.000707302, -0.000373258, -0.000218601, -0.00134299, -0.000371923, -0.000693168, -0.00127089, 0.0016497, 0.000640743, 0.000143608, 0.00126489, 0.00109846, -0.00194599, 0.00103061, -0.000336625, 0.000903302, -0.00188707, -0.00211292, -0.00131784, -0.000966617, -0.00234062, -0.000126238, 0.00065233, -6.99467e-05, 0.000914227, 0.00213753, -0.000365063, -0.00230656, 0.00277703, -0.00140426, 0.00156478, 0.000858264, -0.00304569, 0.00111593, 0.000223204
# 5.59455e-05, -0.00047651, 5.33797e-05, 0.000771392, 3.41583e-05, 1.30302e-05, -1.56335e-05, 2.01893e-05, -4.19529e-05, 2.51349e-05, 0.00050131, -0.000724898, -0.00247024, 0.000648292, 0.00070969, 0.00041707, -0.00054947, -0.000234448, -0.000432897, 0.0010116, 0.00116965, 0.00093944, 0.00109728, 0.00061399, 0.000840311, 0.00070152, 0.000795865, -0.000101024, -0.00045448, 0.000569324, 0.00109073, 0.00131114, 0.00105001, 0.00118064, 0.0014767, 0.000143741, -0.000126129, -0.000226232, 0.00012752, -0.000865556, 0.000258452, 0.00242293, 0.00284836, 0.00073717, -0.000291123, -0.000786521, -9.85131e-05, -0.000159784, 7.41397e-05, 0.000911922, 0.00046084, -0.00131839, -0.000568775, 0.000406937, 0.000629021, -0.000337722, -0.00157534, -0.000375827, -0.000530313, -0.00249409, 0.00211865, 0.00229616, 0.000431082
# -4.0373e-05, -0.000181987, 1.14776e-05, 3.41583e-05, 0.000813477, -4.03518e-05, -3.19773e-05, -7.37458e-05, -7.25467e-05, -1.82558e-05, 0.000115028, 0.001524, -0.000819568, 0.000673182, 0.000595351, -4.37595e-05, 0.000382934, -0.000496595, 7.33737e-05, 0.00103422, 0.00108379, 0.000768171, -0.000195291, 0.000754931, 8.45596e-05, 0.000263795, 0.00093959, -7.79107e-05, 0.00109291, 0.00055941, 0.00120282, 0.000493849, 0.00122917, 0.000375357, -0.000577125, 0.00131211, 9.11578e-05, 0.000496443, -0.00254929, -0.000268035, 0.000877528, -0.000445943, 0.00169449, -0.00231313, -0.00048969, -0.000379462, -0.00204226, 0.000668737, -0.00139839, 0.00161381, 0.000411534, -0.00190036, 0.000548585, 0.00111499, -0.000814082, 0.000132384, 0.000480413, -0.000979486, -0.00115255, 0.00225694, -0.00312904, 0.000846804, -0.000294524
# 9.81529e-05, -0.000245764, -2.16882e-05, 1.30302e-05, -4.03518e-05, 0.000691791, -2.67812e-05, 0.000103718, -5.22628e-05, -4.13832e-06, 5.82468e-05, 0.000119873, -0.000991435, 0.000526843, -0.000297695, 8.11033e-05, 0.00114834, 0.000346582, 5.24854e-06, 0.000609177, 6.94173e-05, 0.000705026, 0.000278381, -0.000668603, 0.000805172, 0.000801868, -0.00131073, 0.000469271, 0.000368432, 0.000891863, 0.000118693, -0.0008479, -0.000232625, 0.00015106, 7.39949e-05, 0.000264342, -0.000936024, 0.000494693, -3.79545e-05, -0.00114547, 0.000302325, -6.62014e-06, 0.000102974, 0.00177488, -0.00105382, 0.000408005, -0.000490793, -0.000307997, 0.00185772, 4.03055e-05, -0.00152166, 4.26936e-05, -0.00110149, -0.000526412, -0.00203444, -0.000353296, 0.000378637, 0.00122515, -0.000910133, -0.00297025, 0.0021323, 0.000610019, -0.000814402
# -7.27071e-05, 4.44654e-05, -2.68466e-05, -1.56335e-05, -3.19773e-05, -2.67812e-05, 0.000936768, -2.17451e-05, -0.00011382, -3.89383e-06, -2.81765e-05, 6.24513e-05, 0.00110451, 9.25589e-05, 0.000317984, 0.000479813, 6.57771e-05, 0.000353932, -0.000181315, -0.000882619, 0.000740009, 0.00115504, -0.00128421, -4.56618e-05, 2.39026e-05, 0.000285715, -0.000787555, 0.000493752, 0.000110507, 0.000756883, -0.000581103, -0.000349765, 0.000107967, -0.000828541, 4.49286e-05, 1.89516e-05, -0.000357607, -0.00078873, 0.00162863, -0.00110625, 0.00174401, -0.00166511, -0.00106486, -0.000328188, -0.000575894, -0.000548706, -0.000209449, 0.0017068, 8.87989e-05, -0.00121579, -0.000172884, 0.000905462, 0.000850463, -0.00236136, -0.00109444, 0.000484217, 0.00118153, -0.00141454, 0.0027117, -0.00214585, 0.000433383, 0.000564561, 0.00161749
# 6.41466e-05, -0.000129066, -0.000121131, 2.01893e-05, -7.37458e-05, 0.000103718, -2.17451e-05, 0.000713368, -5.19814e-05, 8.10457e-05, 0.000108783, -0.00176937, 0.00125901, 3.61505e-05, -0.00049214, 0.000685607, 0.000640185, 0.00115103, -0.000594756, 0.000223109, 0.000199083, 0.000253928, 0.00096349, -0.00121527, 0.000606405, 0.000307075, -0.000111579, 0.000185532, -0.000785819, 0.000849412, -0.000180674, 0.000215659, -0.000347009, 0.000444336, 0.00090825, 0.000330755, -0.00117256, -0.000138929, 0.00106757, -0.000830364, -0.000384682, -2.67282e-05, -0.00147249, 0.0024591, 0.00211394, 0.000613755, 0.000149195, 4.26039e-05, 0.0016179, 0.00161975, -0.000990088, 0.0001108, 0.00052414, 0.00286325, -0.000290325, 0.00171729, -0.00385261, 0.000198161, -0.000715084, -0.000247334, 0.00179973, -0.000486417, -0.000621753
# -9.30201e-05, 0.000233817, 0.000117437, -4.19529e-05, -7.25467e-05, -5.22628e-05, -0.00011382, -5.19814e-05, 0.000880961, -4.18787e-05, 2.4688e-05, -0.000247478, 0.00111526, -0.000291707, 0.000161897, 0.00046515, -0.000141882, -0.000143377, -0.0001112, 0.000113309, 0.00013573, -0.000414214, 0.000428552, -0.000108157, 0.000488282, -0.000372072, 0.000326505, -0.000107745, -0.000423906, -5.63866e-05, 0.000419357, 0.000356181, -0.000204676, 7.49319e-05, 0.00125496, -0.000493712, 0.000695132, -1.76119e-05, 0.000829842, -0.00142012, -0.00237688, 0.000929482, -0.000183371, -0.00118011, 0.000759921, -0.000184015, -0.000360397, -0.000551118, 0.0019466, -0.00126669, -0.000864849, 0.00055328, -0.000727649, -0.000708057, -0.000457995, -0.000690289, -0.000892565, 0.000173405, -0.00189035, -0.000702885, 0.000108967, -0.000634404, 0.000781478
# 1.84891e-05, -0.000155767, 1.89979e-05, 2.51349e-05, -1.82558e-05, -4.13832e-06, -3.89383e-06, 8.10457e-05, -4.18787e-05, 0.000760221, -0.000244953, -0.000316883, 0.00143967, 0.000641958, 0.000836877, -0.000154223, -0.000358253, 0.000248176, -0.000841139, 0.000480217, -0.000540503, 7.7028e-05, -0.000390408, -0.000691394, 0.000691607, -2.78352e-05, 0.000306874, -0.000104477, 0.000622486, -0.000789241, -3.1027e-05, -0.000464967, -0.000539135, -0.000180335, -8.64755e-05, 0.000373792, 0.000448709, 2.16886e-05, 0.000909218, -0.00277867, -0.000807193, 0.00105043, 0.000569848, 0.00246783, -0.000763619, 0.00110331, 0.00157451, 0.000946134, 0.000312964, -0.00219599, 0.00159267, -0.00296043, 0.0013655, -0.00029584, 0.00209584, 0.000348574, 0.000581651, 0.00104337, 0.00174398, -0.000181082, -0.000626801, -0.0025389, -4.47084e-05
# -0.000115387, -0.00145543, -0.000142925, 0.00050131, 0.000115028, 5.82468e-05, -2.81765e-05, 0.000108783, 2.4688e-05, -0.000244953, 0.0288765, 0.0109302, -0.0251937, 0.00353147, -0.0157421, 0.00887801, 0.00481984, -0.0212152, -0.0125405, 0.0267966, 0.0303386, 0.0566959, 0.00923019, 0.0144646, -0.00256336, -0.000850254, 0.00199099, -0.0159357, -0.0315321, 0.0010846, 0.0269004, -0.0133225, 0.0106752, 0.0235836, 0.0301534, -0.0175156, -0.0339158, 0.00613833, -0.0090461, -0.00275839, 0.00952059, -0.00379181, 0.0065722, 0.00748098, -0.00965668, 0.00365324, -0.0214799, -0.004793, 0.0106755, 0.00205436, 0.0111827, 0.00992327, 0.00324752, 0.00174922, -0.00290755, 0.00297163, 0.0128736, -0.00637521, -0.00530542, 0.00727335, -0.00614595, -0.00746779, -0.00595314
# 0.000494925, -0.000923229, 0.00117531, -0.000724898, 0.001524, 0.000119873, 6.24513e-05, -0.00176937, -0.000247478, -0.000316883, 0.0109302, 0.17483, -0.0690821, -0.00158786, -0.0178459, 0.020987, 0.0049615, -0.0157457, 0.00203694, 0.032979, 0.0131706, 0.0380486, 0.00109234, 0.0301958, 0.00981249, 0.0121861, -0.0347803, -0.000740306, 0.00542353, 0.0200854, 0.0285081, -0.0653749, 0.008531, 0.0118419, -0.0657288, 0.0185703, -0.0415379, 0.00904822, -0.0299889, 0.0221053, -0.0433694, 0.0116309, -0.00177425, 0.0133783, -0.0327996, 0.00956842, -0.0413056, -0.0122521, -0.0104821, 0.0102196, 0.00613989, 0.0737386, -0.0105916, 0.01901, -0.0481658, -0.0170267, 0.119916, -0.0243853, 0.019306, 0.102841, -0.0439221, 0.0576822, 0.00212288
# -0.000515151, 0.0103812, -0.00021011, -0.00247024, -0.000819568, -0.000991435, 0.00110451, 0.00125901, 0.00111526, 0.00143967, -0.0251937, -0.0690821, 0.441023, -0.0101334, -0.00312862, -0.0384153, -0.0135071, -0.0170503, -0.0205084, -0.0461061, -0.0268074, -0.04258, -0.0244726, -0.0523851, -0.0234884, -0.0381095, 0.0130624, -0.0230055, -0.0245912, -0.0355476, -0.023447, 0.0365954, -0.015255, -0.0250978, 0.0563866, -0.0254329, -0.00379234, -0.0237499, -0.000233023, -0.0648672, 0.022374, 0.0149602, -0.0929477, -0.0384696, 0.0996625, 0.101331, 0.234148, 0.0562554, 0.00534762, -0.0311392, -0.0122064, -0.0651057, -0.0135938, -0.06814, 0.0302317, 0.0861326, -0.118696, -0.00717792, 0.0689351, 0.0443466, -0.0469756, -0.078363, 0.0240601
# 0.000527059, -0.0195989, 3.59731e-05, 0.000648292, 0.000673182, 0.000526843, 9.25589e-05, 3.61505e-05, -0.000291707, 0.000641958, 0.00353147, -0.00158786, -0.0101334, 0.101335, 0.0314271, 0.0285048, 0.0279302, 0.0157669, 0.0295631, 0.0379446, 0.0453362, 0.0436724, 0.0295968, 0.0246615, 0.0248178, 0.0340631, 0.0327467, 0.0165758, 0.0212474, 0.0312126, 0.0385846, 0.0268671, 0.0369411, 0.0423045, 0.0328003, 0.0254015, 0.0300651, 0.0265973, -0.0425906, 0.00937771, 0.00169134, 0.0240449, 0.0323458, -0.00423359, -0.0168196, -0.012894, -0.00506459, 0.00511718, -0.0030985, -0.0102116, -0.00445192, 0.0103672, 0.0222688, -0.0113072, 0.00445501, -0.00211721, -0.0155738, -0.000540636, -0.00974334, -0.0113688, -0.00875202, -0.0172171, 0.00514975
# -0.000775533, -0.0206681, 0.000277555, 0.00070969, 0.000595351, -0.000297695, 0.000317984, -0.00049214, 0.000161897, 0.000836877, -0.0157421, -0.0178459, -0.00312862, 0.0314271, 0.149563, 0.0271388, 0.0327306, 0.0386928, 0.0343617, 0.0130745, 0.0210289, 0.000728898, 0.0368036, 0.0232396, 0.0363256, 0.0313461, 0.0340085, 0.036226, 0.0484953, 0.0351695, 0.0120734, 0.0467465, 0.0234037, 0.0297965, 0.0173823, 0.0395338, 0.0453964, 0.0370057, 0.00353682, -0.102745, 0.00209607, -0.0103887, 0.0164097, -0.00167118, -0.00277419, -0.0175473, 0.0175906, -0.005591, -0.0161728, -0.00187786, 0.00725381, 0.0295122, 0.0166018, -0.00709412, 0.0125952, 0.00129733, -0.010063, -0.00578675, -0.00144712, 0.00712349, 0.0175849, 0.0160339, -0.0108844
# 0.000851577, -0.0228937, 0.000631149, 0.00041707, -4.37595e-05, 8.11033e-05, 0.000479813, 0.000685607, 0.00046515, -0.000154223, 0.00887801, 0.020987, -0.0384153, 0.0285048, 0.0271388, 0.107539, 0.038932, 0.011036, 0.0301161, 0.0455817, 0.0546635, 0.0564853, 0.0334935, 0.0447181, 0.0452652, 0.0365168, 0.0329388, 0.0241798, 0.0268828, 0.035249, 0.0440921, 0.0331576, 0.0375098, 0.0465909, 0.0322664, 0.0447563, 0.0256013, 0.0389497, 0.0172962, 0.0160812, -0.0783694, -0.00199694, 0.0416442, 0.0079053, 0.0157885, -0.0322978, -0.0246663, -0.00714446, -0.00620372, -0.00900249, 0.0127633, 0.0117183, -0.00427517, -0.0281083, -0.0175652, -0.00217408, -0.00308439, -0.0208007, 0.00487606, 0.0139741, -0.0248807, 0.0166894, -0.00760187
# -0.000370926, -0.0218875, -0.000723915, -0.00054947, 0.000382934, 0.00114834, 6.57771e-05, 0.000640185, -0.000141882, -0.000358253, 0.00481984, 0.0049615, -0.0135071, 0.0279302, 0.0327306, 0.038932, 0.094671, 0.024062, 0.0342051, 0.0384466, 0.0466433, 0.0426915, 0.0353147, 0.0349827, 0.0387305, 0.0311753, 0.0384756, 0.0321721, 0.033291, 0.0402652, 0.0331846, 0.0310004, 0.0272496, 0.0397786, 0.0368746, 0.0359717, 0.0290988, 0.0413572, 9.85473e-05, -0.0114313, -0.0135123, -0.0858471, 0.014304, 0.00123487, 0.0157347, -0.00525917, 0.0075853, -0.0109489, 0.000975236, -0.0021682, 0.00253239, -0.00643148, 0.00172151, -0.0210741, -0.00709489, 0.0160366, 0.00642761, 0.0107248, 0.00429096, 0.00261045, -0.012505, -0.000479811, -0.00386493
# -0.000102509, -0.0190163, -0.000245482, -0.000234448, -0.000496595, 0.000346582, 0.000353932, 0.00115103, -0.000143377, 0.000248176, -0.0212152, -0.0157457, -0.0170503, 0.0157669, 0.0386928, 0.011036, 0.024062, 0.181797, 0.0505007, 0.0134221, -0.00564768, -0.013096, 0.0201789, 0.0185697, 0.0411891, 0.0291927, 0.0133024, 0.0395212, 0.0453268, 0.0368268, 0.00265216, 0.0471473, 0.0208106, 0.01259, 0.000692987, 0.0410585, 0.0451596, 0.0265208, 0.0203786, -0.00167187, 0.00693059, 0.00645715, -0.171693, -0.00823398, 0.00533164, 0.0105545, 0.0121417, 0.0248723, -0.0343694, -0.0073928, -0.0212245, 0.0227576, 0.0154143, 0.00689323, -0.0227097, 0.0151425, -0.00858783, -0.00190329, 0.014258, 0.00796751, 0.0121729, 0.0215238, 0.0067251
# -6.30661e-06, -0.0235583, 0.00020489, -0.000432897, 7.33737e-05, 5.24854e-06, -0.000181315, -0.000594756, -0.0001112, -0.000841139, -0.0125405, 0.00203694, -0.0205084, 0.0295631, 0.0343617, 0.0301161, 0.0342051, 0.0505007, 0.130843, 0.0338711, 0.0360793, 0.0155741, 0.025302, 0.0383633, 0.0459569, 0.0388919, 0.0230822, 0.029933, 0.0550163, 0.0258229, 0.0350987, 0.0334307, 0.0289222, 0.0316095, 0.0205142, 0.0508095, 0.0594343, 0.0426189, 0.00445799, 0.017612, -0.00385254, 0.0125908, 0.00874752, -0.1177, 0.0102693, -0.028686, -0.014797, 0.0216566, -0.0342045, -0.00151011, 0.00309429, 0.049368, 0.018437, -0.0127621, 0.00587376, -0.0162812, 0.0094277, -0.00816943, -0.00868919, 0.00433975, -0.000606602, -0.000246544, -0.00298698
# -4.31117e-05, -0.0247162, 0.00118031, 0.0010116, 0.00103422, 0.000609177, -0.000882619, 0.000223109, 0.000113309, 0.000480217, 0.0267966, 0.032979, -0.0461061, 0.0379446, 0.0130745, 0.0455817, 0.0384466, 0.0134221, 0.0338711, 0.142575, 0.0678123, 0.0849787, 0.0449977, 0.0483084, 0.0366204, 0.0306723, 0.0302736, 0.00689574, 0.0188936, 0.0409993, 0.071764, 0.0106852, 0.0437383, 0.0640499, 0.0489857, 0.0279697, -0.0137393, 0.0571819, -0.00859239, 0.0344939, 0.00216698, 0.02621, 0.0107988, 0.00227877, -0.103126, 0.00129873, -0.020151, 0.00401936, -0.00942065, 0.00371158, 0.0160109, 0.00460978, 0.0186743, -0.00440222, -0.0231538, -0.00424558, 0.0442702, -0.0160074, 0.00445014, 0.0352511, -0.0140272, 0.0310439, -0.0304394
# 0.000410809, -0.0259903, 0.000938419, 0.00116965, 0.00108379, 6.94173e-05, 0.000740009, 0.000199083, 0.00013573, -0.000540503, 0.0303386, 0.0131706, -0.0268074, 0.0453362, 0.0210289, 0.0546635, 0.0466433, -0.00564768, 0.0360793, 0.0678123, 0.143788, 0.101182, 0.0435237, 0.0579899, 0.049768, 0.037044, 0.042114, 0.00790408, 0.0106383, 0.0409674, 0.0698542, 0.0257613, 0.0449295, 0.0652553, 0.07209, 0.0286283, -0.00236218, 0.0429196, -0.0283207, -0.01344, 0.00305464, 0.0187182, 0.0239032, -0.00361883, 0.00907496, -0.117603, -0.035122, -0.00366517, 0.00695541, -0.00597315, 0.00275583, 0.0280581, 0.00436871, -0.016094, -0.0194676, 0.00306285, 0.00828625, 0.00185967, -0.00307188, 0.00546839, -0.04287, -0.000430511, -0.0120292
# 0.000128643, -0.0249758, -0.000168082, 0.00093944, 0.000768171, 0.000705026, 0.00115504, 0.000253928, -0.000414214, 7.7028e-05, 0.0566959, 0.0380486, -0.04258, 0.0436724, 0.000728898, 0.0564853, 0.0426915, -0.013096, 0.0155741, 0.0849787, 0.101182, 0.205684, 0.045183, 0.0695854, 0.0450362, 0.0379961, 0.0383785, -0.0144332, -0.0183447, 0.0316268, 0.0959027, 0.0042695, 0.0549951, 0.088034, 0.0888836, 0.00733907, -0.027065, 0.045684, -0.0107253, -0.031724, 0.00471725, 0.0101111, 0.0224225, 0.0167209, -0.00332241, 0.00775595, -0.129078, 0.00388369, 0.0024998, -0.0215049, 0.0114012, 0.0418102, 0.0262211, -0.0342289, -0.00156022, -0.00881664, 0.0225606, -0.030033, -0.0164778, 0.0260517, -0.0296308, -0.0357151, -0.0228357
# -0.000823271, -0.0210364, -0.000314133, 0.00109728, -0.000195291, 0.000278381, -0.00128421, 0.00096349, 0.000428552, -0.000390408, 0.00923019, 0.00109234, -0.0244726, 0.0295968, 0.0368036, 0.0334935, 0.0353147, 0.0201789, 0.025302, 0.0449977, 0.0435237, 0.045183, 0.1338, 0.0284783, 0.0353135, 0.0314119, 0.0312072, 0.0220089, 0.0123292, 0.0414225, 0.0397738, 0.0270288, 0.0289115, 0.0457992, 0.0304661, 0.0312099, 0.0136147, 0.0331055, 0.0091752, -0.00965999, 0.000813522, -0.000613129, 0.019234, -0.0039178, -0.00451194, -0.00239449, -0.00652045, -0.101781, 0.00767273, 0.0145212, 0.0193673, 0.00423923, 0.0126697, 0.0120787, -0.00938587, -0.0154574, -0.00915955, 0.00439563, -0.0098822, 0.030064, -0.00703153, -0.00534875, -0.00549424
# 0.000559985, -0.0232978, 0.000858238, 0.00061399, 0.000754931, -0.000668603, -4.56618e-05, -0.00121527, -0.000108157, -0.000691394, 0.0144646, 0.0301958, -0.0523851, 0.0246615, 0.0232396, 0.0447181, 0.0349827, 0.0185697, 0.0383633, 0.0483084, 0.0579899, 0.0695854, 0.0284783, 0.105491, 0.0377312, 0.0420538, 0.0384566, 0.0259981, 0.0208669, 0.0265511, 0.0506487, 0.0233875, 0.03589, 0.0538819, 0.0319955, 0.0314736, 0.0167457, 0.0360014, -0.0168367, 0.00526586, -0.00244155, 0.00976678, 0.0307455, 0.00199009, 0.00915473, -0.0282763, -0.0361172, -0.00521663, -0.0787354, 0.00757055, 0.0152653, 0.0131394, -0.00730082, -0.0136268, 0.0158364, -0.0104049, 0.00911246, -0.00579999, -0.00773016, 0.0160176, -0.0223729, 0.015416, 0.00745069
# -0.00063687, -0.0251348, 0.000548427, 0.000840311, 8.45596e-05, 0.000805172, 2.39026e-05, 0.000606405, 0.000488282, 0.000691607, -0.00256336, 0.00981249, -0.0234884, 0.0248178, 0.0363256, 0.0452652, 0.0387305, 0.0411891, 0.0459569, 0.0366204, 0.049768, 0.0450362, 0.0353135, 0.0377312, 0.135461, 0.0358435, 0.0431851, 0.0311978, 0.049428, 0.0416885, 0.036743, 0.0428603, 0.0358012, 0.0374084, 0.0135982, 0.0545785, 0.0416847, 0.0411914, 0.0155263, -0.0325979, -0.00763291, 0.00678152, 0.0178251, 0.00449808, 0.0282221, -0.0367569, -0.0344587, 0.00190434, 0.0210084, -0.105597, -0.0155689, -0.0071555, 0.019907, -0.0239539, -0.00827352, 0.00827137, 0.0052278, -0.00540242, 0.00430645, 0.0156137, -0.012857, 0.0195109, 0.0115136
# 0.000474189, -0.0223115, -0.000223898, 0.00070152, 0.000263795, 0.000801868, 0.000285715, 0.000307075, -0.000372072, -2.78352e-05, -0.000850254, 0.0121861, -0.0381095, 0.0340631, 0.0313461, 0.0365168, 0.0311753, 0.0291927, 0.0388919, 0.0306723, 0.037044, 0.0379961, 0.0314119, 0.0420538, 0.0358435, 0.107113, 0.0297272, 0.0198048, 0.038728, 0.0362878, 0.0407779, 0.0266135, 0.0272654, 0.0393845, 0.0258722, 0.0441208, 0.0323852, 0.0271794, 0.0232365, 0.000905138, 0.0068845, 0.0160334, 0.031132, 0.0142458, 0.000360771, -0.0160032, -0.0204219, 0.015503, -0.0127736, 0.00406287, -0.0747547, 0.0367668, 0.00609423, -0.010454, -0.00955188, -0.0314706, -0.00598982, -0.00247484, -0.00526075, -0.0100853, 0.0159925, 0.00518302, 0.0048299
# 0.000146656, -0.021366, -0.000412319, 0.000795865, 0.00093959, -0.00131073, -0.000787555, -0.000111579, 0.000326505, 0.000306874, 0.00199099, -0.0347803, 0.0130624, 0.0327467, 0.0340085, 0.0329388, 0.0384756, 0.0133024, 0.0230822, 0.0302736, 0.042114, 0.0383785, 0.0312072, 0.0384566, 0.0431851, 0.0297272, 0.127038, 0.0222772, 0.0252372, 0.0207086, 0.0353883, 0.0642072, 0.0404923, 0.0374924, 0.0563351, 0.0280835, 0.047141, 0.0288754, 0.0194548, 0.000516884, 0.000478159, -0.0121489, 0.0287802, 0.0119591, 0.0162708, -0.0130165, 0.00719563, 0.00933442, -0.00291386, -0.0130558, -0.0135381, -0.120105, 0.00851801, -0.0403907, 0.0240534, 0.0240128, -0.0556381, -0.00855205, 0.0129864, -0.0169483, -0.0118904, -0.0229891, 0.00835958
# 0.00033848, -0.0164755, -0.000239664, -0.000101024, -7.79107e-05, 0.000469271, 0.000493752, 0.000185532, -0.000107745, -0.000104477, -0.0159357, -0.000740306, -0.0230055, 0.0165758, 0.036226, 0.0241798, 0.0321721, 0.0395212, 0.029933, 0.00689574, 0.00790408, -0.0144332, 0.0220089, 0.0259981, 0.0311978, 0.0198048, 0.0222772, 0.157592, 0.0337047, 0.0362562, 0.00754162, 0.0285815, 0.0287851, 0.00768027, 0.00160936, 0.0378171, 0.0490617, 0.026778, -0.0111732, 0.00429238, -0.00730281, -0.00609459, 0.00927937, -0.00138942, 0.00184123, -0.00343413, 0.00465188, -0.0200205, -0.0270694, -0.0336436, -0.0133197, -0.0128067, -0.143128, -7.2473e-05, -0.00330527, -0.0185129, -0.0134205, 0.0097618, -0.00251619, -0.00490646, -0.0185765, 0.022998, 0.00396444
# -0.000671347, -0.021214, 0.000707302, -0.00045448, 0.00109291, 0.000368432, 0.000110507, -0.000785819, -0.000423906, 0.000622486, -0.0315321, 0.00542353, -0.0245912, 0.0212474, 0.0484953, 0.0268828, 0.033291, 0.0453268, 0.0550163, 0.0188936, 0.0106383, -0.0183447, 0.0123292, 0.0208669, 0.049428, 0.038728, 0.0252372, 0.0337047, 0.175657, 0.0304577, 0.0146071, 0.036204, 0.017915, 0.0117051, -0.0210432, 0.0608542, 0.0696085, 0.0316681, 0.00849825, 0.0164637, -0.0359924, 0.00576206, 0.0486224, 0.0102846, -0.00049123, -0.0243251, -0.0206414, 0.0139194, -0.0173058, -0.00481599, 0.00865842, 0.0196744, 0.0298712, -0.0741273, -0.0102142, -0.0298039, 0.0024293, 0.0103092, 0.00404553, 0.00824866, -0.00274189, 0.0320942, -0.000692653
# 0.000157745, -0.0207775, -0.000373258, 0.000569324, 0.00055941, 0.000891863, 0.000756883, 0.000849412, -5.63866e-05, -0.000789241, 0.0010846, 0.0200854, -0.0355476, 0.0312126, 0.0351695, 0.035249, 0.0402652, 0.0368268, 0.0258229, 0.0409993, 0.0409674, 0.0316268, 0.0414225, 0.0265511, 0.0416885, 0.0362878, 0.0207086, 0.0362562, 0.0304577, 0.137242, 0.0392485, 0.0312177, 0.0367322, 0.0366317, 0.0159226, 0.0333496, -0.00206835, 0.0303435, 0.0059508, -0.013064, -0.0127564, -0.00657961, 0.00594522, 0.00809576, -0.0241134, -0.0133492, -0.0162028, -0.00855978, 0.031073, -0.00511342, -0.00537082, 0.0292801, -0.000956408, 0.00696032, -0.128835, 0.00336734, -0.00132299, 0.00222895, -0.0071309, 0.0111274, -0.00241891, 0.0562925, -0.00441199
# -0.000270486, -0.023879, -0.000218601, 0.00109073, 0.00120282, 0.000118693, -0.000581103, -0.000180674, 0.000419357, -3.1027e-05, 0.0269004, 0.0285081, -0.023447, 0.0385846, 0.0120734, 0.0440921, 0.0331846, 0.00265216, 0.0350987, 0.071764, 0.0698542, 0.0959027, 0.0397738, 0.0506487, 0.036743, 0.0407779, 0.0353883, 0.00754162, 0.0146071, 0.0392485, 0.124496, 0.0148875, 0.0439167, 0.0698052, 0.0612661, 0.0249768, -0.00744272, 0.0468233, -0.0187746, 0.00651372, 0.00146559, 0.0223824, 0.0292388, -0.00857634, -0.0238429, 0.00444637, -0.0275764, 0.026964, -0.00325621, -0.00339005, 0.0128436, 0.0233182, 0.0221667, -0.0277301, -0.0153347, -0.0932114, 0.0164247, -0.00338766, -0.00638741, 0.0234016, -0.0243378, 8.63597e-06, -0.0117802
# 0.000104086, -0.021957, -0.00134299, 0.00131114, 0.000493849, -0.0008479, -0.000349765, 0.000215659, 0.000356181, -0.000464967, -0.0133225, -0.0653749, 0.0365954, 0.0268671, 0.0467465, 0.0331576, 0.0310004, 0.0471473, 0.0334307, 0.0106852, 0.0257613, 0.0042695, 0.0270288, 0.0233875, 0.0428603, 0.0266135, 0.0642072, 0.0285815, 0.036204, 0.0312177, 0.0148875, 0.18188, 0.0335706, 0.0345263, 0.0436007, 0.045743, 0.0638466, 0.0252686, 0.0115647, -0.0114482, 0.00381931, 0.0025453, 0.00679723, -0.00567522, 0.0211485, -0.0172346, -0.00183834, 0.0254358, -0.0245027, -0.0117709, -0.022794, -0.0474803, 0.0198331, -0.0202363, 0.0219197, 0.0369253, -0.188947, 0.0132952, 0.000339624, -0.019779, -0.0139987, -0.0194318, -0.011804
# 0.000490281, -0.0207813, -0.000371923, 0.00105001, 0.00122917, -0.000232625, 0.000107967, -0.000347009, -0.000204676, -0.000539135, 0.0106752, 0.008531, -0.015255, 0.0369411, 0.0234037, 0.0375098, 0.0272496, 0.0208106, 0.0289222, 0.0437383, 0.0449295, 0.0549951, 0.0289115, 0.03589, 0.0358012, 0.0272654, 0.0404923, 0.0287851, 0.017915, 0.0367322, 0.0439167, 0.0335706, 0.111877, 0.0410449, 0.0407024, 0.0293605, 0.0298877, 0.0310091, 0.00671695, 0.0131857, 0.0013489, 0.0243009, 0.00919581, -0.0021976, -0.025582, -0.00406829, -0.0121286, -0.00331321, 0.00508887, 0.00421402, 0.0212116, 0.00789873, -0.00363775, -0.0140057, -0.00768903, 0.00358849, -0.0179955, -0.103713, -0.0127425, 0.0216098, -0.024481, -0.0107428, 0.00224566
# 9.89963e-05, -0.0257196, -0.000693168, 0.00118064, 0.000375357, 0.00015106, -0.000828541, 0.000444336, 7.49319e-05, -0.000180335, 0.0235836, 0.0118419, -0.0250978, 0.0423045, 0.0297965, 0.0465909, 0.0397786, 0.01259, 0.0316095, 0.0640499, 0.0652553, 0.088034, 0.0457992, 0.0538819, 0.0374084, 0.0393845, 0.0374924, 0.00768027, 0.0117051, 0.0366317, 0.0698052, 0.0345263, 0.0410449, 0.121637, 0.0622357, 0.0310462, -0.00512593, 0.047673, 0.00563916, 0.00372073, 0.00145264, 0.02097, 0.033346, -0.000904704, 0.000776762, 0.00362978, -0.0224058, 0.00683249, 0.000531042, -0.00456582, 0.0167461, 0.031506, 0.024492, -0.0158231, 0.00910301, -0.0046983, -0.00845012, -0.00237588, -0.102456, 0.00999719, -0.0255627, -0.0134205, -0.0145165
# 0.000217143, -0.0208886, -0.00127089, 0.0014767, -0.000577125, 7.39949e-05, 4.49286e-05, 0.00090825, 0.00125496, -8.64755e-05, 0.0301534, -0.0657288, 0.0563866, 0.0328003, 0.0173823, 0.0322664, 0.0368746, 0.000692987, 0.0205142, 0.0489857, 0.07209, 0.0888836, 0.0304661, 0.0319955, 0.0135982, 0.0258722, 0.0563351, 0.00160936, -0.0210432, 0.0159226, 0.0612661, 0.0436007, 0.0407024, 0.0622357, 0.199987, -0.00431562, 0.0133341, 0.0321607, 0.0190137, -0.0362478, 0.0052877, 0.0104783, 0.017459, -0.0101507, 0.0414704, 0.0175697, 0.0246535, 0.00705775, 0.00399752, 0.00801891, -0.00516246, 0.00732475, 0.0234393, -0.0404114, 0.041245, 0.0123792, -0.0412895, 2.75623e-05, -0.0207269, -0.16807, -0.00780646, -0.0509823, 0.00927386
# -0.000244006, -0.0241487, 0.0016497, 0.000143741, 0.00131211, 0.000264342, 1.89516e-05, 0.000330755, -0.000493712, 0.000373792, -0.0175156, 0.0185703, -0.0254329, 0.0254015, 0.0395338, 0.0447563, 0.0359717, 0.0410585, 0.0508095, 0.0279697, 0.0286283, 0.00733907, 0.0312099, 0.0314736, 0.0545785, 0.0441208, 0.0280835, 0.0378171, 0.0608542, 0.0333496, 0.0249768, 0.045743, 0.0293605, 0.0310462, -0.00431562, 0.15137, 0.0561716, 0.0394544, 0.0323489, 0.00875416, 0.000613824, 0.0187368, 0.0308553, -0.00513691, 0.00974539, -0.0336758, -0.026967, 0.00999383, -0.00940703, -0.0166433, -0.00395826, 0.00437356, 0.0114898, -0.00789172, 0.0141276, -0.0136187, 0.0124115, -0.01128, 0.00100327, 0.00038528, -0.125333, -0.00539154, -0.00102058
# 0.000205347, -0.0193482, 0.000640743, -0.000126129, 9.11578e-05, -0.000936024, -0.000357607, -0.00117256, 0.000695132, 0.000448709, -0.0339158, -0.0415379, -0.00379234, 0.0300651, 0.0453964, 0.0256013, 0.0290988, 0.0451596, 0.0594343, -0.0137393, -0.00236218, -0.027065, 0.0136147, 0.0167457, 0.0416847, 0.0323852, 0.047141, 0.0490617, 0.0696085, -0.00206835, -0.00744272, 0.0638466, 0.0298877, -0.00512593, 0.0133341, 0.0561716, 0.264265, 0.0313388, 0.000357435, -0.0230155, -0.0253912, 0.0149261, 0.054288, -0.0202368, 0.0297078, -0.0221838, -0.00736436, 0.00698988, -0.0442442, -0.0127827, -0.0150461, -0.0119547, -0.00738609, -0.0389617, 0.0457391, -0.0161698, -0.0287, -0.0340561, 0.00433833, -0.0438553, 0.0106451, -0.193469, 0.00638965
# 0.000257536, -0.0229798, 0.000143608, -0.000226232, 0.000496443, 0.000494693, -0.00078873, -0.000138929, -1.76119e-05, 2.16886e-05, 0.00613833, 0.00904822, -0.0237499, 0.0265973, 0.0370057, 0.0389497, 0.0413572, 0.0265208, 0.0426189, 0.0571819, 0.0429196, 0.045684, 0.0331055, 0.0360014, 0.0411914, 0.0271794, 0.0288754, 0.026778, 0.0316681, 0.0303435, 0.0468233, 0.0252686, 0.0310091, 0.047673, 0.0321607, 0.0394544, 0.0313388, 0.113705, -0.00962794, -0.0391533, -0.00934901, -0.000727477, 0.0163718, -0.023338, -0.0187946, -0.0103308, 0.01234, 0.015618, 0.000678583, 0.000340037, 0.0109749, 0.0212531, 0.0155822, -0.00449396, -0.0128746, -0.00962426, 0.0111456, 0.000867512, 0.00195112, 0.0099211, -0.00961939, 0.0100223, -0.0956388
# 0.000690648, -0.00221295, 0.00126489, 0.00012752, -0.00254929, -3.79545e-05, 0.00162863, 0.00106757, 0.000829842, 0.000909218, -0.0090461, -0.0299889, -0.000233023, -0.0425906, 0.00353682, 0.0172962, 9.85473e-05, 0.0203786, 0.00445799, -0.00859239, -0.0283207, -0.0107253, 0.0091752, -0.0168367, 0.0155263, 0.0232365, 0.0194548, -0.0111732, 0.00849825, 0.0059508, -0.0187746, 0.0115647, 0.00671695, 0.00563916, 0.0190137, 0.0323489, 0.000357435, -0.00962794, 0.727888, 0.0774063, -0.0345843, -0.0757053, 0.0461188, 0.0712692, -0.0154765, 0.0651004, 0.00316241, 0.00444402, 0.0118878, -0.0649434, -0.0217608, -0.00399836, 0.0138105, -0.0255286, 0.00779554, -0.0591799, -0.012257, -0.0154361, -0.0315912, -0.0294301, 0.0368967, 0.0739901, 0.0115654
# -0.00047402, -0.00039291, 0.00109846, -0.000865556, -0.000268035, -0.00114547, -0.00110625, -0.000830364, -0.00142012, -0.00277867, -0.00275839, 0.0221053, -0.0648672, 0.00937771, -0.102745, 0.0160812, -0.0114313, -0.00167187, 0.017612, 0.0344939, -0.01344, -0.031724, -0.00965999, 0.00526586, -0.0325979, 0.000905138, 0.000516884, 0.00429238, 0.0164637, -0.013064, 0.00651372, -0.0114482, 0.0131857, 0.00372073, -0.0362478, 0.00875416, -0.0230155, -0.0391533, 0.0774063, 0.804813, -0.0127871, -0.0401321, 0.0322491, 0.000394982, -0.0400505, -0.000254262, 0.0153015, -0.00851812, -0.027701, 0.0430207, 0.00256201, -0.0529572, -0.0979846, 0.0204906, 0.0159429, -0.0491481, 0.0317395, 0.00297612, -0.0269818, 0.0266265, -0.021495, 0.0565852, 0.0679218
# -0.00387215, 0.00195215, -0.00194599, 0.000258452, 0.000877528, 0.000302325, 0.00174401, -0.000384682, -0.00237688, -0.000807193, 0.00952059, -0.0433694, 0.022374, 0.00169134, 0.00209607, -0.0783694, -0.0135123, 0.00693059, -0.00385254, 0.00216698, 0.00305464, 0.00471725, 0.000813522, -0.00244155, -0.00763291, 0.0068845, 0.000478159, -0.00730281, -0.0359924, -0.0127564, 0.00146559, 0.00381931, 0.0013489, 0.00145264, 0.0052877, 0.000613824, -0.0253912, -0.00934901, -0.0345843, -0.0127871, 0.506903, -0.00409286, -0.075534, 0.00286779, 0.0174356, -0.0163658, 0.0500973, -0.0105036, -0.00208631, 0.00815374, 0.0435887, -0.0193554, -0.0544362, 0.0485475, 0.0602645, 0.00845779, 0.000438282, 0.000693319, 0.0563883, -0.0106609, 0.011037, -0.0544433, -0.0139983
# 0.00141791, -0.0061909, 0.00103061, 0.00242293, -0.000445943, -6.62014e-06, -0.00166511, -2.67282e-05, 0.000929482, 0.00105043, -0.00379181, 0.0116309, 0.0149602, 0.0240449, -0.0103887, -0.00199694, -0.0858471, 0.00645715, 0.0125908, 0.02621, 0.0187182, 0.0101111, -0.000613129, 0.00976678, 0.00678152, 0.0160334, -0.0121489, -0.00609459, 0.00576206, -0.00657961, 0.0223824, 0.0025453, 0.0243009, 0.02097, 0.0104783, 0.0187368, 0.0149261, -0.000727477, -0.0757053, -0.0401321, -0.00409286, 0.593573, 0.0167126, 0.0428519, -0.018477, -0.00255712, -0.0674508, 0.023727, 0.00258532, 0.0437638, -0.00305822, 0.0987829, 0.0520545, -0.0372889, -0.00742368, -0.00867756, -0.0344096, -0.0302203, -0.0150258, -0.00589453, -0.00774266, -0.0422739, -0.00177639
# -0.00207512, -0.00958553, -0.000336625, 0.00284836, 0.00169449, 0.000102974, -0.00106486, -0.00147249, -0.000183371, 0.000569848, 0.0065722, -0.00177425, -0.0929477, 0.0323458, 0.0164097, 0.0416442, 0.014304, -0.171693, 0.00874752, 0.0107988, 0.0239032, 0.0224225, 0.019234, 0.0307455, 0.0178251, 0.031132, 0.0287802, 0.00927937, 0.0486224, 0.00594522, 0.0292388, 0.00679723, 0.00919581, 0.033346, 0.017459, 0.0308553, 0.054288, 0.0163718, 0.0461188, 0.0322491, -0.075534, 0.0167126, 0.753825, -0.00483467, -0.0218981, -0.0293435, -0.115729, -0.00350943, 0.0619843, -0.0110265, -0.00139388, -0.00695969, 0.024484, -0.00414405, 0.0812661, -0.0852767, 0.0234607, 0.0458927, -0.0749467, -0.0182069, -0.013498, -0.00651169, -0.0146996
# 0.000829022, 0.000761323, 0.000903302, 0.00073717, -0.00231313, 0.00177488, -0.000328188, 0.0024591, -0.00118011, 0.00246783, 0.00748098, 0.0133783, -0.0384696, -0.00423359, -0.00167118, 0.0079053, 0.00123487, -0.00823398, -0.1177, 0.00227877, -0.00361883, 0.0167209, -0.0039178, 0.00199009, 0.00449808, 0.0142458, 0.0119591, -0.00138942, 0.0102846, 0.00809576, -0.00857634, -0.00567522, -0.0021976, -0.000904704, -0.0101507, -0.00513691, -0.0202368, -0.023338, 0.0712692, 0.000394982, 0.00286779, 0.0428519, -0.00483467, 0.62511, -0.0238349, 0.0227256, -0.0265592, -0.0299421, 0.0539692, -0.0444341, -0.0366253, -0.020402, 0.000847646, -0.0161562, -0.0600585, 0.0114114, -0.0195686, 0.0153259, 0.0334845, -0.0280537, 0.0672469, -0.0122224, -0.0296656
# -0.000628167, -0.000281255, -0.00188707, -0.000291123, -0.00048969, -0.00105382, -0.000575894, 0.00211394, 0.000759921, -0.000763619, -0.00965668, -0.0327996, 0.0996625, -0.0168196, -0.00277419, 0.0157885, 0.0157347, 0.00533164, 0.0102693, -0.103126, 0.00907496, -0.00332241, -0.00451194, 0.00915473, 0.0282221, 0.000360771, 0.0162708, 0.00184123, -0.00049123, -0.0241134, -0.0238429, 0.0211485, -0.025582, 0.000776762, 0.0414704, 0.00974539, 0.0297078, -0.0187946, -0.0154765, -0.0400505, 0.0174356, -0.018477, -0.0218981, -0.0238349, 0.593542, -0.019729, 0.049119, -0.000501559, -0.0175255, 0.0230892, -0.015537, -0.0455629, -0.00958949, -0.00861067, 0.0408765, 0.0396355, -0.0728225, 0.0452086, -0.015569, -0.113972, -0.00186436, -0.0704521, 0.0345992
# 0.00146478, 0.00626482, -0.00211292, -0.000786521, -0.000379462, 0.000408005, -0.000548706, 0.000613755, -0.000184015, 0.00110331, 0.00365324, 0.00956842, 0.101331, -0.012894, -0.0175473, -0.0322978, -0.00525917, 0.0105545, -0.028686, 0.00129873, -0.117603, 0.00775595, -0.00239449, -0.0282763, -0.0367569, -0.0160032, -0.0130165, -0.00343413, -0.0243251, -0.0133492, 0.00444637, -0.0172346, -0.00406829, 0.00362978, 0.0175697, -0.0336758, -0.0221838, -0.0103308, 0.0651004, -0.000254262, -0.0163658, -0.00255712, -0.0293435, 0.0227256, -0.019729, 0.580454, 0.0829013, 0.0377317, -0.0119869, 0.00436422, 0.0772821, 0.0131757, 0.0122213, -0.0450169, -0.00825118, 0.021025, -0.00196318, -0.0180976, 0.0169694, 0.0353994, -0.0139821, -0.0160417, -0.014257
# 0.00109168, 0.00304124, -0.00131784, -9.85131e-05, -0.00204226, -0.000490793, -0.000209449, 0.000149195, -0.000360397, 0.00157451, -0.0214799, -0.0413056, 0.234148, -0.00506459, 0.0175906, -0.0246663, 0.0075853, 0.0121417, -0.014797, -0.020151, -0.035122, -0.129078, -0.00652045, -0.0361172, -0.0344587, -0.0204219, 0.00719563, 0.00465188, -0.0206414, -0.0162028, -0.0275764, -0.00183834, -0.0121286, -0.0224058, 0.0246535, -0.026967, -0.00736436, 0.01234, 0.00316241, 0.0153015, 0.0500973, -0.0674508, -0.115729, -0.0265592, 0.049119, 0.0829013, 0.695375, 0.00638517, -0.00738928, 0.0297579, 0.0293575, -0.0638692, -0.0437708, 0.0126264, 0.0467486, 0.0986024, -0.0572239, -0.00640695, 0.0514397, 0.0380333, 0.0176005, -0.0181817, 0.0369673
# -3.06647e-05, -0.00204151, -0.000966617, -0.000159784, 0.000668737, -0.000307997, 0.0017068, 4.26039e-05, -0.000551118, 0.000946134, -0.004793, -0.0122521, 0.0562554, 0.00511718, -0.005591, -0.00714446, -0.0109489, 0.0248723, 0.0216566, 0.00401936, -0.00366517, 0.00388369, -0.101781, -0.00521663, 0.00190434, 0.015503, 0.00933442, -0.0200205, 0.0139194, -0.00855978, 0.026964, 0.0254358, -0.00331321, 0.00683249, 0.00705775, 0.00999383, 0.00698988, 0.015618, 0.00444402, -0.00851812, -0.0105036, 0.023727, -0.00350943, -0.0299421, -0.000501559, 0.0377317, 0.00638517, 0.486639, 0.0370893, -0.0107757, -0.0189803, 0.00516371, 0.0330284, -0.0335277, -0.00795648, -0.0104366, 0.00554474, 0.023524, 0.00990437, 0.024436, -0.00865544, 0.00800723, -0.00746282
# 0.00017877, 0.00382754, -0.00234062, 7.41397e-05, -0.00139839, 0.00185772, 8.87989e-05, 0.0016179, 0.0019466, 0.000312964, 0.0106755, -0.0104821, 0.00534762, -0.0030985, -0.0161728, -0.00620372, 0.000975236, -0.0343694, -0.0342045, -0.00942065, 0.00695541, 0.0024998, 0.00767273, -0.0787354, 0.0210084, -0.0127736, -0.00291386, -0.0270694, -0.0173058, 0.031073, -0.00325621, -0.0245027, 0.00508887, 0.000531042, 0.00399752, -0.00940703, -0.0442442, 0.000678583, 0.0118878, -0.027701, -0.00208631, 0.00258532, 0.0619843, 0.0539692, -0.0175255, -0.0119869, -0.00738928, 0.0370893, 0.639902, -0.0512663, -0.0196047, -0.00574467, -0.038259, 0.0264606, -0.0841868, 0.0281674, 0.0073706, 0.0294033, -0.0061974, 0.00970715, 0.0318193, 0.00913374, 0.000751949
