# stan_version_major = 2
# stan_version_minor = 37
# stan_version_patch = 0
# model = survival_model
# start_datetime = 2026-03-12 18:16:45 UTC
# method = sample (Default)
#   sample
#     num_samples = 2000
#     num_warmup = 1000 (Default)
#     save_warmup = false (Default)
#     thin = 1 (Default)
#     adapt
#       engaged = true (Default)
#       gamma = 0.05 (Default)
#       delta = 0.8 (Default)
#       kappa = 0.75 (Default)
#       t0 = 10 (Default)
#       init_buffer = 75 (Default)
#       term_buffer = 50 (Default)
#       window = 25 (Default)
#       save_metric = false (Default)
#     algorithm = hmc (Default)
#       hmc
#         engine = nuts (Default)
#           nuts
#             max_depth = 10 (Default)
#         metric = dense_e
#         metric_file =  (Default)
#         stepsize = 1 (Default)
#         stepsize_jitter = 0 (Default)
#     num_chains = 1 (Default)
# id = 2
# data
#   file = /Users/dansprague/Documents/PhaseSkate/benchmarks/scaling/data/data_H25.json
# init = 2 (Default)
# random
#   seed = 42
# output
#   file = /Users/dansprague/Documents/PhaseSkate/benchmarks/scaling/stan_output/survival-20260312141645_2.csv
#   diagnostic_file =  (Default)
#   refresh = 100 (Default)
#   sig_figs = 8 (Default)
#   profile_file = profile.csv (Default)
#   save_cmdstan_config = false (Default)
# num_threads = 1 (Default)
# stanc_version = stanc3 v2.37.0
# stancflags = --filename-in-msg=survival.stan
lp__,accept_stat__,stepsize__,treedepth__,n_leapfrog__,divergent__,energy__,log_alpha,beta_0,trt_effect,beta.1,beta.2,beta.3,beta.4,beta.5,beta.6,beta.7,beta.8,log_sigma_int,log_sigma_slope,rho,z_int.1,z_int.2,z_int.3,z_int.4,z_int.5,z_int.6,z_int.7,z_int.8,z_int.9,z_int.10,z_int.11,z_int.12,z_int.13,z_int.14,z_int.15,z_int.16,z_int.17,z_int.18,z_int.19,z_int.20,z_int.21,z_int.22,z_int.23,z_int.24,z_int.25,z_slope.1,z_slope.2,z_slope.3,z_slope.4,z_slope.5,z_slope.6,z_slope.7,z_slope.8,z_slope.9,z_slope.10,z_slope.11,z_slope.12,z_slope.13,z_slope.14,z_slope.15,z_slope.16,z_slope.17,z_slope.18,z_slope.19,z_slope.20,z_slope.21,z_slope.22,z_slope.23,z_slope.24,z_slope.25
# Adaptation terminated
# Step size = 0.25842
# Elements of inverse mass matrix:
# 0.00110308, -0.000405767, 0.000704118, -6.94238e-06, 0.000100676, -0.000165618, -6.18208e-05, -0.000143658, -3.01249e-05, -6.5649e-05, 8.96891e-05, -0.00039931, 0.000915375, -0.00133856, -0.000256128, -0.00085076, 0.000227139, 0.000193746, -0.000872837, 0.000991162, 0.000139153, -0.000252838, -0.00112346, -0.000530433, 0.000386357, -0.000245121, 0.000106863, -0.000325527, -0.00156429, 0.000481444, -0.000292975, -0.000172336, -0.000939847, -0.000100536, 1.61405e-05, -0.00220274, -0.000185538, -8.59642e-05, 7.28317e-05, -0.00157856, -9.77836e-05, -0.00111529, -0.00128722, 0.00217773, -0.000723933, -0.000439686, -0.00242544, 0.000268729, 0.000917645, -0.00111347, -0.00176444, -0.000917373, -0.00184536, 5.59459e-05, -0.000726095, -0.00137388, -0.000902736, 0.00180743, -0.0024602, -0.00227239, 0.00289461, -0.00215014, 0.00275872, -0.00221058
# -0.000405767, 0.0161744, -0.00308731, 0.000131147, -3.31501e-05, 0.000712698, -8.64724e-05, -9.60805e-05, 0.000437437, 0.000577202, 0.000171534, 0.00124511, -0.00647419, -0.00323033, -0.0282914, -0.0242197, -0.0235922, -0.0226269, -0.0194135, -0.0188906, -0.0259697, -0.0240517, -0.0238169, -0.0239273, -0.0272373, -0.0228662, -0.021721, -0.0246713, -0.021699, -0.0261331, -0.0235663, -0.0251629, -0.0195171, -0.0239844, -0.0233821, -0.0171161, -0.0230762, -0.0181798, -0.024938, 0.00151948, 0.0121103, 0.00745397, 0.000437869, -0.0137973, -0.0122029, 0.00581208, 0.00730966, -0.00345097, 0.00649104, 0.00791627, 0.00421444, 0.00244773, 0.00412029, -0.00372746, 0.00406784, 0.0045695, -0.000309612, -0.00478211, 0.00476948, 0.00252498, 0.0034468, 0.00175347, -0.00703496, 0.00282451
# 0.000704118, -0.00308731, 0.00842229, -7.29112e-05, -0.000230948, -0.00015722, -0.000122045, -0.00018975, -9.37757e-05, -0.00015365, 0.000162726, -0.00190976, 0.00689661, 0.00497791, -0.00117245, 0.000496057, 0.000837691, 0.00132431, -0.00408655, 0.000764668, -0.00230783, 0.000378204, 0.000646224, 0.00111691, 0.00156102, -0.000863223, 0.00082649, -0.000378, -0.0050562, 0.00406814, 0.000217716, 0.000784222, -0.00354145, -0.000776887, 0.000480527, -0.00687547, -0.00140359, -0.00232489, 0.0043217, -0.00884695, -0.00916268, -0.0138953, -0.0166596, -0.00264101, -0.0111508, -0.00762524, -0.0163806, -0.0131201, -0.0130722, -0.0146032, -0.0123024, -0.0120457, -0.011307, -0.0101129, -0.016218, -0.0140764, -0.0092186, -0.0100426, -0.0115438, -0.0134962, -0.0071584, -0.0121001, 0.000952727, -0.0166311
# -6.94238e-06, 0.000131147, -7.29112e-05, 0.000983984, 2.99471e-06, 7.65179e-05, -1.01115e-05, -3.6029e-05, -0.000101561, 7.22205e-05, -7.36388e-05, -0.000210459, 0.00109778, -7.74874e-05, -0.000287009, 0.000240212, 0.000978344, 0.000114104, 0.000748203, 0.000527581, -0.000581265, 0.000551766, -0.000102356, -0.000424892, -0.000229994, 0.000763298, -0.00055791, -0.000482794, 0.000540563, 0.000492832, 0.000836483, 8.33179e-05, -0.000466424, 0.000354165, -0.000997015, -0.00053711, 0.00111804, 0.00109577, 0.000464003, 0.000527623, 0.000359666, -0.000748586, -0.000511651, -0.00241089, -0.000236718, 0.000867005, 0.000123631, -0.000244337, 0.00129124, 0.00161145, 0.00152152, 0.001434, 0.000162586, -0.00220508, -0.000550421, -0.000659112, -0.000337498, 0.000423789, -0.00226394, 0.00270747, 0.00111987, -0.00200694, 0.00116147, -0.000855183
# 0.000100676, -3.31501e-05, -0.000230948, 2.99471e-06, 0.000880757, 6.47948e-05, 2.88376e-05, -4.35075e-05, -0.00013417, -7.66842e-05, 5.38763e-07, 6.60682e-05, -0.000104347, 0.000723156, -0.000435339, -4.42501e-06, -0.00101185, -0.000319786, -0.000231589, -0.000584057, -3.567e-05, -3.35827e-06, -8.97364e-05, 0.000334202, -0.000346431, -0.000283289, -0.000104029, 0.000316789, -0.00116576, -0.0002241, -0.000351128, 0.000610903, -0.000133546, -0.000780187, 8.75344e-05, -0.000326852, -0.000164608, 0.00139441, -0.00177131, -0.000409757, -0.00166582, 0.00113925, 0.0015904, -0.000380746, 0.00111069, 0.00180095, 0.00142257, 0.00219936, 0.000984059, 0.00249541, 0.000928674, 0.000156257, 0.000802576, 0.00189415, -0.00138837, 0.000519226, 0.00172741, 0.00142486, 0.00185724, 0.000536521, 0.000124313, -4.76383e-05, -0.00211786, 0.00257498
# -0.000165618, 0.000712698, -0.00015722, 7.65179e-05, 6.47948e-05, 0.00114683, -1.8287e-05, -3.249e-05, -0.000129688, 4.78263e-05, -5.42309e-05, -0.000387414, 0.00147609, 0.000117705, -0.000810567, -0.000221248, -0.00106592, -0.000833031, 6.76388e-05, -0.000148979, 0.000287566, -0.000112171, -0.00138677, -0.00198861, -0.000552005, -0.000204446, -0.000577732, -0.00148564, -0.000358649, -0.000637882, 0.000185669, -0.00212357, -0.000382208, 0.00020847, -4.86331e-05, -0.00141785, 0.000508915, -0.000768897, -0.000868155, 0.00182709, 0.00101856, 0.00034776, 0.000246304, -0.000418808, -0.000858426, -0.00228344, -6.82614e-05, -0.000750103, 0.0031492, -0.000581834, -0.000154467, -0.00172789, 0.00295606, -0.000726342, 0.000893233, -0.000985976, 0.00408037, -0.000248137, -0.00052978, -0.000465468, -0.00101064, -0.00191495, -0.000563205, -0.000515105
# -6.18208e-05, -8.64724e-05, -0.000122045, -1.01115e-05, 2.88376e-05, -1.8287e-05, 0.000846483, -8.28879e-05, -1.71588e-05, 3.50948e-05, -8.06446e-05, 0.000156574, 0.000439764, -0.00407914, 0.000612512, 0.0012892, 0.000290864, 0.000384724, 0.00103787, 0.000706031, -0.000396677, -0.000607781, -0.000384076, 0.000478695, -2.87866e-05, 2.85951e-05, 0.000578273, -0.000431711, 0.000328983, 0.000959969, -0.000750044, 0.000736605, -0.000751062, -0.000290196, -0.000139676, -0.000579389, 0.00096516, 0.000246883, 0.000358475, 0.000538884, -0.00115972, -0.00115177, -0.000543187, 0.0012447, 0.000956683, -0.000469552, 0.00334888, -0.00219902, 8.72269e-05, -0.000690304, 0.000852574, 0.00123563, 0.00134009, 0.000275633, -0.000880911, 0.00116675, -0.0019566, 0.00257634, 0.000431284, 0.00153676, -0.00141165, 0.00150659, -2.3139e-06, -0.000899093
# -0.000143658, -9.60805e-05, -0.00018975, -3.6029e-05, -4.35075e-05, -3.249e-05, -8.28879e-05, 0.0008496, 2.11502e-05, -7.7122e-05, -2.13296e-05, 0.000317678, -0.000795023, -0.00110911, 0.000268489, 0.000520384, -0.000199486, -0.00015418, 0.0001787, 0.000433866, 0.000537167, 0.0012612, 0.0020757, 9.8321e-05, 0.000297774, 0.000241527, -0.000447129, -0.000366604, -7.49507e-05, -0.000145517, 0.0013165, -8.599e-05, 0.000561804, 0.000667599, -1.81453e-05, 0.00025374, 0.000642234, 0.000791331, 0.000694259, 0.00369398, 0.00193922, 0.00194265, 0.00185164, 0.000657746, 0.00200342, -0.00282357, -0.000714312, -0.000299225, -0.000422094, -0.00086242, -0.000118019, 0.00135457, 0.00251089, 0.00245873, 0.000188479, 0.000425466, 0.00205765, 0.000143175, -0.000372801, 0.00277318, -0.00281877, 0.00153574, -2.74823e-05, 0.000270859
# -3.01249e-05, 0.000437437, -9.37757e-05, -0.000101561, -0.00013417, -0.000129688, -1.71588e-05, 2.11502e-05, 0.000776464, 4.56726e-05, 3.23996e-05, -0.00012295, -0.00163168, 0.000361097, -0.000534917, -0.00116947, -0.000428224, -0.000951265, -0.00154753, -0.00024822, -0.000833465, -0.000901302, -0.000129741, 0.00015453, -0.00137244, 0.000181035, -2.64602e-05, 1.40462e-05, -3.10933e-05, -0.00081184, -0.000550046, -0.00141138, -0.000811963, -0.000532338, -0.0019879, 0.000233279, -0.000188355, 0.000173294, -0.000986973, -0.00110237, 0.00187845, 0.000395351, -0.00020113, 0.00311565, -0.00080574, 0.000190876, 0.000257009, -0.00204661, -0.00192951, 0.00108759, 0.00115506, -0.00147345, -0.00222121, -0.000491042, 0.000475224, -0.000546069, -0.00200611, 0.000437317, -0.00271157, 0.00152167, 0.000863385, 0.00154032, -0.0007226, -0.000711793
# -6.5649e-05, 0.000577202, -0.00015365, 7.22205e-05, -7.66842e-05, 4.78263e-05, 3.50948e-05, -7.7122e-05, 4.56726e-05, 0.00091516, -1.61959e-05, 0.000256918, -0.000499156, -9.73639e-05, 0.000306762, -0.000728373, -3.43413e-05, 0.000221102, -0.00119083, 0.000219594, -0.000300674, -0.000316762, -0.00134483, -0.00122594, -0.000904078, 0.000528056, -0.000870439, 0.000793313, -0.000316128, -0.000512561, 3.8644e-05, 0.000652822, 0.000367514, -0.00143387, -0.000404868, 0.000406602, -0.000597644, 5.71266e-05, 0.000211936, -0.00285753, 0.00248983, 0.000967912, -0.00241611, -0.000918053, -0.00286246, 0.00110348, 0.000483494, 0.00357794, 0.00233842, 0.00262969, 0.00137682, 0.00144082, -0.00152686, -0.00191644, -0.00127892, -0.000351228, -0.00275047, -0.000217774, 0.00129377, -0.00167954, 0.00220597, -0.000379082, -0.000902394, -0.00248363
# 8.96891e-05, 0.000171534, 0.000162726, -7.36388e-05, 5.38763e-07, -5.42309e-05, -8.06446e-05, -2.13296e-05, 3.23996e-05, -1.61959e-05, 0.000864188, -0.000278044, -0.000187785, 0.000339325, -0.000318144, -0.00103508, -0.000553525, -6.46339e-05, 0.000100177, -0.000463628, -0.000214767, -0.000755266, -0.000126713, -0.000761567, -0.000141746, -0.00043798, 0.000102899, -0.000179261, -0.00110639, -0.00137504, -0.00093644, -0.000498741, -0.00100513, -0.000572422, -0.000569228, -0.00035923, 0.00025284, 7.34122e-05, -0.000735213, 0.000955836, 0.00241509, -0.00157879, -0.000954187, -0.00174001, -0.0013257, -0.0018568, -0.000470908, 0.000418182, -0.000666362, -0.000572543, -0.000856641, -0.00123166, -0.00118828, -9.42018e-05, 0.000325303, -0.000760533, -0.00160202, 0.000947403, 0.0003384, -7.41727e-05, -0.000122345, -0.00188138, 0.0018047, -2.25495e-05
# -0.00039931, 0.00124511, -0.00190976, -0.000210459, 6.60682e-05, -0.000387414, 0.000156574, 0.000317678, -0.00012295, 0.000256918, -0.000278044, 0.0328925, -0.00580609, -0.0291556, -0.00599433, -0.0168352, 0.00722711, 0.000241825, -0.0256818, -0.0226789, 0.0188124, 0.0280034, 0.0492268, 0.0037159, 0.00197153, -0.0105518, -0.0103818, -0.0043042, -0.00956947, -0.0350603, -0.00161365, 0.0246761, -0.00550011, 0.00746685, 0.0147284, 0.027522, -0.0253687, -0.0344698, 0.00218817, 0.00712345, -0.00721753, 0.00913593, 0.0096878, -0.00509149, 0.00367515, -0.00822864, 0.00529074, 0.00160377, 0.000266828, 0.0173367, 0.00490885, 0.0101527, 0.00785496, 0.00575485, -0.00526418, 0.00241418, -0.000590128, 0.00227593, 0.010731, -0.00162009, 0.0156031, 0.015031, -0.0220741, 0.00152661
# 0.000915375, -0.00647419, 0.00689661, 0.00109778, -0.000104347, 0.00147609, 0.000439764, -0.000795023, -0.00163168, -0.000499156, -0.000187785, -0.00580609, 0.192878, -0.0916499, 0.021953, 0.00612473, 0.0203813, 0.0182086, -0.00394635, 0.0213052, 0.0100148, -0.00259163, 0.0158264, -0.0164284, 0.0391105, 0.0107894, 0.0217287, -0.015125, -0.00195087, 0.0262333, 0.0312514, 0.0415294, -0.0817676, 0.0186182, 0.0239613, -0.0978829, 0.0383244, -0.0727602, 0.0305092, -0.0377433, -0.00659399, -0.0315209, -0.0287026, 0.0248857, -0.026146, -0.0268115, -0.0136286, -0.031032, 0.00591178, -0.0549633, -0.0154383, -0.0284297, 0.0141193, 0.0142667, -0.0167811, -0.0262726, -0.0409128, 0.132929, -0.0400487, -0.0549341, 0.0849381, -0.0459679, 0.121371, -0.0285226
# -0.00133856, -0.00323033, 0.00497791, -7.74874e-05, 0.000723156, 0.000117705, -0.00407914, -0.00110911, 0.000361097, -9.73639e-05, 0.000339325, -0.0291556, -0.0916499, 0.488756, -0.0106032, -0.00870033, -0.0249533, -0.00611634, 0.0101623, -0.0186142, -0.000385531, 0.0118852, -0.0336465, 0.0258441, -0.0292815, 0.0149597, -0.0107104, 0.0279681, 0.0240957, -0.00084987, -0.0080105, -0.0468125, 0.0918323, -0.0120479, -0.0259409, 0.114918, -0.0321196, 0.0433638, -0.0199192, 0.00346923, -0.0140336, 0.0732566, 0.0150314, -0.106125, -0.0267883, 0.0796391, 0.0761028, 0.183265, -0.00203333, 0.0839437, 0.0125729, 0.00433804, -0.0596164, -0.103964, -0.0669446, -0.00616623, 0.134901, -0.180687, 0.0547981, 0.102319, -0.0752383, -0.0613131, -0.240705, 0.00643444
# -0.000256128, -0.0282914, -0.00117245, -0.000287009, -0.000435339, -0.000810567, 0.000612512, 0.000268489, -0.000534917, 0.000306762, -0.000318144, -0.00599433, 0.021953, -0.0106032, 0.154942, 0.0450798, 0.0536046, 0.0501647, 0.0591683, 0.0388662, 0.0554538, 0.042091, 0.0323315, 0.0469852, 0.061152, 0.0557231, 0.037227, 0.0525133, 0.060392, 0.0580679, 0.0609033, 0.0447281, 0.0384311, 0.0449749, 0.0433749, 0.0245272, 0.0499757, 0.045558, 0.0460495, -0.107538, -0.00337549, 0.00682317, -0.00459184, 0.0165548, 0.0304066, -0.00775434, 0.000979813, 0.0146389, -0.0111836, -0.0220591, -0.00525811, 0.0134455, 0.00472881, 0.0144825, 0.00280456, -0.0151463, 0.0127035, 0.0347987, 0.00687267, 0.0132876, 0.0145895, 0.00836019, 0.0246064, 0.0122986
# -0.00085076, -0.0242197, 0.000496057, 0.000240212, -4.42501e-06, -0.000221248, 0.0012892, 0.000520384, -0.00116947, -0.000728373, -0.00103508, -0.0168352, 0.00612473, -0.00870033, 0.0450798, 0.18808, 0.0218724, 0.0295763, 0.053234, 0.0448235, 0.0226282, 0.019684, 0.013941, 0.0220764, 0.0450685, 0.0463061, 0.0393967, 0.0469986, 0.0433925, 0.0579342, 0.0384054, 0.0337241, 0.0430558, 0.0377753, 0.0325545, 0.0223247, 0.0677576, 0.0522914, 0.0455516, 0.0199755, -0.160723, 0.0121042, 0.019511, 0.0318255, 0.0126929, 0.0249346, 0.0179925, -0.0165517, 0.0199194, -0.0345367, 0.00623494, 0.00483339, -0.00677236, 0.0142519, 0.0130784, -0.0156569, 0.00206909, 0.0263358, -0.00445767, 2.08926e-05, -0.045386, -0.0244871, 0.0210525, -0.0258507
# 0.000227139, -0.0235922, 0.000837691, 0.000978344, -0.00101185, -0.00106592, 0.000290864, -0.000199486, -0.000428224, -3.43413e-05, -0.000553525, 0.00722711, 0.0203813, -0.0249533, 0.0536046, 0.0218724, 0.131859, 0.0386582, 0.0242498, 0.0189643, 0.0497296, 0.0495929, 0.0541909, 0.0334623, 0.0418656, 0.0339833, 0.0239825, 0.0380634, 0.0211053, 0.0347361, 0.0373322, 0.0477665, 0.00704404, 0.039592, 0.0433118, 0.0324494, 0.0281104, 0.0130233, 0.0387108, 0.00159698, -0.00107862, -0.112609, -0.00505559, 0.030415, 0.037193, -0.0210496, -0.0204548, -0.0236117, 0.00163906, 0.0312822, -0.00321272, 0.013744, 0.0044501, 0.0388274, 0.0105778, -0.00230584, -0.00514863, 0.0393237, 0.00540118, 0.00123376, 0.0184764, 0.0194488, 0.0295899, 0.00915225
# 0.000193746, -0.0226269, 0.00132431, 0.000114104, -0.000319786, -0.000833031, 0.000384724, -0.00015418, -0.000951265, 0.000221102, -6.46339e-05, 0.000241825, 0.0182086, -0.00611634, 0.0501647, 0.0295763, 0.0386582, 0.11646, 0.0348305, 0.0264932, 0.0461905, 0.0355095, 0.0318557, 0.0418681, 0.0426249, 0.0350243, 0.0329701, 0.0388841, 0.0373788, 0.0326807, 0.0299851, 0.0444827, 0.0253898, 0.0409367, 0.0354088, 0.0207029, 0.0342842, 0.0333777, 0.0297492, -0.0209655, 0.023005, -0.00116295, -0.114902, 0.00191831, -8.38849e-05, -0.0171927, -0.00662368, 0.0217727, -0.0107455, 0.00405686, 0.00318376, -0.0122469, 0.00498997, -0.00279634, 0.0100013, 0.0191404, 0.00285263, 0.0278445, -0.0177564, 0.00630301, 0.0157236, 0.00503403, 0.000417938, 0.00591798
# -0.000872837, -0.0194135, -0.00408655, 0.000748203, -0.000231589, 6.76388e-05, 0.00103787, 0.0001787, -0.00154753, -0.00119083, 0.000100177, -0.0256818, -0.00394635, 0.0101623, 0.0591683, 0.053234, 0.0242498, 0.0348305, 0.202241, 0.0397606, 0.0193035, 0.00567332, -0.00209801, 0.0374561, 0.0481355, 0.0422069, 0.0294774, 0.0426182, 0.035302, 0.0685555, 0.028001, 0.00188559, 0.0421314, 0.0153157, 0.0240062, 0.0190514, 0.054665, 0.0773875, 0.0358256, -0.00222289, -0.000796671, -0.00114359, -0.000991274, -0.134687, 0.0197974, 0.0145558, -0.000969264, 0.00312423, 0.0109369, -0.0375573, 0.0114441, -0.0121889, -0.0129128, 0.0427512, 0.0104811, 0.0118996, 0.0372883, 0.00453204, 0.0141667, 0.00311807, -0.00485711, -0.0133894, -0.000900693, 0.0144687
# 0.000991162, -0.0188906, 0.000764668, 0.000527581, -0.000584057, -0.000148979, 0.000706031, 0.000433866, -0.00024822, 0.000219594, -0.000463628, -0.0226789, 0.0213052, -0.0186142, 0.0388662, 0.0448235, 0.0189643, 0.0264932, 0.0397606, 0.159799, 0.0190466, 0.00924638, -0.00842944, 0.0184667, 0.04087, 0.0439632, 0.034544, 0.0335098, 0.042426, 0.0635294, 0.0335627, 0.0220024, 0.0161142, 0.0353688, 0.00927955, -0.000857963, 0.0551667, 0.0504059, 0.041522, -0.0206777, -0.00457858, -0.00592278, 0.0016285, 0.0407589, -0.12289, -0.0315702, 0.00631319, 0.00866481, -0.000366458, -0.0306447, -0.0093431, -0.00435938, -0.00437908, -0.00550833, -0.00504231, -0.0126863, -0.0214527, 0.00817447, -0.01196, 0.0129557, -0.0228425, -0.0193403, 0.0358489, -0.0201815
# 0.000139153, -0.0259697, -0.00230783, -0.000581265, -3.567e-05, 0.000287566, -0.000396677, 0.000537167, -0.000833465, -0.000300674, -0.000214767, 0.0188124, 0.0100148, -0.000385531, 0.0554538, 0.0226282, 0.0497296, 0.0461905, 0.0193035, 0.0190466, 0.146001, 0.0567055, 0.0711822, 0.0389966, 0.0516084, 0.0442498, 0.0329996, 0.0425027, 0.0404301, 0.0184988, 0.0491622, 0.0671834, 0.0362642, 0.0526928, 0.050555, 0.0611074, 0.0258554, 0.01345, 0.047841, -0.0168066, -0.0240011, 0.0103109, 0.00700685, 0.0121871, 0.0225587, -0.10568, 0.0139385, 0.0379819, 0.00531523, 0.00881285, -0.0115494, -0.00547145, 0.0032132, 0.00460296, 0.0112782, -0.016766, 0.0107941, 0.0145795, 0.0120008, 0.00720992, 0.0156594, 0.0087389, -0.00106352, 0.0146134
# -0.000252838, -0.0240517, 0.000378204, 0.000551766, -3.35827e-06, -0.000112171, -0.000607781, 0.0012612, -0.000901302, -0.000316762, -0.000755266, 0.0280034, -0.00259163, 0.0118852, 0.042091, 0.019684, 0.0495929, 0.0355095, 0.00567332, 0.00924638, 0.0567055, 0.133107, 0.0816353, 0.044053, 0.0542762, 0.0243214, 0.0210852, 0.0479065, 0.030673, 0.00395264, 0.0393718, 0.0625729, 0.0272197, 0.0439951, 0.0507624, 0.0684158, 0.0128781, 0.0028442, 0.0342658, 0.00888038, -0.0160801, -0.00434988, 0.0146033, 0.00276639, 0.0164146, -0.00100402, -0.0869794, 0.0297829, -0.0103935, -0.00242124, 0.0193326, -0.000577502, -0.0167293, 0.011948, -0.0149533, -0.0216792, 0.032965, 0.0250094, 0.0285448, 0.0148117, 0.00574884, -0.000371563, -0.027613, 0.0189292
# -0.00112346, -0.0238169, 0.000646224, -0.000102356, -8.97364e-05, -0.00138677, -0.000384076, 0.0020757, -0.000129741, -0.00134483, -0.000126713, 0.0492268, 0.0158264, -0.0336465, 0.0323315, 0.013941, 0.0541909, 0.0318557, -0.00209801, -0.00842944, 0.0711822, 0.0816353, 0.187326, 0.03962, 0.050013, 0.0209718, 0.0204074, 0.0345833, 0.020222, -0.0221207, 0.0404637, 0.0825751, 0.0312707, 0.0571095, 0.0583565, 0.0652569, -0.00312368, -0.0316759, 0.0488609, 0.0403368, -0.0294426, 0.00502523, 0.0287931, 0.00949481, 0.0262931, -0.0204689, 0.00958424, -0.0761347, -0.0102106, 0.00227589, 0.0131246, 0.00792509, 0.0130651, 0.0339493, -0.0112652, 0.000703153, 0.0119906, 0.00386554, -0.0110011, 0.00740589, 0.0180113, 0.0225494, -0.0105281, 0.00288336
# -0.000530433, -0.0239273, 0.00111691, -0.000424892, 0.000334202, -0.00198861, 0.000478695, 9.8321e-05, 0.00015453, -0.00122594, -0.000761567, 0.0037159, -0.0164284, 0.0258441, 0.0469852, 0.0220764, 0.0334623, 0.0418681, 0.0374561, 0.0184667, 0.0389966, 0.044053, 0.03962, 0.160336, 0.0379592, 0.0231768, 0.0248538, 0.0352346, 0.0381453, 0.0356462, 0.0424059, 0.0381304, 0.0386489, 0.0384269, 0.0316375, 0.051005, 0.0305321, 0.0178617, 0.0326889, -0.0124287, -0.00437148, 0.00500565, -0.00139978, -0.00271122, 0.0159787, 0.00419717, 0.00567332, 0.0287556, -0.137981, -0.00757809, 0.00812768, -0.005982, -0.00723979, 0.00985095, -0.0084428, -0.0235031, 0.0248924, -0.0190145, -0.0017304, 0.0210596, -0.00342861, 0.00630664, -0.000231298, -0.00646752
# 0.000386357, -0.0272373, 0.00156102, -0.000229994, -0.000346431, -0.000552005, -2.87866e-05, 0.000297774, -0.00137244, -0.000904078, -0.000141746, 0.00197153, 0.0391105, -0.0292815, 0.061152, 0.0450685, 0.0418656, 0.0426249, 0.0481355, 0.04087, 0.0516084, 0.0542762, 0.050013, 0.0379592, 0.149097, 0.0499217, 0.0364703, 0.0430781, 0.0384941, 0.0338684, 0.0515725, 0.0529077, 0.013852, 0.0499777, 0.0531273, 0.0254687, 0.0492382, 0.0256708, 0.0489411, 0.00389972, -0.0256672, 0.00751096, 0.0212999, 0.0265756, 0.00161825, -0.011673, -0.0135474, 0.0140169, 0.0105519, -0.150822, -0.0110006, -0.00547384, -0.0139486, 0.024729, 0.0167592, -0.0135459, 0.0188498, 0.0570281, 0.0128294, -0.0151437, 0.00168512, -0.0148298, 0.0302205, -0.000882573
# -0.000245121, -0.0228662, -0.000863223, 0.000763298, -0.000283289, -0.000204446, 2.85951e-05, 0.000241527, 0.000181035, 0.000528056, -0.00043798, -0.0105518, 0.0107894, 0.0149597, 0.0557231, 0.0463061, 0.0339833, 0.0350243, 0.0422069, 0.0439632, 0.0442498, 0.0243214, 0.0209718, 0.0231768, 0.0499217, 0.178824, 0.0503807, 0.0466751, 0.0530295, 0.0383149, 0.0490362, 0.033417, 0.0410307, 0.0414796, 0.0438448, 0.0223128, 0.0515187, 0.057567, 0.0517181, -0.0233563, 0.000134987, 0.0181976, -0.00484159, 0.00172152, 0.0108774, 0.019941, 0.00454604, 0.0340684, 0.021229, 2.22424e-05, -0.172147, -0.0254214, -0.0119107, -0.018268, 0.0129605, 0.0128964, -0.0138542, 0.00240971, -0.0103549, 0.00379283, 0.00875082, -0.0121749, -0.0131267, -0.00910032
# 0.000106863, -0.021721, 0.00082649, -0.00055791, -0.000104029, -0.000577732, 0.000578273, -0.000447129, -2.64602e-05, -0.000870439, 0.000102899, -0.0103818, 0.0217287, -0.0107104, 0.037227, 0.0393967, 0.0239825, 0.0329701, 0.0294774, 0.034544, 0.0329996, 0.0210852, 0.0204074, 0.0248538, 0.0364703, 0.0503807, 0.157349, 0.0318051, 0.0423647, 0.0548441, 0.0301283, 0.0238222, 0.0363494, 0.0339258, 0.0342699, 0.0038358, 0.0500028, 0.0350588, 0.038589, 0.0103643, 0.000423747, -0.0173876, 0.0170041, 0.0523353, 0.0243603, 0.013238, -0.00287085, 0.000430609, -0.0142554, 0.00772584, -0.0111103, -0.161501, 0.00307805, 0.0105838, 0.00191616, 0.0197089, 0.0139105, -0.00786625, -0.00848787, -0.000917876, 0.0299302, -0.019013, 0.0241871, -0.0176362
# -0.000325527, -0.0246713, -0.000378, -0.000482794, 0.000316789, -0.00148564, -0.000431711, -0.000366604, 1.40462e-05, 0.000793313, -0.000179261, -0.0043042, -0.015125, 0.0279681, 0.0525133, 0.0469986, 0.0380634, 0.0388841, 0.0426182, 0.0335098, 0.0425027, 0.0479065, 0.0345833, 0.0352346, 0.0430781, 0.0466751, 0.0318051, 0.150155, 0.0338834, 0.0363036, 0.0386529, 0.0434672, 0.0437442, 0.0344233, 0.0369267, 0.052335, 0.0333605, 0.0452039, 0.0297308, -0.00929701, -0.0232105, 0.0204283, -0.00568797, 0.00655273, 0.00111079, 0.000466999, -0.00351256, 0.0340506, 0.00671954, 0.0152875, -0.0039383, 0.0219028, -0.162874, 0.0163464, -0.00808026, 0.00404115, -0.0149814, -0.0105046, 0.0190943, -0.00410437, 0.00571553, 0.00726539, 0.00699208, 0.0292644
# -0.00156429, -0.021699, -0.0050562, 0.000540563, -0.00116576, -0.000358649, 0.000328983, -7.49507e-05, -3.10933e-05, -0.000316128, -0.00110639, -0.00956947, -0.00195087, 0.0240957, 0.060392, 0.0433925, 0.0211053, 0.0373788, 0.035302, 0.042426, 0.0404301, 0.030673, 0.020222, 0.0381453, 0.0384941, 0.0530295, 0.0423647, 0.0338834, 0.179908, 0.0507553, 0.0476047, 0.0245905, 0.0497247, 0.038276, 0.0362649, 0.0351197, 0.0388585, 0.0302329, 0.0385014, -0.0388685, 0.0121478, 0.0146655, -0.0125183, 0.0189338, -0.00270334, 0.0254191, 0.0215567, 0.0274046, -0.00225503, 0.00682519, 0.0114564, -0.00317409, 0.0058798, -0.199827, 0.0179074, -0.00617591, 0.0293382, 0.00551409, 0.0225942, 0.0110836, 0.00151809, 0.00995955, 0.0306841, 0.0110497
# 0.000481444, -0.0261331, 0.00406814, 0.000492832, -0.0002241, -0.000637882, 0.000959969, -0.000145517, -0.00081184, -0.000512561, -0.00137504, -0.0350603, 0.0262333, -0.00084987, 0.0580679, 0.0579342, 0.0347361, 0.0326807, 0.0685555, 0.0635294, 0.0184988, 0.00395264, -0.0221207, 0.0356462, 0.0338684, 0.0383149, 0.0548441, 0.0363036, 0.0507553, 0.185866, 0.0469644, 0.0101163, 0.0318419, 0.0334368, 0.0216659, -0.0084305, 0.0683357, 0.0301678, 0.0527315, -0.00919049, -0.00355614, -0.0332308, -0.00219827, 0.0267743, 0.028567, 0.0064463, -0.0227752, -0.00790538, -0.0142663, -0.0156137, -0.0100248, -0.0124305, 0.000955864, 0.011146, -0.0997079, -0.00319279, 0.0100692, 0.00767253, -0.000468997, -0.00543373, -0.0229328, -0.0156139, 0.079385, -0.0171445
# -0.000292975, -0.0235663, 0.000217716, 0.000836483, -0.000351128, 0.000185669, -0.000750044, 0.0013165, -0.000550046, 3.8644e-05, -0.00093644, -0.00161365, 0.0312514, -0.0080105, 0.0609033, 0.0384054, 0.0373322, 0.0299851, 0.028001, 0.0335627, 0.0491622, 0.0393718, 0.0404637, 0.0424059, 0.0515725, 0.0490362, 0.0301283, 0.0386529, 0.0476047, 0.0469644, 0.162788, 0.0400909, 0.0349022, 0.0534734, 0.038592, 0.0154296, 0.0483114, 0.0209997, 0.0467078, -0.00213608, 0.00299657, -0.0205945, 0.0147631, 0.0334877, 0.0231557, -0.0138885, -0.00308972, 0.00874347, -0.0110765, -0.00371984, -0.0248237, -0.000559154, -0.00156617, -0.0110831, -0.0180583, -0.17162, 0.0119444, 0.016147, -0.00941887, -0.00229622, -0.00834034, -0.0174374, 0.0202017, -0.0320881
# -0.000172336, -0.0251629, 0.000784222, 8.33179e-05, 0.000610903, -0.00212357, 0.000736605, -8.599e-05, -0.00141138, 0.000652822, -0.000498741, 0.0246761, 0.0415294, -0.0468125, 0.0447281, 0.0337241, 0.0477665, 0.0444827, 0.00188559, 0.0220024, 0.0671834, 0.0625729, 0.0825751, 0.0381304, 0.0529077, 0.033417, 0.0238222, 0.0434672, 0.0245905, 0.0101163, 0.0400909, 0.159152, 0.0106468, 0.0371182, 0.0519657, 0.0343174, 0.00977235, -0.0207628, 0.0462663, 0.0179106, -0.0462357, -0.00139035, -0.00660595, 0.0309212, 0.0140324, -0.0363357, 0.000570706, 0.00921869, 0.00662235, -0.000333522, 0.0157139, 0.00669406, 0.00319277, 0.0204563, -0.0091843, -0.00959493, -0.140955, 0.045116, 0.0179306, -0.000335363, 0.0344474, 0.0350964, 0.0312086, 0.0148773
# -0.000939847, -0.0195171, -0.00354145, -0.000466424, -0.000133546, -0.000382208, -0.000751062, 0.000561804, -0.000811963, 0.000367514, -0.00100513, -0.00550011, -0.0817676, 0.0918323, 0.0384311, 0.0430558, 0.00704404, 0.0253898, 0.0421314, 0.0161142, 0.0362642, 0.0272197, 0.0312707, 0.0386489, 0.013852, 0.0410307, 0.0363494, 0.0437442, 0.0497247, 0.0318419, 0.0349022, 0.0106468, 0.207164, 0.0364118, 0.0283749, 0.0794026, 0.015043, 0.0637397, 0.0217745, 0.0389233, -0.00934614, 0.048603, 0.0191974, 0.0146239, 0.0188755, 0.0250571, 0.032218, 0.0375109, -0.000423139, 0.0121601, 0.00336616, -0.0087266, 0.024541, 0.00921914, -0.00715153, 0.00193065, 0.0404149, -0.211637, 0.00767949, 0.0290754, -0.0285993, 0.0280947, -0.0582218, 0.0113614
# -0.000100536, -0.0239844, -0.000776887, 0.000354165, -0.000780187, 0.00020847, -0.000290196, 0.000667599, -0.000532338, -0.00143387, -0.000572422, 0.00746685, 0.0186182, -0.0120479, 0.0449749, 0.0377753, 0.039592, 0.0409367, 0.0153157, 0.0353688, 0.0526928, 0.0439951, 0.0571095, 0.0384269, 0.0499777, 0.0414796, 0.0339258, 0.0344233, 0.038276, 0.0334368, 0.0534734, 0.0371182, 0.0364118, 0.138728, 0.0351961, 0.0282342, 0.0383482, 0.0251793, 0.0420902, 0.0184058, -0.00590558, 0.00288218, -0.0127136, 0.0362408, 0.021727, -0.0213255, 0.0180143, -0.010263, -0.0102997, 0.00182573, -0.00911327, -0.000169368, 0.00350063, 0.00365447, 0.0181202, -0.00693606, 0.0252717, -0.00886438, -0.127404, 0.00544218, 0.00523344, 0.0056031, 0.00696196, -0.00115323
# 1.61405e-05, -0.0233821, 0.000480527, -0.000997015, 8.75344e-05, -4.86331e-05, -0.000139676, -1.81453e-05, -0.0019879, -0.000404868, -0.000569228, 0.0147284, 0.0239613, -0.0259409, 0.0433749, 0.0325545, 0.0433118, 0.0354088, 0.0240062, 0.00927955, 0.050555, 0.0507624, 0.0583565, 0.0316375, 0.0531273, 0.0438448, 0.0342699, 0.0369267, 0.0362649, 0.0216659, 0.038592, 0.0519657, 0.0283749, 0.0351961, 0.122913, 0.0398469, 0.0203445, 0.000611441, 0.0412682, 0.0013792, -0.0193248, 0.00201474, 0.00440267, 0.0202864, 0.0247125, -0.00502394, 0.00273172, 0.0258648, -0.00694556, -0.0216633, -0.0258509, -0.0127545, 0.0106749, 0.00490327, 0.0118909, 0.00464524, -0.00145282, 0.0042158, 0.0116928, -0.106159, 0.0182516, 0.00933541, 0.0233334, -0.0305616
# -0.00220274, -0.0171161, -0.00687547, -0.00053711, -0.000326852, -0.00141785, -0.000579389, 0.00025374, 0.000233279, 0.000406602, -0.00035923, 0.027522, -0.0978829, 0.114918, 0.0245272, 0.0223247, 0.0324494, 0.0207029, 0.0190514, -0.000857963, 0.0611074, 0.0684158, 0.0652569, 0.051005, 0.0254687, 0.0223128, 0.0038358, 0.052335, 0.0351197, -0.0084305, 0.0154296, 0.0343174, 0.0794026, 0.0282342, 0.0398469, 0.231047, -0.017054, 0.0366299, 0.0274526, 0.0225184, -0.020826, 0.0385444, 0.0352269, -0.0279508, 0.0149198, 0.0310705, 0.0458483, 0.0853284, -0.00782202, 0.0333704, 0.0326897, 0.0229269, -0.00299117, -0.0244107, -0.00177444, 0.00293148, 0.0393457, -0.0654303, 0.0691033, 0.0455269, -0.181904, 0.00282068, -0.112831, -0.00687182
# -0.000185538, -0.0230762, -0.00140359, 0.00111804, -0.000164608, 0.000508915, 0.00096516, 0.000642234, -0.000188355, -0.000597644, 0.00025284, -0.0253687, 0.0383244, -0.0321196, 0.0499757, 0.0677576, 0.0281104, 0.0342842, 0.054665, 0.0551667, 0.0258554, 0.0128781, -0.00312368, 0.0305321, 0.0492382, 0.0515187, 0.0500028, 0.0333605, 0.0388585, 0.0683357, 0.0483114, 0.00977235, 0.015043, 0.0383482, 0.0203445, -0.017054, 0.165959, 0.0479424, 0.0398729, -0.000875015, -0.0174443, -0.0182716, 0.000488775, 0.0425804, 0.0259395, -0.00117535, -8.17537e-06, -0.0220775, 0.00716105, -0.0434897, -0.00865689, -0.00839683, 0.0164004, 0.0367392, 0.018245, -0.0158847, 0.0271607, 0.0657385, -0.0275012, 0.0129039, 0.0179351, -0.116952, 0.0541837, -0.0196069
# -8.59642e-05, -0.0181798, -0.00232489, 0.00109577, 0.00139441, -0.000768897, 0.000246883, 0.000791331, 0.000173294, 5.71266e-05, 7.34122e-05, -0.0344698, -0.0727602, 0.0433638, 0.045558, 0.0522914, 0.0130233, 0.0333777, 0.0773875, 0.0504059, 0.01345, 0.0028442, -0.0316759, 0.0178617, 0.0256708, 0.057567, 0.0350588, 0.0452039, 0.0302329, 0.0301678, 0.0209997, -0.0207628, 0.0637397, 0.0251793, 0.000611441, 0.0366299, 0.0479424, 0.328985, 0.00169142, -0.0113562, 0.0108237, 0.0169877, -9.74724e-05, 0.0362537, 0.0247311, 0.0123957, 0.00351238, 0.0280667, 0.00382397, -0.0144636, -0.018178, 0.0256651, -0.00232416, 0.0158422, 0.0146207, 0.0102539, 0.0152255, -0.0128401, -0.0353343, 0.013432, -0.0462126, 0.0279073, -0.266936, 0.034767
# 7.28317e-05, -0.024938, 0.0043217, 0.000464003, -0.00177131, -0.000868155, 0.000358475, 0.000694259, -0.000986973, 0.000211936, -0.000735213, 0.00218817, 0.0305092, -0.0199192, 0.0460495, 0.0455516, 0.0387108, 0.0297492, 0.0358256, 0.041522, 0.047841, 0.0342658, 0.0488609, 0.0326889, 0.0489411, 0.0517181, 0.038589, 0.0297308, 0.0385014, 0.0527315, 0.0467078, 0.0462663, 0.0217745, 0.0420902, 0.0412682, 0.0274526, 0.0398729, 0.00169142, 0.130584, 0.00509234, -0.0146792, -0.00704081, 0.0121197, 0.00928746, 0.0278888, -0.0310674, -0.000854734, 0.00190938, -0.00661908, -0.00884165, -0.012368, 0.0081074, 0.0112257, 0.00334673, 0.004506, -0.0201041, 0.0036581, 0.0167626, -0.0134719, -0.00745755, -0.018841, -0.00803346, 0.0533202, -0.126195
# -0.00157856, 0.00151948, -0.00884695, 0.000527623, -0.000409757, 0.00182709, 0.000538884, 0.00369398, -0.00110237, -0.00285753, 0.000955836, 0.00712345, -0.0377433, 0.00346923, -0.107538, 0.0199755, 0.00159698, -0.0209655, -0.00222289, -0.0206777, -0.0168066, 0.00888038, 0.0403368, -0.0124287, 0.00389972, -0.0233563, 0.0103643, -0.00929701, -0.0388685, -0.00919049, -0.00213608, 0.0179106, 0.0389233, 0.0184058, 0.0013792, 0.0225184, -0.000875015, -0.0113562, 0.00509234, 0.797456, -0.039672, 0.0114977, 0.09583, 0.0802491, 0.0474221, -0.014425, 0.0392646, -0.0626551, -0.0121477, -0.00187938, 0.0780794, -0.00802575, 0.0247546, 0.132146, -0.0154453, 0.0293493, 0.0134722, -0.0682789, -0.0575609, 0.0316425, -0.00757359, 0.0221762, 0.0419756, -0.00926383
# -9.77836e-05, 0.0121103, -0.00916268, 0.000359666, -0.00166582, 0.00101856, -0.00115972, 0.00193922, 0.00187845, 0.00248983, 0.00241509, -0.00721753, -0.00659399, -0.0140336, -0.00337549, -0.160723, -0.00107862, 0.023005, -0.000796671, -0.00457858, -0.0240011, -0.0160801, -0.0294426, -0.00437148, -0.0256672, 0.000134987, 0.000423747, -0.0232105, 0.0121478, -0.00355614, 0.00299657, -0.0462357, -0.00934614, -0.00590558, -0.0193248, -0.020826, -0.0174443, 0.0108237, -0.0146792, -0.039672, 0.650581, -0.00981054, -0.0657538, -0.0111637, 0.0254706, -0.00294595, -0.055514, 0.0169118, 0.00249865, 0.0479117, -0.0316909, -0.0296849, 0.00584282, -0.0769845, 0.0508579, 0.00691009, 0.02631, 0.0473857, -0.0100874, 0.0266772, 0.0239978, 0.0593128, 0.0225114, 0.0161762
# -0.00111529, 0.00745397, -0.0138953, -0.000748586, 0.00113925, 0.00034776, -0.00115177, 0.00194265, 0.000395351, 0.000967912, -0.00157879, 0.00913593, -0.0315209, 0.0732566, 0.00682317, 0.0121042, -0.112609, -0.00116295, -0.00114359, -0.00592278, 0.0103109, -0.00434988, 0.00502523, 0.00500565, 0.00751096, 0.0181976, -0.0173876, 0.0204283, 0.0146655, -0.0332308, -0.0205945, -0.00139035, 0.048603, 0.00288218, 0.00201474, 0.0385444, -0.0182716, 0.0169877, -0.00704081, 0.0114977, -0.00981054, 0.57099, 0.0748476, -0.0236426, -0.0419474, 0.0177909, 0.068599, 0.100996, 0.0324007, -0.00594867, 0.0131111, 0.00982893, -0.0284655, -0.00981917, -0.0155264, 0.036598, 0.0171553, -0.0589233, 0.0497212, 0.023358, -0.00897461, 0.010169, -0.0670388, 0.0413127
# -0.00128722, 0.000437869, -0.0166596, -0.000511651, 0.0015904, 0.000246304, -0.000543187, 0.00185164, -0.00020113, -0.00241611, -0.000954187, 0.0096878, -0.0287026, 0.0150314, -0.00459184, 0.019511, -0.00505559, -0.114902, -0.000991274, 0.0016285, 0.00700685, 0.0146033, 0.0287931, -0.00139978, 0.0212999, -0.00484159, 0.0170041, -0.00568797, -0.0125183, -0.00219827, 0.0147631, -0.00660595, 0.0191974, -0.0127136, 0.00440267, 0.0352269, 0.000488775, -9.74724e-05, 0.0121197, 0.09583, -0.0657538, 0.0748476, 0.560268, 0.0598238, 0.0790216, -0.000833576, 0.0749885, 0.00295472, 0.0361799, -0.0353612, 0.00460999, 0.0123849, 0.0397013, 0.0894789, 0.0411716, -0.0417315, 0.0494061, -0.0122203, 0.0659435, 0.0658929, -0.018211, 0.0580074, -0.00927951, -0.0063458
# 0.00217773, -0.0137973, -0.00264101, -0.00241089, -0.000380746, -0.000418808, 0.0012447, 0.000657746, 0.00311565, -0.000918053, -0.00174001, -0.00509149, 0.0248857, -0.106125, 0.0165548, 0.0318255, 0.030415, 0.00191831, -0.134687, 0.0407589, 0.0121871, 0.00276639, 0.00949481, -0.00271122, 0.0265756, 0.00172152, 0.0523353, 0.00655273, 0.0189338, 0.0267743, 0.0334877, 0.0309212, 0.0146239, 0.0362408, 0.0202864, -0.0279508, 0.0425804, 0.0362537, 0.00928746, 0.0802491, -0.0111637, -0.0236426, 0.0598238, 0.675785, 0.0520561, -0.0555184, -0.0447798, -0.0480081, -0.00844386, -0.00670854, 0.0517965, 0.0189985, 0.0292666, 0.0670329, 0.0133152, -0.0413691, -0.0959971, 0.0940017, -0.0265002, 0.00215419, -0.00409069, 0.0642518, 0.0787124, 0.0174058
# -0.000723933, -0.0122029, -0.0111508, -0.000236718, 0.00111069, -0.000858426, 0.000956683, 0.00200342, -0.00080574, -0.00286246, -0.0013257, 0.00367515, -0.026146, -0.0267883, 0.0304066, 0.0126929, 0.037193, -8.38849e-05, 0.0197974, -0.12289, 0.0225587, 0.0164146, 0.0262931, 0.0159787, 0.00161825, 0.0108774, 0.0243603, 0.00111079, -0.00270334, 0.028567, 0.0231557, 0.0140324, 0.0188755, 0.021727, 0.0247125, 0.0149198, 0.0259395, 0.0247311, 0.0278888, 0.0474221, 0.0254706, -0.0419474, 0.0790216, 0.0520561, 0.667575, 0.0325442, -0.0589955, -0.00279407, 0.0347965, 0.0500679, 0.0405748, 0.057667, 0.110438, 0.0700369, 0.0255388, 0.0700615, 0.0664068, 0.102742, -0.0486671, 0.0547853, 0.0299468, 0.0641814, -0.0449241, 0.0401332
# -0.000439686, 0.00581208, -0.00762524, 0.000867005, 0.00180095, -0.00228344, -0.000469552, -0.00282357, 0.000190876, 0.00110348, -0.0018568, -0.00822864, -0.0268115, 0.0796391, -0.00775434, 0.0249346, -0.0210496, -0.0171927, 0.0145558, -0.0315702, -0.10568, -0.00100402, -0.0204689, 0.00419717, -0.011673, 0.019941, 0.013238, 0.000466999, 0.0254191, 0.0064463, -0.0138885, -0.0363357, 0.0250571, -0.0213255, -0.00502394, 0.0310705, -0.00117535, 0.0123957, -0.0310674, -0.014425, -0.00294595, 0.0177909, -0.000833576, -0.0555184, 0.0325442, 0.551997, 0.0120461, 0.0430294, -0.0101739, 0.0385058, -0.00736503, -0.00422077, -0.00274772, -0.0529569, -0.0320715, 0.0254334, 0.0855868, -0.00324094, 0.0439657, 0.0462248, 0.000390381, -0.0396313, -0.10498, 0.045736
# -0.00242544, 0.00730966, -0.0163806, 0.000123631, 0.00142257, -6.82614e-05, 0.00334888, -0.000714312, 0.000257009, 0.000483494, -0.000470908, 0.00529074, -0.0136286, 0.0761028, 0.000979813, 0.0179925, -0.0204548, -0.00662368, -0.000969264, 0.00631319, 0.0139385, -0.0869794, 0.00958424, 0.00567332, -0.0135474, 0.00454604, -0.00287085, -0.00351256, 0.0215567, -0.0227752, -0.00308972, 0.000570706, 0.032218, 0.0180143, 0.00273172, 0.0458483, -8.17537e-06, 0.00351238, -0.000854734, 0.0392646, -0.055514, 0.068599, 0.0749885, -0.0447798, -0.0589955, 0.0120461, 0.512204, 0.0821619, 0.0034908, 0.0413689, 0.0268212, 0.084112, 0.0307551, -0.0671342, -0.0180402, 0.0471133, 0.0292638, -0.0351883, -0.013546, 0.0289941, 0.040166, 0.0016894, -0.0524875, -0.0649998
# 0.000268729, -0.00345097, -0.0131201, -0.000244337, 0.00219936, -0.000750103, -0.00219902, -0.000299225, -0.00204661, 0.00357794, 0.000418182, 0.00160377, -0.031032, 0.183265, 0.0146389, -0.0165517, -0.0236117, 0.0217727, 0.00312423, 0.00866481, 0.0379819, 0.0297829, -0.0761347, 0.0287556, 0.0140169, 0.0340684, 0.000430609, 0.0340506, 0.0274046, -0.00790538, 0.00874347, 0.00921869, 0.0375109, -0.010263, 0.0258648, 0.0853284, -0.0220775, 0.0280667, 0.00190938, -0.0626551, 0.0169118, 0.100996, 0.00295472, -0.0480081, -0.00279407, 0.0430294, 0.0821619, 0.575175, 0.00725135, 0.0691509, 0.0177949, 0.024815, -0.0245703, -0.0435708, -0.0335993, 0.0339388, 0.0733336, -0.0549756, 0.0752808, 0.0302426, 0.0750611, 0.00994258, -0.138911, 0.0455184
# 0.000917645, 0.00649104, -0.0130722, 0.00129124, 0.000984059, 0.0031492, 8.72269e-05, -0.000422094, -0.00192951, 0.00233842, -0.000666362, 0.000266828, 0.00591178, -0.00203333, -0.0111836, 0.0199194, 0.00163906, -0.0107455, 0.0109369, -0.000366458, 0.00531523, -0.0103935, -0.0102106, -0.137981, 0.0105519, 0.021229, -0.0142554, 0.00671954, -0.00225503, -0.0142663, -0.0110765, 0.00662235, -0.000423139, -0.0102997, -0.00694556, -0.00782202, 0.00716105, 0.00382397, -0.00661908, -0.0121477, 0.00249865, 0.0324007, 0.0361799, -0.00844386, 0.0347965, -0.0101739, 0.0034908, 0.00725135, 0.593526, 0.0135067, -0.00171937, 0.0256035, 0.0179838, -0.006844, 0.0876246, 0.0522222, -0.044326, 0.0873386, 0.0488472, 0.0225161, 0.069881, -0.0100569, -0.0260858, 0.0970801
