# stan_version_major = 2
# stan_version_minor = 37
# stan_version_patch = 0
# model = survival_model
# start_datetime = 2026-03-12 18:16:36 UTC
# method = sample (Default)
#   sample
#     num_samples = 2000
#     num_warmup = 1000 (Default)
#     save_warmup = false (Default)
#     thin = 1 (Default)
#     adapt
#       engaged = true (Default)
#       gamma = 0.05 (Default)
#       delta = 0.8 (Default)
#       kappa = 0.75 (Default)
#       t0 = 10 (Default)
#       init_buffer = 75 (Default)
#       term_buffer = 50 (Default)
#       window = 25 (Default)
#       save_metric = false (Default)
#     algorithm = hmc (Default)
#       hmc
#         engine = nuts (Default)
#           nuts
#             max_depth = 10 (Default)
#         metric = dense_e
#         metric_file =  (Default)
#         stepsize = 1 (Default)
#         stepsize_jitter = 0 (Default)
#     num_chains = 1 (Default)
# id = 1 (Default)
# data
#   file = /Users/dansprague/Documents/PhaseSkate/benchmarks/scaling/data/data_H10.json
# init = 2 (Default)
# random
#   seed = 42
# output
#   file = /Users/dansprague/Documents/PhaseSkate/benchmarks/scaling/stan_output/survival-20260312141636_1.csv
#   diagnostic_file =  (Default)
#   refresh = 100 (Default)
#   sig_figs = 8 (Default)
#   profile_file = profile.csv (Default)
#   save_cmdstan_config = false (Default)
# num_threads = 1 (Default)
# stanc_version = stanc3 v2.37.0
# stancflags = --filename-in-msg=survival.stan
lp__,accept_stat__,stepsize__,treedepth__,n_leapfrog__,divergent__,energy__,log_alpha,beta_0,trt_effect,beta.1,beta.2,beta.3,beta.4,beta.5,beta.6,beta.7,beta.8,log_sigma_int,log_sigma_slope,rho,z_int.1,z_int.2,z_int.3,z_int.4,z_int.5,z_int.6,z_int.7,z_int.8,z_int.9,z_int.10,z_slope.1,z_slope.2,z_slope.3,z_slope.4,z_slope.5,z_slope.6,z_slope.7,z_slope.8,z_slope.9,z_slope.10
# Adaptation terminated
# Step size = 0.282266
# Elements of inverse mass matrix:
# 0.0019449, -0.000253662, 0.000316277, 0.000159248, 0.000172114, -0.000157096, 0.000156061, -0.000400312, 0.000175959, -0.000278725, 0.000305173, 0.000337701, 0.000439904, 0.00110849, 5.90719e-05, -0.00117201, -0.00268523, 0.000447356, -0.0018407, -0.0034836, 0.000174999, -0.00139723, 0.000556221, -0.000531249, 0.00100263, 0.00151537, 0.00319219, 0.000147215, 0.00180322, 0.00227582, -0.00244099, 0.00318992, -0.00211117, 0.000746127
# -0.000253662, 0.0314889, 0.000544991, -0.000809266, -0.000155694, -0.000122064, 0.000370806, 0.000209133, -0.000236401, 0.000301965, -0.000885027, -0.000503642, -0.00745042, 0.00577376, -0.0558465, -0.0509356, -0.0451921, -0.0535913, -0.0466854, -0.0509154, -0.0546567, -0.0545607, -0.0503646, -0.0522958, 0.00338375, -0.00191033, -0.0246422, -0.00170484, -0.00693201, 0.00344027, -0.0023328, 0.00307573, -0.00245855, 0.000772715
# 0.000316277, 0.000544991, 0.0144069, -0.000606375, -0.000253693, -6.99122e-05, 5.64959e-05, -0.000421055, 0.000567041, -0.000102829, 0.00023364, -0.00247346, 0.00876285, 0.0042936, -0.00867505, -0.0104064, -0.0139016, -0.00679864, -0.00810289, -0.0103297, -0.00840123, -0.0129327, -0.0132197, -0.00894087, -0.0245069, -0.0238078, -0.0252023, -0.0215661, -0.020139, -0.0163416, -0.0250752, -0.0267315, -0.0168193, -0.0356277
# 0.000159248, -0.000809266, -0.000606375, 0.00190922, 0.00031021, 1.3029e-05, -0.000318537, 0.000139153, 7.52082e-05, 0.000269363, -0.000245805, -0.000553543, 0.00031511, 0.00336986, 0.00108867, 0.0031033, 0.0031868, 0.00192553, 0.00148608, 0.00369474, 0.00187957, 0.00168835, 0.00309667, 0.00303435, 0.000824554, 0.00270183, 0.00166419, -0.00217151, 0.00472138, -0.000481266, 0.00385219, 0.00200542, -0.00555484, -0.000439886
# 0.000172114, -0.000155694, -0.000253693, 0.00031021, 0.00173148, -0.000126225, -2.94751e-05, 0.000175583, 0.000278736, 7.0082e-05, 7.02288e-05, -0.00062763, -0.00133735, -0.000642785, -0.000349423, 0.00128217, 0.00216885, -0.00183627, -0.0007064, 0.00160627, -0.00285454, -0.000115518, -0.000364401, -0.000605489, 0.00359864, 9.87598e-05, -0.00171513, 0.00448703, -0.000968561, 0.000539179, 0.00531789, -0.000292558, -0.000585072, 0.000784851
# -0.000157096, -0.000122064, -6.99122e-05, 1.3029e-05, -0.000126225, 0.00165199, -1.35407e-06, 0.000221234, -8.93534e-05, 0.000387707, 6.02649e-05, -0.000562022, -0.00100978, -0.000954657, 0.0010112, 0.0016028, 0.00188812, 0.00173601, 0.00237117, 0.00197592, 0.00105847, 0.000572309, 0.000188792, 0.000695666, -0.00270786, 0.0010688, 0.00206564, -0.000706447, -0.0013911, 0.00105167, 4.14842e-06, -0.00199986, -0.00277917, -0.000379002
# 0.000156061, 0.000370806, 5.64959e-05, -0.000318537, -2.94751e-05, -1.35407e-06, 0.00158897, -0.000268105, -0.000110372, -7.11379e-05, 6.81378e-05, -0.000276417, -0.000500839, -0.000719659, -0.000735279, -0.00157889, -0.000690285, -0.00143478, -0.00147003, -0.00126147, 0.000993545, -0.00266981, -0.00048469, -0.00230171, -0.00216671, 0.00235954, -0.0040375, 0.00208595, -0.0026252, 0.00243739, -0.000799439, 0.00516469, 0.00142527, 0.00198554
# -0.000400312, 0.000209133, -0.000421055, 0.000139153, 0.000175583, 0.000221234, -0.000268105, 0.00205361, -0.000114936, 7.39033e-05, -6.95761e-05, -0.000269472, -0.00118455, 0.000626081, -0.000393876, 0.00183678, 0.00385621, -0.000555855, 0.00167734, 0.00161143, 0.000626182, 0.00137513, 0.00337674, 0.00131724, 0.0040116, 0.0022821, 0.000193912, -0.000180835, -0.00078878, -0.0018834, 0.00339306, -0.00339563, -0.00245468, 0.000684539
# 0.000175959, -0.000236401, 0.000567041, 7.52082e-05, 0.000278736, -8.93534e-05, -0.000110372, -0.000114936, 0.00217961, -0.000131813, -4.26387e-05, 5.36992e-05, -0.000277677, -0.00207517, 5.07403e-05, -0.000607299, 0.000842572, -0.000708253, -0.000392588, -0.00183651, -0.00124006, 0.000766752, -7.03078e-05, -0.0013761, -5.35867e-05, -0.0012687, -0.0028246, -0.000510159, -0.00019978, 0.00473426, -0.00139719, -0.00285144, -0.00141294, 0.00183071
# -0.000278725, 0.000301965, -0.000102829, 0.000269363, 7.0082e-05, 0.000387707, -7.11379e-05, 7.39033e-05, -0.000131813, 0.00185822, -0.000271944, 0.000655915, 0.00087807, 0.000783551, -0.000532374, 0.00220531, 0.000370311, 0.000756193, 0.000362345, 8.73892e-05, 0.000153666, 0.00228854, 0.00116125, 0.000504746, 0.00417779, -0.00166486, 0.00137342, -0.000418266, 0.000388332, -0.00230142, 0.00396761, -0.000582705, -0.00513045, 3.77786e-05
# 0.000305173, -0.000885027, 0.00023364, -0.000245805, 7.02288e-05, 6.02649e-05, 6.81378e-05, -6.95761e-05, -4.26387e-05, -0.000271944, 0.00214902, 0.000152078, 0.00138496, -0.000362826, 0.0027273, -0.000851493, -0.00137964, 0.000942759, -0.000603448, -0.000464122, 0.00212194, 0.000678623, 0.00287628, 0.002207, 0.00374613, 0.000917281, 0.00482497, -0.00177734, 0.00234808, 0.00205235, -0.00503082, 0.00197613, -0.00206784, -0.00814551
# 0.000337701, -0.000503642, -0.00247346, -0.000553543, -0.00062763, -0.000562022, -0.000276417, -0.000269472, 5.36992e-05, 0.000655915, 0.000152078, 0.0768361, -0.00773079, -0.042072, 0.0488838, -0.0295463, -0.0231456, 0.0172801, -0.0533849, -0.0697978, 0.0605107, 0.0852865, 0.0252551, -0.00236189, 0.00785341, -0.00624253, 0.0140009, 0.00933012, -0.000318221, -0.0120545, -0.000371152, 0.0088343, -0.0112459, -0.000153795
# 0.000439904, -0.00745042, 0.00876285, 0.00031511, -0.00133735, -0.00100978, -0.000500839, -0.00118455, -0.000277677, 0.00087807, 0.00138496, -0.00773079, 0.30275, 0.0394273, 0.0113108, 0.00605476, -0.0703633, 0.0188368, 0.0141464, -0.00974566, 0.0404296, 0.0565663, 0.0110782, -0.00101677, -0.0427272, -0.0170044, 0.0865476, 0.002828, -0.0630921, -0.0154299, -0.0536443, -0.0301319, -0.0238109, -0.0555901
# 0.00110849, 0.00577376, 0.0042936, 0.00336986, -0.000642785, -0.000954657, -0.000719659, 0.000626081, -0.00207517, 0.000783551, -0.000362826, -0.042072, 0.0394273, 0.839274, 0.0206687, -0.0270436, 0.0575298, -0.02625, -0.0154145, -0.0201261, -0.0659728, -0.0428314, -0.0139826, -0.00193446, -0.0355612, -0.0643507, -0.19283, 0.0469648, -0.0869915, -0.216786, 0.108995, 0.229163, 0.0254489, -0.041445
# 5.90719e-05, -0.0558465, -0.00867505, 0.00108867, -0.000349423, 0.0010112, -0.000735279, -0.000393876, 5.07403e-05, -0.000532374, 0.0027273, 0.0488838, 0.0113108, 0.0206687, 0.241674, 0.0767252, 0.0829795, 0.110926, 0.0479179, 0.0447357, 0.133561, 0.159934, 0.115444, 0.109155, -0.0955358, 0.0135901, 0.0456133, 0.0288275, -0.00761406, -0.0365475, 0.0235509, 0.0339619, 0.0133981, -0.00710084
# -0.00117201, -0.0509356, -0.0104064, 0.0031033, 0.00128217, 0.0016028, -0.00157889, 0.00183678, -0.000607299, 0.00220531, -0.000851493, -0.0295463, 0.00605476, -0.0270436, 0.0767252, 0.229096, 0.102555, 0.0883057, 0.113382, 0.120277, 0.07308, 0.0686915, 0.0933793, 0.0985925, 0.0141396, -0.135913, 0.0560685, 0.0216744, 0.0416533, 0.0402418, 0.0433058, 0.00395998, -0.00579673, 0.0454176
# -0.00268523, -0.0451921, -0.0139016, 0.0031868, 0.00216885, 0.00188812, -0.000690285, 0.00385621, 0.000842572, 0.000370311, -0.00137964, -0.0231456, -0.0703633, 0.0575298, 0.0829795, 0.102555, 0.232627, 0.0755079, 0.0987886, 0.138574, 0.0646049, 0.0545155, 0.0789769, 0.0950852, 0.0199234, 0.0232048, -0.112182, 0.00730676, 0.0287528, -0.00161695, 0.0451166, 0.0199226, 0.0148989, 0.0275366
# 0.000447356, -0.0535913, -0.00679864, 0.00192553, -0.00183627, 0.00173601, -0.00143478, -0.000555855, -0.000708253, 0.000756193, 0.000942759, 0.0172801, 0.0188368, -0.02625, 0.110926, 0.0883057, 0.0755079, 0.18784, 0.068461, 0.0849401, 0.121911, 0.129906, 0.108696, 0.0998649, -0.00103277, 0.0217169, 0.0742332, -0.0915665, 0.0342062, 0.0117261, 0.0148776, -0.0048585, 0.00010349, 0.0179917
# -0.0018407, -0.0466854, -0.00810289, 0.00148608, -0.0007064, 0.00237117, -0.00147003, 0.00167734, -0.000392588, 0.000362345, -0.000603448, -0.0533849, 0.0141464, -0.0154145, 0.0479179, 0.113382, 0.0987886, 0.068461, 0.218398, 0.140835, 0.0461798, 0.0364979, 0.0670394, 0.0861983, 0.012562, 0.0316166, 0.0277373, 0.0145227, -0.0811469, -0.00316723, -0.00899865, 0.00256406, 0.0287927, 0.0422669
# -0.0034836, -0.0509154, -0.0103297, 0.00369474, 0.00160627, 0.00197592, -0.00126147, 0.00161143, -0.00183651, 8.73892e-05, -0.000464122, -0.0697978, -0.00974566, -0.0201261, 0.0447357, 0.120277, 0.138574, 0.0849401, 0.140835, 0.321654, 0.0423107, 0.0298858, 0.0788296, 0.114404, 0.00446336, 0.0735997, 0.000828878, 0.00509773, 0.0334718, -0.106956, 0.0425651, -0.0269416, 0.0179918, -0.0051524
# 0.000174999, -0.0546567, -0.00840123, 0.00187957, -0.00285454, 0.00105847, 0.000993545, 0.000626182, -0.00124006, 0.000153666, 0.00212194, 0.0605107, 0.0404296, -0.0659728, 0.133561, 0.07308, 0.0646049, 0.121911, 0.0461798, 0.0423107, 0.238563, 0.176975, 0.124499, 0.0973662, 0.00920616, 0.0260352, 0.0656045, 0.00991402, 0.0371016, -0.0118676, -0.0939351, 0.00908187, -0.0230912, -0.00239619
# -0.00139723, -0.0545607, -0.0129327, 0.00168835, -0.000115518, 0.000572309, -0.00266981, 0.00137513, 0.000766752, 0.00228854, 0.000678623, 0.0852865, 0.0565663, -0.0428314, 0.159934, 0.0686915, 0.0545155, 0.129906, 0.0364979, 0.0298858, 0.176975, 0.313719, 0.130551, 0.0992251, 0.0140729, 0.0095952, 0.101013, 0.0323383, 0.0130845, -0.0153615, 0.0369443, -0.112564, -0.00954363, 0.017906
# 0.000556221, -0.0503646, -0.0132197, 0.00309667, -0.000364401, 0.000188792, -0.00048469, 0.00337674, -7.03078e-05, 0.00116125, 0.00287628, 0.0252551, 0.0110782, -0.0139826, 0.115444, 0.0933793, 0.0789769, 0.108696, 0.0670394, 0.0788296, 0.124499, 0.130551, 0.191945, 0.0980409, 0.0362129, 0.0321559, 0.0789986, 0.0364821, 0.0281283, 0.00687635, 0.0104288, 0.0176994, -0.101931, 0.0217003
# -0.000531249, -0.0522958, -0.00894087, 0.00303435, -0.000605489, 0.000695666, -0.00230171, 0.00131724, -0.0013761, 0.000504746, 0.002207, -0.00236189, -0.00101677, -0.00193446, 0.109155, 0.0985925, 0.0950852, 0.0998649, 0.0861983, 0.114404, 0.0973662, 0.0992251, 0.0980409, 0.216911, -0.00856818, 0.0158567, 0.061119, 0.0235953, 0.037196, -0.0158489, 0.0175254, 0.0190886, -0.00713636, -0.152688
# 0.00100263, 0.00338375, -0.0245069, 0.000824554, 0.00359864, -0.00270786, -0.00216671, 0.0040116, -5.35867e-05, 0.00417779, 0.00374613, 0.00785341, -0.0427272, -0.0355612, -0.0955358, 0.0141396, 0.0199234, -0.00103277, 0.012562, 0.00446336, 0.00920616, 0.0140729, 0.0362129, -0.00856818, 0.736041, 0.0542017, 0.0581716, 0.054145, 0.106887, 0.0259213, 0.00703048, 0.0235298, -0.0258118, 0.0917102
# 0.00151537, -0.00191033, -0.0238078, 0.00270183, 9.87598e-05, 0.0010688, 0.00235954, 0.0022821, -0.0012687, -0.00166486, 0.000917281, -0.00624253, -0.0170044, -0.0643507, 0.0135901, -0.135913, 0.0232048, 0.0217169, 0.0316166, 0.0735997, 0.0260352, 0.0095952, 0.0321559, 0.0158567, 0.0542017, 0.750039, 0.0947175, 0.061941, 0.0649761, 0.0184827, 0.0367642, 0.0332409, 0.0620262, -0.0019541
# 0.00319219, -0.0246422, -0.0252023, 0.00166419, -0.00171513, 0.00206564, -0.0040375, 0.000193912, -0.0028246, 0.00137342, 0.00482497, 0.0140009, 0.0865476, -0.19283, 0.0456133, 0.0560685, -0.112182, 0.0742332, 0.0277373, 0.000828878, 0.0656045, 0.101013, 0.0789986, 0.061119, 0.0581716, 0.0947175, 0.798256, 0.00773981, 0.106139, 0.0546292, 0.0577719, 0.0372373, -0.00914719, 0.0532747
# 0.000147215, -0.00170484, -0.0215661, -0.00217151, 0.00448703, -0.000706447, 0.00208595, -0.000180835, -0.000510159, -0.000418266, -0.00177734, 0.00933012, 0.002828, 0.0469648, 0.0288275, 0.0216744, 0.00730676, -0.0915665, 0.0145227, 0.00509773, 0.00991402, 0.0323383, 0.0364821, 0.0235953, 0.054145, 0.061941, 0.00773981, 0.651641, -0.0322032, 0.0220169, 0.0440691, 0.0822998, 0.0193599, 0.0672184
# 0.00180322, -0.00693201, -0.020139, 0.00472138, -0.000968561, -0.0013911, -0.0026252, -0.00078878, -0.00019978, 0.000388332, 0.00234808, -0.000318221, -0.0630921, -0.0869915, -0.00761406, 0.0416533, 0.0287528, 0.0342062, -0.0811469, 0.0334718, 0.0371016, 0.0130845, 0.0281283, 0.037196, 0.106887, 0.0649761, 0.106139, -0.0322032, 0.686435, 0.0951881, 0.0785479, 0.0149804, 0.0359703, -0.0461506
# 0.00227582, 0.00344027, -0.0163416, -0.000481266, 0.000539179, 0.00105167, 0.00243739, -0.0018834, 0.00473426, -0.00230142, 0.00205235, -0.0120545, -0.0154299, -0.216786, -0.0365475, 0.0402418, -0.00161695, 0.0117261, -0.00316723, -0.106956, -0.0118676, -0.0153615, 0.00687635, -0.0158489, 0.0259213, 0.0184827, 0.0546292, 0.0220169, 0.0951881, 0.814521, 0.0141563, -0.0564266, 0.015116, 0.135656
# -0.00244099, -0.0023328, -0.0250752, 0.00385219, 0.00531789, 4.14842e-06, -0.000799439, 0.00339306, -0.00139719, 0.00396761, -0.00503082, -0.000371152, -0.0536443, 0.108995, 0.0235509, 0.0433058, 0.0451166, 0.0148776, -0.00899865, 0.0425651, -0.0939351, 0.0369443, 0.0104288, 0.0175254, 0.00703048, 0.0367642, 0.0577719, 0.0440691, 0.0785479, 0.0141563, 0.811766, 0.106606, 0.100671, 0.118975
# 0.00318992, 0.00307573, -0.0267315, 0.00200542, -0.000292558, -0.00199986, 0.00516469, -0.00339563, -0.00285144, -0.000582705, 0.00197613, 0.0088343, -0.0301319, 0.229163, 0.0339619, 0.00395998, 0.0199226, -0.0048585, 0.00256406, -0.0269416, 0.00908187, -0.112564, 0.0176994, 0.0190886, 0.0235298, 0.0332409, 0.0372373, 0.0822998, 0.0149804, -0.0564266, 0.106606, 0.744863, 0.0793941, 0.0677144
# -0.00211117, -0.00245855, -0.0168193, -0.00555484, -0.000585072, -0.00277917, 0.00142527, -0.00245468, -0.00141294, -0.00513045, -0.00206784, -0.0112459, -0.0238109, 0.0254489, 0.0133981, -0.00579673, 0.0148989, 0.00010349, 0.0287927, 0.0179918, -0.0230912, -0.00954363, -0.101931, -0.00713636, -0.0258118, 0.0620262, -0.00914719, 0.0193599, 0.0359703, 0.015116, 0.100671, 0.0793941, 0.525052, 0.0611492
# 0.000746127, 0.000772715, -0.0356277, -0.000439886, 0.000784851, -0.000379002, 0.00198554, 0.000684539, 0.00183071, 3.77786e-05, -0.00814551, -0.000153795, -0.0555901, -0.041445, -0.00710084, 0.0454176, 0.0275366, 0.0179917, 0.0422669, -0.0051524, -0.00239619, 0.017906, 0.0217003, -0.152688, 0.0917102, -0.0019541, 0.0532747, 0.0672184, -0.0461506, 0.135656, 0.118975, 0.0677144, 0.0611492, 0.748071
-650.6406,0.61363624,0.28226557,4,15,0,663.48024,0.38109034,2.7640698,-0.82644038,0.3119224,-0.4255336,0.20733845,-0.15475328,0.31770353,-0.11862141,0.36617515,-0.30090537,-0.46126778,-2.3575985,0.01629726,-1.1765932,-0.30958182,-0.14271922,-1.1874565,0.46170393,0.73796216,-1.4679692,-1.9492102,-0.87740834,-0.48703921,-0.7728655,0.060798261,1.5367801,-0.10379471,0.29610343,-0.63223868,0.045792984,-0.61970551,0.016143131,0.47913779
-655.84809,0.43743126,0.28226557,4,15,0,668.61347,0.42973025,2.9036446,-0.81293585,0.21712545,-0.45450336,0.19859676,-0.15067044,0.34680425,-0.078351792,0.35747476,-0.24616177,0.22349819,-2.2448301,-0.71046404,-0.75334622,-0.14182437,-0.096433443,-0.33049207,-0.072379548,0.14896294,-0.68574124,-0.96198628,-0.45044998,-0.41943252,-0.74447224,-0.61200679,1.3421489,-0.41931162,0.53822708,-1.727769,0.032815604,-0.14286036,-0.12148309,-0.16507779
-655.84809,0.028177576,0.28226557,2,3,0,669.93755,0.42973025,2.9036446,-0.81293585,0.21712545,-0.45450336,0.19859676,-0.15067044,0.34680425,-0.078351792,0.35747476,-0.24616177,0.22349819,-2.2448301,-0.71046404,-0.75334622,-0.14182437,-0.096433443,-0.33049207,-0.072379548,0.14896294,-0.68574124,-0.96198628,-0.45044998,-0.41943252,-0.74447224,-0.61200679,1.3421489,-0.41931162,0.53822708,-1.727769,0.032815604,-0.14286036,-0.12148309,-0.16507779
-653.77859,0.96593437,0.28226557,4,15,0,670.67187,0.39719595,2.8375277,-0.75855186,0.18315247,-0.43537769,0.18919227,-0.13370863,0.31124786,-0.075178842,0.38307009,-0.2906715,0.16564433,-1.8982746,-0.739473,-0.61097904,0.052054445,-0.26748274,-0.58227075,0.099366739,0.44695171,-0.96325981,-1.2299391,-0.623998,-0.4185803,-1.0587078,-1.1003888,1.3211359,-0.2119725,0.10707157,-1.4721973,0.57450259,-0.24587908,0.49761259,0.034590221
-658.40212,0.0863408,0.28226557,4,15,0,681.95002,0.39506816,2.9081851,-0.74983307,0.19736258,-0.46614775,0.16381341,-0.18961882,0.36128903,-0.13146946,0.41355538,-0.26435377,0.35857334,-1.7819276,-0.63761478,-0.61293908,-0.030003419,-0.16224519,-0.19998872,0.16620719,0.17376314,-0.62729977,-1.0824597,-0.28439169,-0.29953021,-0.30417084,-1.1040788,0.79106711,-1.2392989,0.2449791,-1.2355121,0.21977473,-0.062598821,0.013390639,0.13368967
-651.13942,0.492079,0.28226557,4,15,0,675.7724,0.37204584,2.9715072,-0.80733354,0.22914533,-0.41940083,0.19460671,-0.18435145,0.38567618,-0.11247922,0.41404639,-0.27374817,0.34480273,-2.0609685,-0.59734594,-0.67980196,-0.19135454,-0.062323889,-0.65903614,-0.038570261,0.33074623,-0.79539672,-0.91910328,-0.47112779,-0.17724913,-0.99362065,-1.3737377,0.76388289,0.3556875,0.19197915,-1.4930368,0.83636116,-1.0325729,-0.17427488,-0.65114682
-651.13942,0.0042579697,0.28226557,4,15,0,667.07275,0.37204584,2.9715072,-0.80733354,0.22914533,-0.41940083,0.19460671,-0.18435145,0.38567618,-0.11247922,0.41404639,-0.27374817,0.34480273,-2.0609685,-0.59734594,-0.67980196,-0.19135454,-0.062323889,-0.65903614,-0.038570261,0.33074623,-0.79539672,-0.91910328,-0.47112779,-0.17724913,-0.99362065,-1.3737377,0.76388289,0.3556875,0.19197915,-1.4930368,0.83636116,-1.0325729,-0.17427488,-0.65114682
-651.13942,0.0038306814,0.28226557,4,15,0,663.62129,0.37204584,2.9715072,-0.80733354,0.22914533,-0.41940083,0.19460671,-0.18435145,0.38567618,-0.11247922,0.41404639,-0.27374817,0.34480273,-2.0609685,-0.59734594,-0.67980196,-0.19135454,-0.062323889,-0.65903614,-0.038570261,0.33074623,-0.79539672,-0.91910328,-0.47112779,-0.17724913,-0.99362065,-1.3737377,0.76388289,0.3556875,0.19197915,-1.4930368,0.83636116,-1.0325729,-0.17427488,-0.65114682
-651.92281,0.51255459,0.28226557,4,15,0,670.2428,0.49500946,3.0303325,-0.77830773,0.14119007,-0.32522756,0.20477616,-0.0235296,0.36993871,-0.15106612,0.38551113,-0.21059755,0.14111568,-1.5884079,0.35333705,-1.0641407,-0.45400766,-0.45795414,-0.76788647,-0.12518765,0.1237339,-0.91209468,-1.1812149,-0.59940312,-0.48470812,1.1340414,0.26816597,2.0589562,-0.64656355,-0.85865638,1.1100834,-1.5067261,-0.64160674,-0.070183128,0.41493296
-652.80123,0.25888902,0.28226557,4,31,0,675.9546,0.4968226,3.0512154,-0.746389,0.14910198,-0.32886457,0.22641142,-0.032729965,0.36415262,-0.18056517,0.39957755,-0.23979578,0.052203861,-1.5866331,0.39596357,-1.1557637,-0.4181631,-0.38290107,-0.77337296,-0.00058945244,0.1300144,-0.99487615,-1.3783643,-0.7905151,-0.53866818,0.32614365,0.35729832,2.0580301,-1.1111442,-1.1355606,0.8277954,-1.2238856,-0.42301582,-0.32289475,0.78172355
-657.41327,0.2400997,0.28226557,4,15,0,673.24157,0.5131192,3.1439647,-0.77316387,0.15370492,-0.34490032,0.16946632,-0.015632586,0.34134502,-0.14895417,0.38311241,-0.23660828,-0.079695837,-1.3807356,0.53499997,-1.2904143,-0.26199279,-0.58322611,-0.90845864,-0.3206464,-0.030398767,-1.2493867,-1.4895273,-0.90307595,-0.84185426,-0.21235207,0.28419323,1.8090089,-0.35883465,-0.82354776,1.3806273,-1.4523466,-1.3114613,-0.44309277,0.51390396
-663.12718,0.33811516,0.28226557,4,15,0,682.3489,0.28893949,2.00148,-0.7398634,0.2984596,-0.44348567,0.28617599,-0.28062806,0.43172879,-0.077340251,0.42855399,-0.24045743,-0.46498972,-2.3014244,0.52244062,-0.22943369,1.1960343,1.0891647,0.50040899,1.0576317,1.6413176,0.19804134,-0.60492252,0.52615497,0.78891387,-0.10101842,-2.1443488,1.1866698,-0.38056057,0.44867013,-0.28379592,0.87812352,-2.1342562,-0.56482839,-0.80718494
-652.82562,0.99751808,0.28226557,4,15,0,670.79335,0.49999704,2.70569,-0.8862331,0.21771483,-0.3909138,0.21250057,-0.047894088,0.32610281,-0.1237228,0.38871949,-0.25130678,-0.05636401,-2.0770107,-0.46098171,-1.0011434,0.060012573,0.132751,-0.4434487,0.34793112,0.74859265,-0.75273189,-1.3397651,-0.32565837,-0.28615552,0.73773743,1.4830668,0.6639005,-0.069522378,-1.1948004,1.075028,-2.2422109,0.64938949,-0.18332049,0.54764457
-652.3862,0.64397703,0.28226557,4,15,0,671.53817,0.49451838,2.7218511,-0.88354775,0.21049791,-0.40845694,0.23007243,-0.056194472,0.32006693,-0.14845945,0.40464374,-0.24886176,-0.067367939,-1.8963185,-0.58198393,-0.94326004,-0.11299617,-0.13513438,-0.41306188,0.32144811,0.84180071,-0.83163179,-1.1665379,-0.47730208,-0.31347159,0.30534527,1.4236725,0.74283804,0.005656821,-1.4997428,1.0529229,-1.8738777,0.48377634,0.099100818,0.66083211
-652.11308,0.88974498,0.28226557,4,15,0,663.29369,0.43691462,2.8472484,-0.89936203,0.22171409,-0.38738042,0.29879141,-0.081347179,0.34824543,-0.10952587,0.43514991,-0.26119907,-0.18186119,-2.1685727,-0.58294502,-1.2692976,-0.028993462,0.096759934,-0.51160217,0.16616053,0.26713518,-1.1013527,-1.4765974,-0.55913326,-0.39798922,0.84499804,1.1215088,0.40560594,-0.19501109,-1.0780428,1.5522588,-1.2668038,0.072489333,-0.041776847,0.14754243
-656.99015,0.86688373,0.28226557,4,15,0,670.075,0.45039516,2.4144921,-0.84244212,0.23522523,-0.47332313,0.31307179,-0.15880612,0.38326426,-0.12744119,0.32575234,-0.29053451,0.0069423585,-2.4121215,-0.5372492,-0.30412626,0.43263174,0.26537214,-0.29857657,0.68282361,1.3065679,-0.51667447,-0.97583373,-0.21414741,0.036775268,0.3135713,-1.3590835,-0.40653727,0.060308713,-2.15423,-0.87679271,-0.98364796,-0.52176857,0.42323917,0.026567028
-656.53278,0.54411266,0.28226557,4,15,0,681.26548,0.42144886,2.4691715,-0.8332962,0.33853789,-0.34904949,0.25596919,-0.1786146,0.45938835,-0.14538087,0.37613677,-0.21910095,-0.57790555,-1.6044845,-0.53183463,-0.88073545,0.40174759,0.35158908,-0.48386244,0.63483406,1.1290553,-0.71225392,-1.3735384,-0.099452426,0.37966229,0.54558651,1.0811995,1.2472292,0.40456879,0.35142149,0.28413045,-0.6989656,-0.20126978,-0.50051726,-1.597087
-655.88636,0.98287956,0.28226557,4,15,0,673.85238,0.46088939,2.4357952,-0.94012598,0.31356514,-0.39963253,0.19439704,-0.090413277,0.33140895,-0.068664123,0.41655854,-0.25223551,-0.85615858,-2.1358632,0.44673068,-1.3989079,0.70793299,1.2657841,-0.67702465,0.82982088,1.7602966,-1.3653287,-1.6618791,0.32529243,0.19073722,0.94789526,0.55291938,-1.0574127,0.93976801,-0.10470438,0.29694305,-0.38208191,-0.48223643,-0.5110191,-0.28604752
-661.58087,0.9751381,0.28226557,4,15,0,675.96614,0.36084658,2.2502012,-0.72965131,0.15632218,-0.47476996,0.26095596,-0.1902095,0.43626884,-0.14821138,0.43565797,-0.30369386,-0.8329301,-1.3267544,0.34990272,-0.38654726,1.3035245,0.74845521,0.81076417,1.9687719,1.4344179,-0.4666089,-1.3345956,0.37992364,1.1735115,-0.2049733,-1.2910902,1.0149338,-2.194015,-1.4868924,1.1903456,-0.22527805,-0.12725425,0.61873395,-1.2086257
-655.66761,0.9738663,0.28226557,4,15,0,673.82485,0.51631514,2.3363058,-0.87648827,0.25555291,-0.27416877,0.21799401,-0.11071,0.33150625,-0.099511248,0.38735296,-0.22224533,-0.92124753,-1.3153812,0.14214537,-1.0156805,0.19806158,0.74854146,-0.14606038,2.1874887,2.0041296,-1.2423288,-1.7118937,0.31677774,-0.32662682,0.71390619,1.3844744,1.1793344,0.52172915,-1.348065,0.41750928,-0.41221016,-0.53176999,-1.1535751,1.1959013
-659.3256,0.80657909,0.28226557,4,15,0,677.98586,0.44020448,2.2534151,-0.76803415,0.26060791,-0.347025,0.29700948,-0.14577867,0.33268465,-0.10178161,0.3615865,-0.28624064,-0.87613283,-1.7972348,0.047056433,-0.57513535,-0.24266187,0.69835574,0.37265388,1.5619199,2.1039542,-0.69899638,-1.530564,-0.32104935,0.33333445,0.77041078,1.9511913,1.8390962,-1.5448789,-0.18691338,1.0040206,0.48263337,-0.19810399,-0.72150527,1.6795703
-654.67394,0.98082511,0.28226557,4,15,0,673.33192,0.42742844,2.3875035,-0.73471796,0.23682455,-0.40019248,0.23181581,-0.13518065,0.3106419,-0.09400877,0.43317903,-0.22577982,-0.6399107,-1.2858682,0.82794787,-1.0741009,0.71453925,0.4837862,-0.57238457,0.57979585,0.94267923,-1.0796326,-0.88561667,0.13916048,-0.12193585,1.2046086,-0.49268794,-0.2100872,0.9277671,-0.2628802,-0.35284795,-1.5590118,-2.3925182,-1.3411387,0.027334559
-653.78573,0.74485305,0.28226557,4,15,0,673.92847,0.38986798,2.408124,-0.86213924,0.24694943,-0.43059606,0.31894307,-0.11985001,0.3557449,-0.08942163,0.46655705,-0.3263193,-0.54342088,-1.1234992,0.75613241,-0.84193321,0.5915984,0.29716369,-0.12086843,0.62551839,1.2589066,-0.88049807,-0.61345666,0.36208299,0.032521332,0.82444421,0.40240975,1.057816,1.1388259,-0.45254572,-0.11824219,0.016443159,-2.0624956,-1.2523531,0.35419981
-654.70038,0.90538249,0.28226557,4,15,0,674.1882,0.39415673,2.7165867,-0.78691356,0.2390748,-0.44596646,0.24906618,-0.13934372,0.37218105,-0.093681341,0.43135461,-0.32188769,-0.47753166,-2.0293887,0.73194065,-0.92710711,0.15398326,0.26669133,-0.81962514,0.21564226,0.99855934,-1.1921935,-1.5145323,-0.57140417,0.058758759,0.81961945,-0.5405679,-0.26953016,0.32355399,-1.5090215,-1.3057846,1.6926862,-1.538998,-0.78943746,-1.3711607
-661.57327,0.84815762,0.28226557,4,15,0,676.92527,0.44960489,2.5013029,-0.93502368,0.24584408,-0.4443957,0.27846174,-0.15638179,0.41416042,-0.13723317,0.35959477,-0.19516485,-1.0123078,-3.2906632,-0.42732896,-1.4210537,0.85965921,0.57822229,-0.31305349,1.4162667,2.0386508,-1.2968587,-2.3656591,-0.399876,-0.25632328,0.67329778,-0.60388619,-0.45323791,0.011246557,-1.7286408,1.1344995,-0.82500663,-0.63019082,-1.7119337,0.90478027
-654.55144,0.93929617,0.28226557,4,15,0,676.40768,0.38181809,2.473909,-0.87086258,0.23276333,-0.49108611,0.19738105,-0.080017837,0.38468789,-0.071851878,0.3609261,-0.30898387,-0.74517543,-2.7244555,-0.23745622,-0.85736599,0.59693231,0.97963006,-0.4699959,0.96752657,1.6626826,-1.2232958,-2.061081,-0.21717892,0.027917975,0.50012695,-0.12813743,-0.66516361,0.33185192,-0.2455994,-0.4891232,-0.49079413,-0.40307277,0.30977607,-0.81555845
-659.03125,0.69163218,0.28226557,4,15,0,683.80649,0.47286774,2.5426788,-0.86095824,0.26445599,-0.46336809,0.35795128,-0.12979158,0.39730897,-0.071630678,0.36960064,-0.36779009,-0.58534412,-2.235907,-0.42260513,-0.75198064,0.63056712,0.25227778,-0.15283704,1.1390053,0.97193654,-1.1103236,-1.5026684,-0.29662379,-0.06563957,-0.23691405,-1.1053221,1.1865446,0.18346243,-0.019065804,0.82761542,-0.23415083,-1.4480306,0.20149166,1.6053277
-659.32158,1,0.28226557,4,15,0,670.10361,0.35049121,2.2482478,-0.75121507,0.20079308,-0.30452215,0.11326353,-0.15044292,0.31449172,-0.15759841,0.44595971,-0.171639,-1.0100304,-1.3574997,0.59499684,-0.82229071,0.86913421,0.34638349,0.10790617,1.2820793,1.7693157,-1.1714363,-1.4481233,-0.17276319,-0.05088397,0.057608401,0.95695725,1.9867639,-0.27264903,-0.60132993,-0.03424988,-0.6896386,0.31464103,0.31421783,0.025211925
-663.68264,0.87396387,0.28226557,4,15,0,684.61281,0.38588221,2.217181,-0.77463886,0.20802004,-0.45125803,0.33939065,-0.24633555,0.43712997,-0.037704877,0.43191478,-0.31380488,-0.47170381,-2.233663,-0.39152525,-0.53206357,0.57402326,1.224572,-0.36947136,1.2996497,1.6300973,-0.57736348,-0.84581539,0.35530692,0.5673291,0.89809626,-0.99221826,-0.82359152,0.29906492,0.9541936,0.9173625,0.14627819,-1.3790299,0.11763997,0.11622029
-655.58048,0.93286624,0.28226557,4,15,0,680.97076,0.38737558,2.2856373,-0.74550835,0.21237711,-0.33550175,0.2693146,-0.14734505,0.34534681,-0.060196625,0.35095857,-0.26795162,-0.74875005,-2.7513399,0.10856977,-0.65236297,0.61574247,0.42874068,0.17856436,1.3816756,1.4428522,-0.68647195,-1.455067,-0.28582081,0.52704351,-0.0051211455,0.25944126,1.4320314,0.2828417,-1.607624,-0.9377995,-0.88675185,0.63059061,-0.18838702,0.037800061
-656.42356,0.9144233,0.28226557,4,15,0,673.67888,0.40587799,2.2760058,-0.88972817,0.23614982,-0.41971044,0.28579677,-0.14066868,0.39776901,-0.073321186,0.42404908,-0.22690113,-0.686251,-1.6832487,0.67345165,-0.68325898,0.77914163,1.0087926,-0.53679693,0.91030845,2.0883509,-1.0296641,-1.0895413,0.078765271,0.055360924,-0.4931435,1.3154182,-0.72362596,0.82877971,0.18452768,-0.15632211,0.22211769,-1.4029404,0.8576093,0.2288288
-654.16055,0.93177285,0.28226557,4,15,0,670.40048,0.34744387,2.4148897,-0.89607187,0.24855344,-0.33067237,0.23434843,-0.14951207,0.37161611,-0.10532833,0.42931749,-0.28605573,-0.42020267,-1.6528468,-0.39477167,-1.2273701,0.65501217,0.083788017,-0.70751465,1.4164113,1.7100868,-0.85094904,-1.4118509,-0.02424032,0.12476012,0.9513919,-0.6875462,2.6657658,0.70266928,-0.095989032,0.66698372,-0.27281436,-0.022759397,-0.17727989,0.13935353
-653.27181,0.965146,0.28226557,4,15,0,671.4052,0.44886573,2.4503317,-0.82121066,0.27946946,-0.40963654,0.26856659,-0.10638849,0.41147561,-0.082212248,0.42249527,-0.21635289,-1.1252401,-1.0328435,0.8573178,-0.7299576,0.37568895,0.46459447,0.30672405,0.74805858,1.4947945,-1.213432,-1.5425242,-0.52512058,-0.021339996,0.099691737,1.2110827,0.24908125,-1.1670202,-1.208486,-0.14401414,-0.16715321,-0.54456684,0.24334113,0.37353111
-647.06846,0.92830831,0.28226557,4,15,0,660.75359,0.38458029,2.3579194,-0.90439219,0.24108685,-0.39955779,0.25526273,-0.171597,0.35545652,-0.047128405,0.41530232,-0.3063922,-0.13140535,-1.1381812,-0.4125922,-0.62952263,0.38991257,0.013065292,-0.5360351,0.98623328,1.2067925,-0.4173215,-0.71889959,-0.095971136,0.44976377,0.37950745,-0.39020394,2.1710991,0.98375812,0.20782543,0.60591641,-0.88342216,-0.87687559,0.64954989,-0.51063149
-649.47858,0.89737901,0.28226557,4,15,0,662.94646,0.38824171,2.2408246,-0.853472,0.23352821,-0.47369075,0.20434863,-0.13442778,0.3940445,-0.076650153,0.40220881,-0.28304331,-0.79860676,-1.5018805,0.35132861,-0.58980477,0.36783991,0.68986695,-0.21626004,1.3814264,1.8079378,-0.48428115,-1.1875241,0.27516783,0.49474535,0.25981577,0.69307167,1.1669043,0.8863505,-1.0951804,1.4720533,-0.85806855,-0.7885502,0.91225932,0.80482247
-659.9452,0.72575887,0.28226557,4,15,0,669.11266,0.39954275,2.3170811,-0.7539141,0.28096918,-0.38642881,0.19800717,-0.19096828,0.49600271,-0.021416872,0.42460108,-0.29056305,-0.74835344,-1.0945721,0.25803325,-0.52000965,0.78513961,0.95563654,-0.60040403,1.317803,1.1954785,0.044617188,-1.1440914,-0.49738188,-0.22054269,0.44344549,0.30837077,0.83222563,-0.11281857,-0.37759062,0.96199317,-2.3675019,0.0094515509,0.67756067,-0.061030075
-660.97547,0.99150019,0.28226557,4,15,0,674.25052,0.42394374,2.2311001,-0.88281105,0.22014743,-0.42356791,0.25305493,-0.13052026,0.23492779,-0.17459863,0.40601187,-0.20884526,-0.3966408,-2.7101188,0.64628696,-0.3905964,0.5455059,0.6530594,0.05568203,1.038095,2.0544646,-0.44245105,-1.0361127,0.53468869,0.5361397,-0.045645389,0.099248544,0.69718179,0.68899143,-0.74393671,-1.8138417,0.83447875,-2.1077713,-0.52744747,0.58910996
-667.04998,0.80141023,0.28226557,4,15,0,682.18914,0.37610312,2.40219,-1.0625083,0.17184842,-0.40494025,0.2911204,-0.13892182,0.27036562,-0.16858106,0.43067008,-0.18471166,-1.0059131,-2.2708445,0.65329479,-0.91208982,1.1377894,0.92526038,-0.23268305,1.9022259,2.5051847,-1.2831205,-1.8320855,0.025582326,0.25649405,0.64534295,-0.043930897,0.99353906,0.030470323,-1.0831411,-1.4161298,0.96680366,-2.7410553,-0.23611598,1.3361292
-659.67368,0.98947807,0.28226557,4,15,0,681.79895,0.39793013,2.484823,-0.80754438,0.2534901,-0.39573077,0.24127843,-0.1766615,0.40840239,-0.063330646,0.41954982,-0.35143281,-0.77461924,-1.2497406,-0.016350862,-1.1803046,0.10634032,-0.37796551,-0.59030563,0.56316076,0.66318179,-0.80865025,-0.88845729,-0.83473725,-0.8137295,0.60487029,-0.2872749,1.7872166,0.015444847,0.28978771,2.1662531,-2.1984372,-0.91801713,0.57621452,1.1101473
-660.39995,0.78969301,0.28226557,4,15,0,680.01865,0.39099487,2.3640615,-0.85239465,0.28693869,-0.44429797,0.2722152,-0.15510216,0.31853217,-0.098704698,0.40775878,-0.13509277,-0.82746052,-1.7584135,0.81945778,-0.71899733,0.66445028,1.2833793,-0.21327064,0.86230107,2.0299659,-1.2538896,-1.6786601,-0.0063004193,0.75623429,-0.19717685,0.59811158,-0.67438556,-0.18661429,-0.30389451,-2.3756677,0.7398385,-0.45880286,0.41798271,-1.0559452
-656.4382,0.98521199,0.28226557,4,15,0,676.49522,0.3457332,2.4776969,-0.99422177,0.26488234,-0.41474021,0.24360235,-0.13848716,0.45841835,-0.11950394,0.44672938,-0.21793638,-0.84509649,-2.3216748,-0.043875869,-1.0325936,0.68414047,1.0558361,-0.30590678,1.1723874,1.7827575,-0.80050905,-2.0610512,-0.010827762,0.28339669,-0.37910969,1.456799,0.35959439,-0.85042403,0.15849957,-0.38414121,1.7590459,-0.29062655,0.23549911,0.0068073247
-658.25292,0.67216183,0.28226557,4,15,0,677.36686,0.40241417,2.460717,-0.94087945,0.29793736,-0.36463142,0.25637958,-0.13995566,0.31732004,-0.10519824,0.4302769,-0.31764953,-0.84780952,-2.1508177,-0.20409727,-0.66115512,0.90988934,-0.29013921,-0.40555519,1.1843482,2.125066,-1.3845458,-1.5453977,-0.82199873,-0.081341672,0.62787024,-0.74229878,3.2714332,0.66963963,0.26077839,0.76832675,-0.86521065,-0.20865305,-0.29028631,1.2153123
-658.1878,0.99963413,0.28226557,4,15,0,670.88112,0.390986,2.4693959,-0.9200058,0.2880025,-0.37305316,0.26890903,-0.15047694,0.31891936,-0.10049802,0.4437861,-0.30309818,-1.0052854,-1.952582,-0.23070126,-0.84257511,0.87120759,-0.45468835,-0.44993224,1.2953533,2.2488479,-1.4152802,-1.6617358,-0.95160735,-0.13759816,0.69777105,-0.28577927,3.5786729,0.59281473,0.42783081,0.68478855,-0.84747965,-0.19644736,-0.020832007,1.2417457
-662.67845,0.89473911,0.28226557,4,15,0,684.14284,0.40883052,2.252833,-0.66052747,0.22955822,-0.3658379,0.22892363,-0.12028747,0.43455518,-0.058186194,0.36847755,-0.24210005,-0.96708511,-1.2893983,-0.33085923,-1.3848912,0.51751077,1.0628748,-0.41188056,0.50186608,2.2381659,-0.48620785,-1.8996441,0.51427531,0.21731374,-0.062777451,-0.24942843,-0.10853606,-0.19823135,-0.39195639,0.46973344,0.17713847,-0.95715647,-0.35578097,0.75152839
-663.79586,0.96918809,0.28226557,4,15,0,680.37577,0.41753357,2.2373349,-0.6585704,0.23997304,-0.39443862,0.22943748,-0.15946065,0.41465339,-0.12624768,0.40833814,-0.21299637,-0.94730706,-1.0175783,-0.13458444,-1.428418,0.7235157,0.83032996,-0.10973814,0.67678585,2.1805156,-0.33911973,-1.683748,0.8944716,0.35063395,-0.014285074,-0.35741738,0.90679484,-0.33397017,-0.49438963,0.20868653,0.80038064,-0.8752733,-0.49746776,0.87341382
-661.98333,1,0.28226557,4,15,0,674.30552,0.36097079,2.5135633,-0.87991118,0.25534568,-0.39967351,0.26374473,-0.13813032,0.31111115,-0.083614617,0.43000017,-0.34868284,-0.90664379,-2.6213861,0.65597204,-0.72701168,0.76733727,0.45686045,-0.78524205,1.4307682,1.3227286,-2.0252773,-1.4271766,-0.86982483,0.20809161,-0.23894693,-0.33782961,1.4781382,-0.14605241,0.79619066,0.073831966,-1.8693096,-1.2862305,0.43110539,-0.084447045
-656.45689,0.97282308,0.28226557,4,15,0,678.48535,0.46458666,2.1700374,-0.7348583,0.21436112,-0.30847473,0.25692829,-0.12473055,0.41645077,-0.12864714,0.36667746,-0.23171938,-1.0604076,-1.4750676,0.061680894,-1.0042658,1.19117,1.0022002,0.2739437,1.2477695,2.6277641,-0.10134481,-1.643942,0.49145822,0.45632197,0.77748903,0.11532457,0.92143867,-0.51648714,-0.37186882,-0.33477111,0.0099353846,-0.17349908,-0.71347339,0.85534256
-648.19063,0.89170585,0.28226557,4,15,0,667.69357,0.38466743,2.5410071,-0.94517648,0.23386892,-0.40759424,0.19417319,-0.16633775,0.30310223,-0.096811041,0.46016842,-0.26607893,-0.49367169,-1.6749185,-0.24124813,-0.80486403,0.60069153,0.06750807,-0.56209921,0.79691375,1.2580304,-0.85014283,-1.3098456,-0.89550664,0.0062107869,0.51868449,-0.72704248,1.433678,0.99158484,0.33445687,0.67223186,-1.5855416,-0.45962126,1.4110213,0.036399892
-646.14041,0.9789662,0.28226557,4,15,0,659.24738,0.44156911,2.3046507,-0.66382623,0.21314182,-0.37513696,0.26169608,-0.099432418,0.36572888,-0.088520959,0.32595564,-0.25242297,-0.61739834,-1.3720346,0.28471013,-0.30410588,0.40008406,0.32194812,-0.14162997,1.1014903,1.4308844,-0.9233936,-1.0348983,-0.31630786,-0.14036217,-0.5068674,0.37628055,0.59086566,-0.82631861,-1.4358762,-0.17863488,0.09204631,-1.7659584,-0.23594957,0.89174886
-648.19922,0.95230421,0.28226557,4,15,0,656.78995,0.40455941,2.0673529,-0.98336056,0.25031197,-0.42225223,0.24007631,-0.21246788,0.33510684,-0.12862962,0.48914202,-0.25051571,0.0016684372,-0.90278766,-0.11653613,-0.50345862,0.67082068,0.39273698,0.11256049,0.74192688,0.95506102,0.14405313,-0.46204949,0.3282309,0.55316592,0.72946494,0.019644207,1.5980711,0.61926888,0.66441812,0.74593926,-0.54841848,0.19781053,0.16674092,0.5868735
-647.22738,0.42447797,0.28226557,4,15,0,661.67032,0.39148176,2.0369774,-0.94356339,0.25724094,-0.40259955,0.23070035,-0.19049634,0.31434696,-0.10670589,0.46794146,-0.23722597,-0.050867768,-0.60206115,0.092542138,-0.17442197,0.74778197,0.58854753,-0.035077817,0.80993129,0.79744052,0.094925003,-0.28094841,0.18358613,0.92548569,0.64376872,-0.21971525,0.94157502,0.5396534,0.38828169,0.94589711,-0.97933274,-0.47883812,0.7445269,-0.65178523
-647.22738,0.046592161,0.28226557,4,15,0,662.25998,0.39148176,2.0369774,-0.94356339,0.25724094,-0.40259955,0.23070035,-0.19049634,0.31434696,-0.10670589,0.46794146,-0.23722597,-0.050867768,-0.60206115,0.092542138,-0.17442197,0.74778197,0.58854753,-0.035077817,0.80993129,0.79744052,0.094925003,-0.28094841,0.18358613,0.92548569,0.64376872,-0.21971525,0.94157502,0.5396534,0.38828169,0.94589711,-0.97933274,-0.47883812,0.7445269,-0.65178523
-653.53741,0.058134877,0.28226557,4,15,0,669.08478,0.40328653,1.9643924,-0.98169176,0.2910433,-0.36487873,0.23737237,-0.20378404,0.33050235,-0.094945399,0.45620175,-0.25103737,0.026488232,-1.1819025,-0.32293165,0.011790966,0.69752927,0.85805866,-0.098814384,0.97791368,0.99688467,0.18551826,-0.17053019,0.47097336,0.68507257,1.0834148,0.73915779,0.35174877,1.4918809,0.50471574,1.2709142,-0.51321422,-0.76153808,0.28752585,-0.50100515
-660.51237,0.61536296,0.28226557,4,15,0,672.66715,0.38622603,2.5620364,-0.78122517,0.24624507,-0.43825815,0.26424016,-0.095199014,0.42553268,-0.073720574,0.36474412,-0.26153034,-1.0070561,-2.1139259,0.49544058,-1.5587703,0.85157775,0.12505673,0.048332538,0.82795266,1.9729073,-1.3847257,-2.0887172,-0.17492168,-0.47143612,-0.57792187,-1.0006114,2.1466446,-0.89287043,-0.9181554,-0.38702308,-0.72404276,-0.23315931,-0.046176135,2.3888415
-656.30722,0.9995755,0.28226557,4,15,0,676.7932,0.36484799,2.3444021,-0.86636375,0.2636178,-0.43607195,0.28388051,-0.11011146,0.46167279,-0.15127719,0.43629358,-0.26944131,-0.92627659,-1.5548961,0.69762007,-0.88104918,0.99802182,0.38174692,-0.24965411,1.3056512,2.0895802,-0.92207733,-1.6102022,0.10433432,0.43899307,-0.49821732,0.078571761,2.3641023,-0.87970071,-1.5024233,-0.4484345,-1.506566,-0.56780014,-0.061537091,1.5703945
