# stan_version_major = 2
# stan_version_minor = 37
# stan_version_patch = 0
# model = survival_model
# start_datetime = 2026-03-12 17:42:04 UTC
# method = sample (Default)
#   sample
#     num_samples = 2000
#     num_warmup = 1000 (Default)
#     save_warmup = false (Default)
#     thin = 1 (Default)
#     adapt
#       engaged = true (Default)
#       gamma = 0.05 (Default)
#       delta = 0.8 (Default)
#       kappa = 0.75 (Default)
#       t0 = 10 (Default)
#       init_buffer = 75 (Default)
#       term_buffer = 50 (Default)
#       window = 25 (Default)
#       save_metric = false (Default)
#     algorithm = hmc (Default)
#       hmc
#         engine = nuts (Default)
#           nuts
#             max_depth = 10 (Default)
#         metric = dense_e
#         metric_file =  (Default)
#         stepsize = 1 (Default)
#         stepsize_jitter = 0 (Default)
#     num_chains = 1 (Default)
# id = 1 (Default)
# data
#   file = /Users/dansprague/Documents/PhaseSkate/benchmarks/scaling/data/data_H10.json
# init = 2 (Default)
# random
#   seed = 42
# output
#   file = /Users/dansprague/Documents/PhaseSkate/benchmarks/scaling/stan_output/survival-20260312134204_1.csv
#   diagnostic_file =  (Default)
#   refresh = 100 (Default)
#   sig_figs = 8 (Default)
#   profile_file = profile.csv (Default)
#   save_cmdstan_config = false (Default)
# num_threads = 1 (Default)
# stanc_version = stanc3 v2.37.0
# stancflags = --filename-in-msg=survival.stan
lp__,accept_stat__,stepsize__,treedepth__,n_leapfrog__,divergent__,energy__,log_alpha,beta_0,trt_effect,beta.1,beta.2,beta.3,beta.4,beta.5,beta.6,beta.7,beta.8,log_sigma_int,log_sigma_slope,rho,z_int.1,z_int.2,z_int.3,z_int.4,z_int.5,z_int.6,z_int.7,z_int.8,z_int.9,z_int.10,z_slope.1,z_slope.2,z_slope.3,z_slope.4,z_slope.5,z_slope.6,z_slope.7,z_slope.8,z_slope.9,z_slope.10
# Adaptation terminated
# Step size = 0.267511
# Elements of inverse mass matrix:
# 0.00229107, -6.85965e-05, 0.000978486, 2.95059e-06, 0.000292986, 8.63936e-05, 0.000216934, -0.000238179, 0.000143908, -0.000199629, 0.000165972, 9.98494e-05, 0.00250981, -0.00284022, -0.00237669, -0.00112004, -0.00282665, -0.000817641, -0.00156506, -0.00116877, -0.000775284, 0.000137142, -0.00147944, -0.000640986, 0.0013514, -0.000113496, -0.00151103, -0.00117657, -0.000302307, -0.00106092, -0.00130267, -0.00201523, -0.000878834, -0.00534432
# -6.85965e-05, 0.0309271, -0.00161178, -6.30715e-05, -0.000321333, 0.000448008, 0.000278052, 0.00103703, -0.000171618, 0.000389401, -0.00052097, 0.00164716, 0.00893997, -0.00140479, -0.0469827, -0.0404893, -0.0575743, -0.0503237, -0.048104, -0.0531639, -0.0519182, -0.0522309, -0.0490897, -0.0442257, 0.000955763, -0.0208152, 0.0111487, -0.00633845, -0.0119857, 0.00573927, -0.00342389, 0.00429019, -0.0066205, -0.00023022
# 0.000978486, -0.00161178, 0.0141549, 0.0002607, 0.000916477, 1.21751e-05, -0.000246248, -0.000233804, 0.000951591, 5.32465e-05, 6.61482e-05, -0.000464366, 0.0101673, 0.00093958, -0.00452552, -0.00872731, -0.00927362, -0.00500167, -0.00732152, -0.0057779, -0.00482119, -0.00109744, -0.0102442, -0.00613348, -0.0208424, -0.0208519, -0.0283266, -0.0291391, -0.0203613, -0.0222167, -0.0260784, -0.020032, -0.0158543, -0.0281591
# 2.95059e-06, -6.30715e-05, 0.0002607, 0.00220366, -3.54963e-05, 2.32489e-05, -0.000434781, 1.78075e-05, 0.000312006, 0.000137525, -0.000189987, -0.000574925, 0.00168484, 0.00106527, -0.00143353, 0.0017084, -0.00184841, 0.00122064, -0.000884764, -0.000181161, 0.00183542, 0.000215883, 0.00056833, -0.0019018, -0.000499648, -0.00208916, -0.00223696, -0.00425017, -0.000660374, -0.00262785, -0.00183589, 0.000210528, -0.00165317, 0.00126625
# 0.000292986, -0.000321333, 0.000916477, -3.54963e-05, 0.00205419, -0.000201157, 6.51889e-05, -0.000141767, 0.000413141, 2.31934e-05, 0.000366873, -0.000173818, 0.00122107, 0.00159383, 0.00127472, -0.000663074, -0.000646046, -0.00214617, -0.0021331, -0.00281577, -0.00273424, -3.7018e-05, -0.000190144, -0.000145881, -0.00112579, -0.00155497, -0.000885274, -0.000692097, -0.0016048, -0.00165304, -0.00277975, 0.00171002, -0.00292269, -0.00242008
# 8.63936e-05, 0.000448008, 1.21751e-05, 2.32489e-05, -0.000201157, 0.00172605, -7.94622e-05, -0.000154846, -5.8436e-05, 0.000162275, -0.000203909, 1.03787e-05, -0.000325139, 0.00399294, 0.000833715, -0.000679961, 0.00144386, 0.000207369, -0.001531, -0.00148549, -0.000382828, -0.000557405, -0.00111796, -0.00203749, -0.000855548, 0.00102141, -0.00383241, 0.0023081, 0.00098731, 0.0015821, 0.000893551, 0.00036457, 0.00100097, 0.00416406
# 0.000216934, 0.000278052, -0.000246248, -0.000434781, 6.51889e-05, -7.94622e-05, 0.00185049, -2.70177e-05, -0.000144685, -9.48505e-05, 5.60564e-05, 0.00171962, -0.00117289, -0.00627768, -0.000800872, 0.000156541, 0.000135261, -0.000663462, -0.00179896, -0.00200908, 0.00034069, 0.000780336, 0.000317593, -0.000386635, -6.49148e-05, 0.003118, 0.00187051, -0.00087896, 0.00265442, 0.00431274, -0.000104909, -0.000395058, -0.0023169, 0.000851424
# -0.000238179, 0.00103703, -0.000233804, 1.78075e-05, -0.000141767, -0.000154846, -2.70177e-05, 0.00233192, -0.000153761, 0.000172409, -8.91547e-05, 0.00107943, -0.000308558, -0.000624193, -0.00411912, 0.000916197, -0.00219262, -0.0014487, -0.000928505, -0.0013603, -0.00114623, -0.00229997, 0.00111373, -0.000665386, 0.00266416, -0.00424464, 0.00418534, 0.00201844, -0.000330225, -0.00213027, 0.000121136, 0.00141572, -0.00349898, -0.00242166
# 0.000143908, -0.000171618, 0.000951591, 0.000312006, 0.000413141, -5.8436e-05, -0.000144685, -0.000153761, 0.00246899, -0.000110128, 2.03397e-05, -0.000853843, 0.00156895, -0.00346064, -0.00100393, -0.000249817, -0.000910606, -0.000960051, 0.000335535, 0.00108735, -0.00177296, 0.00158432, -0.0028964, -0.00240931, -0.00132561, -0.00111133, -0.000816167, -0.00104872, -0.00133066, -6.48904e-05, -0.00281374, -0.00482406, 0.00187502, 0.00159588
# -0.000199629, 0.000389401, 5.32465e-05, 0.000137525, 2.31934e-05, 0.000162275, -9.48505e-05, 0.000172409, -0.000110128, 0.00147016, -2.51982e-05, 0.000498186, 0.00117106, -0.00225716, -0.00226525, 0.000622615, -0.00200443, -8.69744e-05, -0.00045884, -0.00144221, -0.000467411, 0.000976976, 0.000789439, 0.000391009, 0.00223074, -0.00104997, 0.00206043, 0.00108976, -0.0013775, 0.000465996, -0.00368814, -0.00119884, -0.00143188, 6.44982e-05
# 0.000165972, -0.00052097, 6.61482e-05, -0.000189987, 0.000366873, -0.000203909, 5.60564e-05, -8.91547e-05, 2.03397e-05, -2.51982e-05, 0.00212261, -0.000357243, -0.000340212, -0.000437849, 0.000233714, 0.000878721, 0.000393161, 0.000990895, 0.000716849, 0.000560326, 0.000166748, 0.000210813, 0.00197037, 0.000286403, 0.000102702, 0.000747912, -0.00469977, -0.000757196, 0.00099227, 0.00532615, 0.000125917, -0.00140288, -0.00237808, -0.00306274
# 9.98494e-05, 0.00164716, -0.000464366, -0.000574925, -0.000173818, 1.03787e-05, 0.00171962, 0.00107943, -0.000853843, 0.000498186, -0.000357243, 0.0730439, -0.00333111, -0.0500097, 0.0315082, -0.0214047, -0.0252789, 0.0178891, -0.045342, -0.0698305, 0.0510862, 0.0727373, 0.0108077, -0.00700527, 0.0137501, -0.0129445, 0.0103023, -0.0120716, -0.0252348, -0.0163558, 0.00940509, 0.00448618, -0.00228049, -0.00951862
# 0.00250981, 0.00893997, 0.0101673, 0.00168484, 0.00122107, -0.000325139, -0.00117289, -0.000308558, 0.00156895, 0.00117106, -0.000340212, -0.00333111, 0.23174, -0.0701044, -0.0198497, -0.0142035, -0.121421, -0.0124466, -0.00543387, -0.0361004, 0.0125363, 0.0164767, -0.0256138, -0.0234937, -0.0174189, 0.00457915, 0.0452217, -0.0468652, -0.039628, 0.0194643, -0.0488929, -0.0368971, -0.0120912, -0.0312164
# -0.00284022, -0.00140479, 0.00093958, 0.00106527, 0.00159383, 0.00399294, -0.00627768, -0.000624193, -0.00346064, -0.00225716, -0.000437849, -0.0500097, -0.0701044, 0.803302, 0.0282161, -0.0309839, 0.11609, -0.0419467, -0.0220265, -0.00482813, -0.0443376, -0.0405735, -0.000132099, 0.0290794, 0.057811, -0.0692814, -0.246135, 0.125754, -0.12711, -0.176038, 0.102265, 0.243655, 0.030318, -0.0547376
# -0.00237669, -0.0469827, -0.00452552, -0.00143353, 0.00127472, 0.000833715, -0.000800872, -0.00411912, -0.00100393, -0.00226525, 0.000233714, 0.0315082, -0.0198497, 0.0282161, 0.217472, 0.0471781, 0.0859501, 0.0987152, 0.0550789, 0.0616971, 0.104427, 0.118538, 0.083643, 0.0764274, -0.0920805, 0.0380205, -0.0160906, -0.00932789, 0.00348136, -0.0323297, 0.0468442, 0.0106521, 0.0320074, 0.0132498
# -0.00112004, -0.0404893, -0.00872731, 0.0017084, -0.000663074, -0.000679961, 0.000156541, 0.000916197, -0.000249817, 0.000622615, 0.000878721, -0.0214047, -0.0142035, -0.0309839, 0.0471781, 0.18674, 0.0750651, 0.069435, 0.0994024, 0.108449, 0.0671496, 0.0586725, 0.0757153, 0.05613, 0.0159812, -0.0822618, 0.0234068, 0.0141554, 0.034011, 0.0163016, -0.0241122, -0.0158086, 0.0186444, 0.0435519
# -0.00282665, -0.0575743, -0.00927362, -0.00184841, -0.000646046, 0.00144386, 0.000135261, -0.00219262, -0.000910606, -0.00200443, 0.000393161, -0.0252789, -0.121421, 0.11609, 0.0859501, 0.0750651, 0.295495, 0.0891994, 0.103549, 0.130803, 0.0772416, 0.059296, 0.107584, 0.0898259, 0.022754, 0.0514913, -0.159335, 0.0558369, 0.0602087, -0.00906749, 0.0363129, 0.0381079, 0.0396601, 0.0407736
# -0.000817641, -0.0503237, -0.00500167, 0.00122064, -0.00214617, 0.000207369, -0.000663462, -0.0014487, -0.000960051, -8.69744e-05, 0.000990895, 0.0178891, -0.0124466, -0.0419467, 0.0987152, 0.069435, 0.0891994, 0.173884, 0.0679795, 0.0719443, 0.111378, 0.10639, 0.0928084, 0.0730262, 0.0201316, 0.0492146, -0.0071865, -0.0690483, 0.0439278, 0.0339632, 0.0214471, -8.48209e-05, 0.0425039, 0.0160065
# -0.00156506, -0.048104, -0.00732152, -0.000884764, -0.0021331, -0.001531, -0.00179896, -0.000928505, 0.000335535, -0.00045884, 0.000716849, -0.045342, -0.00543387, -0.0220265, 0.0550789, 0.0994024, 0.103549, 0.0679795, 0.233899, 0.150062, 0.0602263, 0.0485255, 0.0739408, 0.0791243, -0.00759284, 0.0531782, 0.00792468, 0.035316, -0.0599072, 0.0065396, -0.00530761, -0.0275212, 0.0274836, 0.0383462
# -0.00116877, -0.0531639, -0.0057779, -0.000181161, -0.00281577, -0.00148549, -0.00200908, -0.0013603, 0.00108735, -0.00144221, 0.000560326, -0.0698305, -0.0361004, -0.00482813, 0.0616971, 0.108449, 0.130803, 0.0719443, 0.150062, 0.288956, 0.0521653, 0.0305425, 0.0914057, 0.0911855, -0.0242702, 0.0676956, 0.0243275, 0.051269, 0.032005, -0.07832, -0.0059925, -0.0180183, 0.0244526, 0.0177454
# -0.000775284, -0.0519182, -0.00482119, 0.00183542, -0.00273424, -0.000382828, 0.00034069, -0.00114623, -0.00177296, -0.000467411, 0.000166748, 0.0510862, 0.0125363, -0.0443376, 0.104427, 0.0671496, 0.0772416, 0.111378, 0.0602263, 0.0521653, 0.242669, 0.159729, 0.110602, 0.0714624, 0.0199735, 0.0378557, -0.00676831, 0.000289667, 0.0115451, -0.01435, -0.0730927, 0.00558226, 0.0344244, 0.0230621
# 0.000137142, -0.0522309, -0.00109744, 0.000215883, -3.7018e-05, -0.000557405, 0.000780336, -0.00229997, 0.00158432, 0.000976976, 0.000210813, 0.0727373, 0.0164767, -0.0405735, 0.118538, 0.0586725, 0.059296, 0.10639, 0.0485255, 0.0305425, 0.159729, 0.255828, 0.0960341, 0.0743679, 0.0245142, 0.0328507, 0.0107411, 0.0326955, -0.0224373, -0.0299229, 0.0152318, -0.0885327, 0.0299317, 0.00257915
# -0.00147944, -0.0490897, -0.0102442, 0.00056833, -0.000190144, -0.00111796, 0.000317593, 0.00111373, -0.0028964, 0.000789439, 0.00197037, 0.0108077, -0.0256138, -0.000132099, 0.083643, 0.0757153, 0.107584, 0.0928084, 0.0739408, 0.0914057, 0.110602, 0.0960341, 0.191222, 0.0922594, 0.000188707, 0.0457821, 0.00793637, 0.0468832, 0.0309032, -0.0278466, 0.0141305, 0.0374558, -0.0988007, -0.000613646
# -0.000640986, -0.0442257, -0.00613348, -0.0019018, -0.000145881, -0.00203749, -0.000386635, -0.000665386, -0.00240931, 0.000391009, 0.000286403, -0.00700527, -0.0234937, 0.0290794, 0.0764274, 0.05613, 0.0898259, 0.0730262, 0.0791243, 0.0911855, 0.0714624, 0.0743679, 0.0922594, 0.194409, -0.00272706, 0.0358396, 0.0169445, 0.0501413, 0.0259613, -0.0232565, 0.043074, 0.0205343, -0.00523246, -0.144734
# 0.0013514, 0.000955763, -0.0208424, -0.000499648, -0.00112579, -0.000855548, -6.49148e-05, 0.00266416, -0.00132561, 0.00223074, 0.000102702, 0.0137501, -0.0174189, 0.057811, -0.0920805, 0.0159812, 0.022754, 0.0201316, -0.00759284, -0.0242702, 0.0199735, 0.0245142, 0.000188707, -0.00272706, 0.616201, 0.0341028, 0.0234969, 0.0538857, 0.068413, 0.0662418, -0.00134819, 0.0562247, 0.0416133, 0.0411078
# -0.000113496, -0.0208152, -0.0208519, -0.00208916, -0.00155497, 0.00102141, 0.003118, -0.00424464, -0.00111133, -0.00104997, 0.000747912, -0.0129445, 0.00457915, -0.0692814, 0.0380205, -0.0822618, 0.0514913, 0.0492146, 0.0531782, 0.0676956, 0.0378557, 0.0328507, 0.0457821, 0.0358396, 0.0341028, 0.613581, 0.0335379, 0.0242211, 0.124635, 0.0565126, 0.0814597, 0.0495676, 0.0376338, 0.102281
# -0.00151103, 0.0111487, -0.0283266, -0.00223696, -0.000885274, -0.00383241, 0.00187051, 0.00418534, -0.000816167, 0.00206043, -0.00469977, 0.0103023, 0.0452217, -0.246135, -0.0160906, 0.0234068, -0.159335, -0.0071865, 0.00792468, 0.0243275, -0.00676831, 0.0107411, 0.00793637, 0.0169445, 0.0234969, 0.0335379, 0.709469, 0.0677333, 0.0361283, 0.0549326, -0.0018588, -0.029054, 0.0142733, 0.0382806
# -0.00117657, -0.00633845, -0.0291391, -0.00425017, -0.000692097, 0.0023081, -0.00087896, 0.00201844, -0.00104872, 0.00108976, -0.000757196, -0.0120716, -0.0468652, 0.125754, -0.00932789, 0.0141554, 0.0558369, -0.0690483, 0.035316, 0.051269, 0.000289667, 0.0326955, 0.0468832, 0.0501413, 0.0538857, 0.0242211, 0.0677333, 0.686492, 0.0340339, -0.0613459, 0.122061, 0.0748967, -0.0294773, -0.0169689
# -0.000302307, -0.0119857, -0.0203613, -0.000660374, -0.0016048, 0.00098731, 0.00265442, -0.000330225, -0.00133066, -0.0013775, 0.00099227, -0.0252348, -0.039628, -0.12711, 0.00348136, 0.034011, 0.0602087, 0.0439278, -0.0599072, 0.032005, 0.0115451, -0.0224373, 0.0309032, 0.0259613, 0.068413, 0.124635, 0.0361283, 0.0340339, 0.65844, 0.165806, 0.0224626, 0.0145372, -0.00107897, 0.0571643
# -0.00106092, 0.00573927, -0.0222167, -0.00262785, -0.00165304, 0.0015821, 0.00431274, -0.00213027, -6.48904e-05, 0.000465996, 0.00532615, -0.0163558, 0.0194643, -0.176038, -0.0323297, 0.0163016, -0.00906749, 0.0339632, 0.0065396, -0.07832, -0.01435, -0.0299229, -0.0278466, -0.0232565, 0.0662418, 0.0565126, 0.0549326, -0.0613459, 0.165806, 0.696128, -0.0184187, -0.104723, 0.0545794, 0.103964
# -0.00130267, -0.00342389, -0.0260784, -0.00183589, -0.00277975, 0.000893551, -0.000104909, 0.000121136, -0.00281374, -0.00368814, 0.000125917, 0.00940509, -0.0488929, 0.102265, 0.0468442, -0.0241122, 0.0363129, 0.0214471, -0.00530761, -0.0059925, -0.0730927, 0.0152318, 0.0141305, 0.043074, -0.00134819, 0.0814597, -0.0018588, 0.122061, 0.0224626, -0.0184187, 0.703692, 0.112323, 0.0708018, 0.0124539
# -0.00201523, 0.00429019, -0.020032, 0.000210528, 0.00171002, 0.00036457, -0.000395058, 0.00141572, -0.00482406, -0.00119884, -0.00140288, 0.00448618, -0.0368971, 0.243655, 0.0106521, -0.0158086, 0.0381079, -8.48209e-05, -0.0275212, -0.0180183, 0.00558226, -0.0885327, 0.0374558, 0.0205343, 0.0562247, 0.0495676, -0.029054, 0.0748967, 0.0145372, -0.104723, 0.112323, 0.570501, 0.000458617, -0.0291871
# -0.000878834, -0.0066205, -0.0158543, -0.00165317, -0.00292269, 0.00100097, -0.0023169, -0.00349898, 0.00187502, -0.00143188, -0.00237808, -0.00228049, -0.0120912, 0.030318, 0.0320074, 0.0186444, 0.0396601, 0.0425039, 0.0274836, 0.0244526, 0.0344244, 0.0299317, -0.0988007, -0.00523246, 0.0416133, 0.0376338, 0.0142733, -0.0294773, -0.00107897, 0.0545794, 0.0708018, 0.000458617, 0.564394, 0.120788
# -0.00534432, -0.00023022, -0.0281591, 0.00126625, -0.00242008, 0.00416406, 0.000851424, -0.00242166, 0.00159588, 6.44982e-05, -0.00306274, -0.00951862, -0.0312164, -0.0547376, 0.0132498, 0.0435519, 0.0407736, 0.0160065, 0.0383462, 0.0177454, 0.0230621, 0.00257915, -0.000613646, -0.144734, 0.0411078, 0.102281, 0.0382806, -0.0169689, 0.0571643, 0.103964, 0.0124539, -0.0291871, 0.120788, 0.726529
-704.78232,0.99105213,0.26751131,4,31,0,721.02824,0.45788728,2.2326504,-0.37936338,0.25926962,-0.37193184,0.28421303,-0.17938948,0.29050255,-0.10628247,0.45065947,-0.26406017,-1.1805428,-1.9926954,0.90986167,-0.39421615,0.57059856,0.68779663,-0.21899518,0.96843387,2.7475167,-0.95143205,-1.7100687,-0.5194356,-0.059634601,-2.0370479,-0.19299847,0.39748691,0.25272483,0.55653552,-0.020066035,-1.0052187,-1.3274763,0.33461685,-0.85466933
-703.14731,0.942829,0.26751131,4,15,0,722.04666,0.36837766,2.6216461,-0.88736241,0.26733474,-0.3272509,0.16131035,-0.080083613,0.40500445,-0.15366711,0.39056424,-0.22204851,-0.30810585,-2.2632345,0.60262253,-0.93489671,0.43148443,0.32673522,-0.07642268,0.769872,0.91007797,-1.0753697,-1.3206146,-0.091652761,0.18698577,0.0067931517,-0.77453547,2.1698823,1.3638213,0.36230586,-0.54965134,-0.15711699,-1.0782132,0.61912367,-0.36919383
-693.53361,0.55215312,0.26751131,4,15,0,713.91266,0.38568028,2.5200217,-0.50865074,0.26907295,-0.45453964,0.21498581,-0.057367337,0.31276139,-0.12595879,0.36698054,-0.34974773,-0.75989517,-1.4190884,0.76859553,-0.63539373,0.32198608,0.083923827,-0.33885211,0.68646447,1.3559395,-0.77996787,-1.2258431,-0.61883736,-0.054095808,0.56658511,-0.55957036,1.3434947,-0.76280955,-0.36737848,-0.92205479,-0.79461695,-1.3497443,0.46620975,-0.074786829
-689.79906,0.98334355,0.26751131,4,15,0,706.33541,0.38202092,2.5405624,-0.57459237,0.2774325,-0.3699788,0.24271777,-0.10938329,0.4146484,-0.10834293,0.35166116,-0.21052316,-0.54646442,-1.5045217,-0.02926693,-0.62005026,0.47300578,0.22055189,-0.55398986,0.53135074,1.1335438,-1.1717493,-1.2786626,0.18997728,-0.15089174,-0.89084543,0.44263312,1.4832407,0.55114743,0.21647471,0.081140385,-0.55738597,-1.6485013,-1.243058,0.49217058
-692.5152,0.95791969,0.26751131,4,15,0,704.22124,0.42509066,2.5715067,-0.67201583,0.27696322,-0.38080887,0.18196394,-0.12454471,0.34655259,-0.14002094,0.40697027,-0.30428886,-0.47931818,-1.3304025,0.016062798,-0.89935691,0.37547065,-0.23729982,-0.65422889,0.42901372,1.7546419,-0.7861324,-1.4114479,-0.79378896,-0.3830926,0.56723035,-0.58900823,2.1049496,-0.032990985,0.48940386,-1.2911599,-1.1130281,-1.328236,1.9303777,0.41734239
-700.3454,0.8958385,0.26751131,4,15,0,712.82684,0.40431722,2.323224,-0.58617793,0.18213942,-0.23794721,0.2366569,-0.11311961,0.44067389,-0.098149327,0.36787094,-0.15267835,-0.61516628,-1.6913152,0.2825322,-0.68976382,0.78507022,1.1790349,-0.0026918049,1.1521369,1.298342,-1.3849231,-1.2868144,0.015405822,0.19526402,0.16695835,0.33367657,-0.29995945,0.0418952,-0.52843268,-0.16191004,0.77637565,0.084441244,-0.26941802,0.61120747
-709.76398,0.86098338,0.26751131,4,15,0,722.9871,0.38501645,2.2105014,-0.49646224,0.31451837,-0.56572467,0.23477853,-0.1460712,0.28476257,-0.13920451,0.43790578,-0.35431835,-0.80624015,-2.0329553,0.22670852,-0.43612339,0.73328015,0.10608496,0.96362794,1.5307777,2.0793497,0.23474098,-0.76216691,0.10542078,0.79657602,0.12828238,-0.15592221,3.2323921,-2.3010306,-0.12938904,0.44905038,-1.0239535,-1.8152477,0.63263036,-0.081727004
-698.15675,0.97661885,0.26751131,4,15,0,725.80702,0.34543581,2.3833415,-0.43072744,0.30009403,-0.38803681,0.25685798,-0.11036394,0.26991603,-0.14253509,0.39793867,-0.23930485,-0.96466577,-1.0675639,0.17813225,-1.4967759,0.35369393,0.60805061,0.035714466,1.1276313,1.7191571,-0.58708142,-1.4766254,-0.31961043,0.44685627,0.22409172,-0.20575928,1.7819101,0.95828493,0.17152924,0.39657485,-1.5820236,-0.82773437,-0.36181949,0.13173778
-705.70076,0.95529794,0.26751131,4,15,0,717.90336,0.3849714,2.3354306,-0.6678072,0.22187546,-0.42742121,0.29397837,-0.13135934,0.31198936,-0.080016997,0.46731573,-0.1808786,-0.74560717,-1.5780467,0.61183921,-0.48837591,0.98946424,-0.18272535,0.68562696,1.199895,1.7602627,-1.1087525,-1.2209572,-0.073034059,1.2711696,0.7035171,-0.72110876,1.6975419,-2.3695206,-1.8251037,1.1506693,0.55902051,-0.11561077,-0.15368653,-1.5590433
-696.10181,0.9751797,0.26751131,4,15,0,719.12287,0.37313564,2.2191088,-0.44571449,0.25942133,-0.46587919,0.26847987,-0.099125962,0.33125668,-0.08951111,0.44148802,-0.27530604,-0.77476709,-1.7583764,-0.34114613,-0.38262074,0.9589672,1.0932415,0.48779325,1.4126959,2.3185042,-0.7327074,-1.9685628,0.23897407,0.35367163,-0.23383547,-0.47969875,1.9220785,-0.85909404,-0.91954307,0.69020285,-0.79743689,-0.25695821,-0.73676296,-0.077900791
-690.50462,0.93999238,0.26751131,4,15,0,714.4586,0.43447402,2.2378614,-0.66019254,0.25631614,-0.36784309,0.20304095,-0.1235076,0.39779556,-0.11097883,0.37985842,-0.20010307,-0.82192746,-0.98993843,-0.26329674,-0.42858238,0.87213033,-0.28903898,-0.64820957,1.761126,1.9837877,-0.47423307,-1.2630565,0.14267968,0.4288184,0.36674175,0.65808294,2.0020964,0.80244776,-0.034332791,0.53708145,-0.25894459,-0.95330932,0.66382692,0.89941455
-689.78213,0.93252399,0.26751131,4,15,0,704.12761,0.41007983,2.5658568,-0.4687614,0.28277005,-0.45625943,0.26254365,-0.16346529,0.3747299,-0.11932775,0.46746013,-0.33897504,-0.50631308,-1.3012683,0.34714855,-0.88573105,0.78835162,0.26844762,0.083418052,0.77648262,0.829678,-0.94705322,-1.2973942,-0.38648796,-0.39843326,-0.26681296,-1.7147787,1.0709124,-0.97312775,-1.4405672,-0.41775658,-1.2059333,-1.1880261,-0.61825518,0.69506114
-697.47654,0.83000926,0.26751131,4,15,0,715.30831,0.45790048,2.6033266,-0.39807517,0.29085799,-0.51459459,0.29195579,-0.1698097,0.33773806,-0.13197596,0.42869548,-0.2032081,-0.96664805,-0.50340802,0.76965482,-0.87944291,0.14453935,-0.21046847,-0.44650013,0.8651923,1.3293496,-0.8315114,-1.9335586,-0.69791387,-0.36616186,-0.16373141,-0.61128655,0.99721099,-0.85300472,-1.3580689,-1.0971576,0.052063257,1.2061263,0.21251793,0.34725719
-693.89854,0.93603797,0.26751131,4,15,0,709.81117,0.42636777,2.4052192,-0.23291519,0.20637317,-0.38946645,0.22123206,-0.14807833,0.3329147,-0.09775341,0.42809176,-0.22840821,-0.78063015,-0.74335567,0.7187609,-0.83517886,0.28098405,0.088475672,-0.42821002,0.5805717,0.72147253,-1.422061,-2.3178174,-0.07292064,0.2100278,0.034643097,-0.62889823,0.96694382,-0.006625031,-0.45575398,-0.61372285,-0.17454927,1.5458215,-1.0011676,-0.8315269
-691.42086,0.95828762,0.26751131,4,15,0,707.48203,0.42982852,2.7966331,-0.45889229,0.33144512,-0.40352917,0.27295687,-0.13411425,0.34562802,-0.09045733,0.42269347,-0.28813385,-0.61394516,-1.1293,0.27880986,-1.5503025,0.0066265303,-0.86946942,-1.1586354,0.19824445,1.090657,-1.2969566,-1.3756636,-1.2490843,-0.835614,0.21865944,-0.43968617,1.6989665,0.1428533,-0.15329237,0.0074380296,-0.24912235,-0.90354233,0.35370755,0.2029205
-696.57268,0.60619867,0.26751131,4,15,0,710.83715,0.314438,1.9944704,-0.56135642,0.22135961,-0.42782076,0.22831748,-0.12027656,0.38040731,-0.12681403,0.33808089,-0.23942849,-0.34989571,-1.5623861,-0.45575801,-0.12532957,0.88376233,1.0018403,0.76078494,1.5638572,1.8331941,-0.1061775,-0.91443828,0.73657608,1.02707,0.56818518,0.2186043,0.25724405,-0.71194616,-0.73545952,-0.80137505,-0.28870498,-0.035857454,0.36223458,-0.14518929
-693.73074,0.9893685,0.26751131,4,15,0,707.87544,0.4630184,2.3784767,-0.54678029,0.32226736,-0.36385769,0.2811326,-0.14712514,0.34987322,-0.095758621,0.44852726,-0.24392854,-0.61163532,-1.1223209,0.68698851,-0.5952176,0.29373844,0.40471478,-0.063647844,0.54002009,1.190421,-0.32795531,-0.68776855,-0.24615636,0.088329815,0.55380648,0.18675757,2.3836162,0.32304046,0.16122707,1.2362078,-1.4375488,-2.2891423,0.42825113,0.010244559
-692.1016,0.9621852,0.26751131,4,15,0,703.75641,0.41915016,2.3433902,-0.54039232,0.25301781,-0.40155415,0.26396017,-0.1306244,0.36879007,-0.10605687,0.45514076,-0.25202524,-0.70998869,-1.5692365,0.73926502,-0.71440959,0.42313443,0.92966969,-0.3267625,1.4426566,1.5052577,-0.56100174,-1.1933524,-0.045264246,0.2029665,-0.2663326,0.19170931,1.6919826,0.94714161,-0.42134525,0.76418509,-2.4329993,-1.5623719,-0.074392182,0.34960004
-690.91858,0.9858463,0.26751131,4,15,0,704.45834,0.53323749,2.4260331,-0.54286677,0.23491342,-0.34946642,0.2524564,-0.10726033,0.37176996,-0.17001243,0.36861476,-0.26882031,-0.76527598,-1.4523263,0.76376227,-1.0212159,0.24478473,0.24844285,-0.18944228,0.9072978,1.3425604,-1.0380923,-1.5841129,-0.29505266,0.11552788,0.72327027,-0.26666289,1.6251958,0.95578653,-1.1648471,-0.24455473,-0.83605153,-0.7741326,0.079490434,0.2177875
-694.7748,0.96359542,0.26751131,4,15,0,707.21406,0.30274421,2.4603276,-0.648035,0.28803688,-0.40905998,0.16479267,-0.079610685,0.29972205,-0.10309091,0.45106559,-0.20469957,-0.32035229,-1.4509287,-0.47221973,-0.56712179,0.561237,0.082444335,-0.28261117,1.0620951,1.3023186,-0.6448818,-0.8160937,-0.1172797,-0.031520587,0.12561105,-0.34952099,1.4523623,-1.0830373,-0.14923523,1.140233,-0.86810231,-0.12935401,0.079153892,0.14233134
-697.77335,0.958698,0.26751131,4,15,0,712.32816,0.33426571,2.3446919,-0.68660315,0.29627726,-0.48946001,0.16965953,-0.091320996,0.31348187,-0.10809589,0.4839392,-0.27876782,-0.5749965,-1.0333584,-0.46693613,-0.34771251,0.39635753,0.65335925,-0.13724162,1.5437541,2.1819325,-0.42926196,-0.84337921,-0.076954696,0.13130298,0.5853255,0.21147923,1.3366088,0.14937489,-0.11739593,0.7283902,-0.9689715,-0.19804945,0.7615616,0.4923871
-701.8962,0.92294439,0.26751131,4,15,0,717.53227,0.25490825,2.1585215,-0.45747274,0.26211508,-0.43595666,0.24365032,-0.15267421,0.27651956,-0.17241747,0.4697969,-0.29128958,-0.65141887,-1.1873209,-0.10046324,-0.52475212,0.71231643,0.98219735,0.014334561,1.3587328,2.0702277,-0.39029362,-0.93019576,0.270937,1.1784259,-0.19600081,0.62893852,0.5530864,1.4514261,0.057013145,1.0332137,-1.2669028,-0.5092912,-0.89003593,0.40961507
-696.72264,0.96741006,0.26751131,4,15,0,721.29358,0.52067895,2.1797236,-0.48296427,0.23917963,-0.38826662,0.26340488,-0.1725382,0.37363019,-0.071409038,0.32196033,-0.20750686,-0.47630156,-1.8525289,0.25855112,-0.20168801,1.1432269,0.52267949,0.11711633,1.2242335,1.556115,-0.46825396,-0.67134297,0.11177898,0.052794056,-0.027276369,-2.5187247,2.4833696,-1.1536012,0.59312814,-0.72025523,-0.38449387,-1.7910481,0.68814718,0.52834785
-693.1571,0.91524781,0.26751131,4,15,0,715.63878,0.42772751,2.3941885,-0.43458243,0.31060058,-0.36533762,0.22216389,-0.20372154,0.38854883,-0.14027306,0.3962041,-0.23533174,-0.50505581,-1.3539186,0.21792786,-0.43388342,0.82747491,-0.13041219,-0.23698923,0.86709951,0.92164828,-0.91955545,-1.4152253,0.22521048,-0.28497329,-0.25219353,-2.0765568,2.082892,-1.9113436,-0.025186198,-0.31520359,-0.49810255,-0.22304059,-0.45137084,0.73006599
-697.78267,0.93607751,0.26751131,4,15,0,712.8938,0.44119751,2.2679658,-0.41183467,0.2488972,-0.37751566,0.23255857,-0.12585955,0.29310352,-0.10835687,0.33252252,-0.27340119,-0.99501972,-1.5632464,0.51816103,-0.52254407,0.81690403,0.6917811,-0.76140734,1.9271183,2.0261966,-1.2325291,-1.1176575,-0.25798684,-0.030745358,-1.0124014,-0.78582983,0.72384793,1.7639999,-1.7459462,0.034819838,-0.47211711,-2.9249288,-0.57105916,0.76897138
-696.97813,0.69122208,0.26751131,4,15,0,717.63658,0.46028956,2.2320586,-0.40449946,0.29779098,-0.33413981,0.18409934,-0.13960953,0.38066031,-0.10086732,0.39139017,-0.25304182,-0.33944344,-0.89541139,-0.31204014,-0.89857845,1.6989475,0.19801366,0.18877892,0.55159683,1.5388669,-0.54733943,-1.0227853,0.55166394,-0.016047211,0.31707566,-1.7325263,1.4767029,-1.6685287,-0.5204787,0.17635667,-0.95313851,-0.72441852,-1.1887763,0.57389315
-704.2399,0.87572889,0.26751131,4,15,0,716.80671,0.32421577,2.3273741,-0.49403563,0.22119786,-0.46007166,0.29183449,-0.13044225,0.32781166,-0.076522337,0.44542966,-0.26819685,-1.3381343,-1.4381518,0.25401347,-0.023454541,1.6704555,0.70148735,-0.50337789,2.4703082,1.941418,-0.9411202,-1.5166284,-0.41905604,0.75386924,-0.5889654,-0.35030735,0.92770047,1.9241471,-0.085868059,0.44144077,-0.13782185,-1.37037,0.91887577,-0.47958691
-699.09952,0.94812782,0.26751131,4,15,0,722.60173,0.45828019,2.2040297,-0.50665425,0.32409571,-0.37960536,0.16018442,-0.16610629,0.40160804,-0.057979327,0.40005199,-0.26000376,-0.61077734,-1.6158326,-0.2279777,-0.81014771,1.5061659,0.39914185,0.29506785,1.4883045,1.2328459,-0.40017513,-0.5045319,0.37326734,0.39251063,-0.367112,-1.3622358,2.3164162,-1.8926063,0.90684964,1.219756,-2.4035353,-1.9155874,-0.63376837,-0.17003128
-694.85365,0.98650296,0.26751131,4,15,0,712.08664,0.42296921,2.4960857,-0.4076679,0.1789148,-0.43157049,0.29862072,-0.15734908,0.3672202,-0.14870243,0.42365936,-0.25914899,-0.64754495,-1.2236039,0.42628814,-0.52889161,-0.14066815,0.43286111,-0.58834351,0.6124045,1.7420259,-1.1832811,-1.6360324,-0.023706691,0.05523342,-0.82604335,0.37828865,-0.14034304,0.50213059,-1.3991589,-0.34426967,-0.040182297,-0.48688635,-0.90491141,0.97152737
-694.3654,0.95726002,0.26751131,4,15,0,709.53418,0.39660655,2.3062566,-0.44521395,0.22287738,-0.43639957,0.20843034,-0.11698116,0.42205822,-0.060509395,0.42860063,-0.2362003,-1.0533548,-1.1021037,0.019592612,-1.1705893,0.55962678,0.013412032,0.4591239,1.9844972,2.0809082,-1.0338547,-1.7045274,0.25617214,-0.25204001,0.70336637,-0.69979296,1.4059424,-1.4323999,-0.52512838,0.19290991,-1.8085018,-0.65471818,-0.18208678,-0.039510275
-697.96206,0.26325281,0.26751131,4,15,0,720.88647,0.42171585,2.45607,-0.64697037,0.32143182,-0.34446186,0.2292631,-0.13660735,0.33786133,-0.18627679,0.41211686,-0.29541349,-0.64060826,-2.5880196,0.12531054,-0.78532905,0.80164106,0.65750611,-0.56104282,1.1801824,1.5018369,-0.98737866,-1.4196746,-0.5592167,0.69755882,-1.5426558,0.68944436,0.47728762,1.481748,0.42806767,1.1898862,-0.18787371,0.47028909,1.6676476,-0.45397304
-700.52754,0.88247001,0.26751131,4,31,0,721.11122,0.36379064,2.6185484,-0.56946634,0.17430321,-0.41656482,0.22160519,-0.15903551,0.41052256,-0.055714838,0.43953483,-0.25577076,-0.53553593,-3.7705275,0.029065962,-0.90253525,0.21498158,0.06229099,-0.21756015,0.19210553,1.0785577,-1.2477384,-1.9498956,-0.10509171,-0.04954776,0.5868734,-0.65979119,0.13776752,-1.5633352,0.223393,0.46173466,-0.2939146,0.9858879,-1.2279614,-1.1068382
-699.34119,0.96745982,0.26751131,4,15,0,717.01822,0.4446476,2.35729,-0.50597139,0.2843935,-0.38925448,0.20610349,-0.090548441,0.36170612,-0.14430685,0.43706625,-0.24825099,-0.5477132,-3.0180419,0.015311761,-0.32956077,0.47517568,0.96917864,-0.39909093,1.373793,1.2586437,-0.96584256,-0.95823981,-0.13415392,0.39403152,-1.3595311,-0.91891017,-0.4082073,0.30869939,-0.72577534,-1.4854892,-0.72999382,-0.46729832,0.23565367,0.62729266
-701.83299,0.91279203,0.26751131,4,15,0,715.92316,0.33060188,2.7758225,-0.53551474,0.22093122,-0.36340932,0.3048476,-0.17334345,0.40795915,-0.085985238,0.37820348,-0.22539552,-0.62034112,-2.8707114,-0.19543781,-1.5864628,-0.075697718,0.047100645,-0.66292363,0.032875659,1.3606929,-1.9389443,-2.4221105,-0.84463412,-0.53694563,0.34370085,-0.10317777,1.3297541,-0.31020629,0.044110127,0.58715628,-0.49461834,1.6080928,1.7450509,0.27477129
-700.17442,0.92626075,0.26751131,4,15,0,719.75649,0.41388353,2.2141175,-0.68826424,0.33771501,-0.38384079,0.2555623,-0.1159048,0.37023974,-0.13532863,0.43636837,-0.23904266,-0.66865883,-2.2422564,0.041650402,-0.13384918,1.3154681,0.94307937,0.18646238,1.3875533,1.3310296,-0.12821934,-0.97350218,0.18222427,0.92380343,-0.14408218,0.73952338,0.72946944,0.85054817,-1.9108541,0.81968358,-1.9884529,1.2910716,0.69965018,-0.60605205
-698.49266,0.94457427,0.26751131,4,15,0,716.42426,0.36867415,2.2573355,-0.66818008,0.25324817,-0.42301332,0.23538107,-0.2051338,0.4427384,-0.15002919,0.43748272,-0.23626309,-0.51382124,-2.2064905,-0.26806798,-0.38828889,0.95827485,1.2721348,-0.094601378,1.4516313,1.8591353,-0.75678612,-1.1060211,-0.021681932,0.42237727,0.53316693,-0.60587736,-0.66953563,0.17131173,-2.0916244,1.7358456,-1.0596597,-0.34068668,1.9566516,-0.13309766
-696.61669,0.8753121,0.26751131,4,31,0,715.64292,0.37700904,2.9830044,-0.66950772,0.25022553,-0.36976327,0.21045354,-0.081572432,0.33527222,-0.17321426,0.42483798,-0.36337616,-0.40096314,-2.1822892,-0.32831107,-1.3513629,-0.27290119,-0.31705459,-0.94177873,-0.12855697,0.42170938,-1.7467087,-2.3351294,-0.97148672,-0.45394573,-0.77764624,0.11856156,0.72709734,0.071402079,1.1037865,0.65160917,-0.20056572,0.87429052,-0.22693577,0.82082806
-695.09146,0.90408993,0.26751131,4,31,0,719.64428,0.38721808,2.9544203,-0.69250866,0.23278951,-0.38000879,0.19676948,-0.08554606,0.34735374,-0.16803756,0.44366281,-0.34140735,-0.36926146,-2.2399389,-0.31668458,-1.4864283,-0.2224818,-0.16071897,-0.83011112,-0.074587027,0.36132268,-1.577169,-2.1978625,-0.98526982,-0.52868528,-0.56012767,0.36318218,0.88650367,0.32401203,0.7419112,0.59177675,-0.13906415,0.99325155,-0.33273549,0.81762785
-695.97634,0.97398446,0.26751131,4,15,0,709.02983,0.37308854,2.4972835,-0.66199818,0.28942076,-0.45269784,0.29420328,-0.2060056,0.42046064,-0.11235212,0.4126972,-0.21663713,0.094918733,-3.2559011,0.17955858,-0.71875622,0.43172243,0.31853402,-0.12353026,0.56068873,0.82311185,-0.45328086,-0.8826769,-0.20856531,0.099624024,1.7140319,0.085173293,0.89144409,0.25878487,-0.48612831,0.25646456,-0.38060321,-1.1138483,0.51304156,-0.82060435
-694.73279,0.99752203,0.26751131,4,15,0,710.83669,0.46165491,2.5784676,-0.56984777,0.20444838,-0.42721051,0.25685823,-0.076462021,0.36723721,-0.15959925,0.43882629,-0.20189289,-0.18893044,-2.265636,0.34027599,-0.31581392,0.045587931,-0.0366656,-0.38162469,0.38406613,0.76653474,-0.95075515,-1.0819262,-0.18925586,-0.10149371,1.1424416,1.5300945,1.5516576,0.55995577,-0.011123248,-1.1059928,0.3393749,-1.9259904,-0.47061241,0.45002539
-690.88147,0.80277969,0.26751131,4,31,0,711.96568,0.40752701,2.7401307,-0.44756365,0.30299782,-0.35092572,0.24280648,-0.19900596,0.37086678,-0.083037587,0.44620165,-0.28649327,-0.47713514,-1.6560171,0.73324647,-1.3004384,-0.24835837,-0.10696884,-0.60094616,0.1691037,0.73761539,-1.5707353,-1.6574037,-0.85452338,-0.078573685,-0.53882713,-0.64748672,1.345846,-1.0715316,-0.34405945,0.37761954,1.1629397,-0.30546524,0.1603882,-0.55919684
-695.29054,0.87069722,0.26751131,4,15,0,707.44254,0.4308077,2.1146857,-0.55398286,0.21044711,-0.4508926,0.2012892,-0.10328552,0.37923154,-0.14516573,0.36363102,-0.24555052,-0.60519514,-1.628381,0.22227461,0.17873338,0.89080417,0.53165419,0.22843093,1.5232557,1.7120442,-0.19703942,-0.84884504,0.54445266,0.24636425,0.9155598,0.70841489,0.84741289,0.71586541,-1.3525527,-0.44276596,-2.2999273,-0.99861781,-0.86402688,0.99502166
-699.07641,0.85399919,0.26751131,5,31,0,713.22212,0.29688913,2.5016633,-0.59709774,0.31410851,-0.3708439,0.23679716,-0.15145798,0.37139567,-0.14312541,0.40351797,-0.23112495,-0.50268123,-2.1497515,0.46218591,-0.67939625,0.1874314,0.45016378,-0.47705266,0.52641908,1.4896732,-0.98215693,-1.4143003,-0.22301418,-0.36231362,-1.6709599,-0.77010642,0.45184327,-1.1072585,0.51859987,0.65729511,1.7878027,0.93311966,0.55183599,0.14613378
-691.73648,0.98460182,0.26751131,4,15,0,710.75711,0.39214569,2.6192906,-0.48425362,0.18070699,-0.45153314,0.20255244,-0.12567374,0.40558288,-0.15116649,0.41765639,-0.22394928,-0.4370419,-1.4526425,-0.22893853,-1.0526729,0.43493507,-0.35286107,-0.32472829,0.83611531,0.66783693,-1.0286334,-1.4733164,-0.53467979,0.24143886,1.3262762,-1.1126087,1.2721432,-0.31057168,-1.2450976,0.67934309,-1.6089934,-0.4291923,0.47788419,-0.6726336
-694.32371,0.9816719,0.26751131,4,15,0,705.72914,0.40899728,2.3816984,-0.59766093,0.16508072,-0.46959006,0.12432045,-0.12631117,0.38866425,-0.175136,0.39615994,-0.28060915,-0.23548487,-1.3900001,0.25655813,-0.72227538,0.80431921,0.27796826,-0.13478128,0.68750406,1.1050372,-0.39344396,-1.0309537,0.19911218,-0.066775704,2.0844205,-0.70942925,1.6965401,0.33588633,-0.55141239,0.027883185,-1.440631,0.073205319,-0.21395852,0.0061617617
-700.80416,0.77069043,0.26751131,4,15,0,712.95829,0.37364662,2.9523713,-0.61743346,0.39008112,-0.36227387,0.3719977,-0.17261565,0.39687156,-0.11098478,0.45998529,-0.27512088,-0.44672635,-2.1947607,0.23888536,-1.165444,-0.036004179,-0.29910473,-0.95270483,-0.11230462,0.75882613,-1.636815,-1.6228317,-0.5498371,-0.93616019,-1.0853593,0.19034288,1.5776968,0.64139026,0.1224322,-0.38339107,0.37792306,-1.2369507,-0.20172714,0.49216253
-698.25964,0.98265783,0.26751131,4,15,0,710.80145,0.40789085,2.1813021,-0.48039698,0.1427567,-0.39581378,0.14008801,-0.092016885,0.29705849,-0.11478196,0.35546927,-0.2677727,-1.0148682,-0.92108338,0.26037623,-0.33622858,0.77228416,0.54215206,-0.013722448,1.5784957,1.7664259,-0.67885519,-1.8010946,-0.64925467,0.72107309,0.9366766,-0.28764001,0.76335954,-0.68654691,-0.72072361,0.55359282,-1.4338833,-0.45127246,1.1363734,-0.30778624
-702.80474,0.98633718,0.26751131,4,15,0,721.58829,0.34385154,2.4645962,-0.49829407,0.27955678,-0.41001234,0.11097275,-0.16557075,0.44969184,-0.012900737,0.37420762,-0.26868242,-0.47405508,-0.82150979,-0.0677407,-0.42982324,0.58192592,-0.4542268,0.095334614,0.57255857,1.8477332,-1.0708343,-1.2189782,0.23801324,0.15982154,-1.7018948,-0.25800121,2.1876964,-0.18404062,0.44635206,0.077189203,-0.21428859,-0.62487667,-0.27715669,0.10349991
-707.76087,0.98525055,0.26751131,4,15,0,717.58736,0.43916044,2.5754011,-0.62882202,0.23216157,-0.40127876,0.3565924,-0.095082734,0.37924763,-0.20728785,0.45962691,-0.26654256,-1.1107553,-1.6493248,0.18759736,-2.1607852,0.58296163,0.51071246,-1.0975279,1.6595388,1.1474262,-1.3167696,-1.8618899,-0.87181204,0.076120303,2.9650749,0.011571932,1.5889696,0.34327997,-1.7458683,0.17995901,-1.5584713,-1.3813053,-0.36578809,-0.26850022
-703.95799,0.99662147,0.26751131,4,15,0,726.3346,0.32202112,2.5225564,-0.47210579,0.20084536,-0.40758225,0.27056774,-0.21381963,0.3710918,-0.15167611,0.35062345,-0.27189542,-0.88623699,-1.2347051,0.22730283,-0.85034098,-0.16764567,0.23616444,-0.61086582,1.172074,1.6627757,-0.63705263,-1.1203142,-1.0608957,-0.017054242,-1.249187,-0.3414893,0.30364191,-0.9138233,-1.3905822,0.66397615,-0.15550448,-1.7210378,1.016983,-0.9967425
-701.1921,0.98764612,0.26751131,4,15,0,723.84177,0.39355441,2.3051884,-0.73706041,0.35515099,-0.36669621,0.25731406,-0.12745454,0.48681894,-0.042981185,0.46718288,-0.22874966,-0.84598048,-1.8925828,0.17504239,-0.51476786,1.1719042,0.8013792,0.19858243,1.205426,1.7966529,-1.2169778,-1.276294,0.78329743,0.60725323,0.73127713,0.99448346,2.7834351,0.39039213,1.5178514,-0.3795382,-1.3030477,-0.41285831,-0.27406141,1.0112686
-697.99061,0.98744468,0.26751131,4,15,0,719.24273,0.51150588,2.3702461,-0.54088249,0.3132066,-0.35243289,0.23870803,-0.17104973,0.34327268,-0.030918523,0.37762068,-0.22812569,-0.87366481,-1.3922245,0.63993967,-0.65092272,0.074972038,0.61498018,0.25039394,1.3590244,0.99729651,-1.1703851,-1.2548149,-0.11268044,-0.30545599,1.0335516,1.0375095,1.1176942,-0.38427535,-0.12117627,-0.23189457,-0.73995128,-0.98186659,0.80149841,1.8258483
-696.80593,0.99842375,0.26751131,4,15,0,712.2762,0.41745812,2.2827512,-0.70020316,0.30916805,-0.45499386,0.28872696,-0.10924163,0.37202273,-0.12808185,0.34806581,-0.28609194,-1.035098,-1.4285547,-0.00076494829,-0.4654173,1.1124027,0.37303558,0.038764493,2.3297285,2.0052797,-0.19800799,-1.029164,0.22368731,0.4137491,0.46064515,-0.18244187,3.3923645,-0.049215073,-1.1011457,1.5917731,-1.5648918,-1.341073,0.69879102,0.68144711
-694.37699,1,0.26751131,4,15,0,710.96069,0.31753994,2.4765147,-0.33343641,0.26036345,-0.34158854,0.24111044,-0.2182769,0.43295005,-0.075894001,0.47643196,-0.237455,-0.44213512,-0.82535736,-0.24320504,-0.89351757,0.25200441,-0.017458545,-0.49659517,0.69196174,1.34468,-1.4363471,-1.3831092,-0.36897675,0.099270191,-0.7753417,-1.0981419,1.1675755,0.19995547,-0.705257,-0.60541945,-0.72465136,-1.5761547,-0.29097797,0.26517856
-697.07449,0.98786844,0.26751131,4,15,0,710.36273,0.51126091,2.5664775,-0.64259886,0.29192666,-0.4530842,0.29868269,-0.19222813,0.3818582,-0.1884073,0.43657626,-0.1827356,-0.42161947,-1.6005076,0.29972623,-0.63192916,0.35293146,-0.047386163,-0.39810088,0.55109786,0.8496043,-0.5414463,-1.0744832,-0.28817849,0.083520675,1.1505539,0.97262729,1.8855379,-0.42331992,0.82225614,0.91196773,-0.78335227,-0.68823308,0.36268333,-0.84697208
