# stan_version_major = 2
# stan_version_minor = 37
# stan_version_patch = 0
# model = survival_model
# start_datetime = 2026-03-12 17:42:14 UTC
# method = sample (Default)
#   sample
#     num_samples = 2000
#     num_warmup = 1000 (Default)
#     save_warmup = false (Default)
#     thin = 1 (Default)
#     adapt
#       engaged = true (Default)
#       gamma = 0.05 (Default)
#       delta = 0.8 (Default)
#       kappa = 0.75 (Default)
#       t0 = 10 (Default)
#       init_buffer = 75 (Default)
#       term_buffer = 50 (Default)
#       window = 25 (Default)
#       save_metric = false (Default)
#     algorithm = hmc (Default)
#       hmc
#         engine = nuts (Default)
#           nuts
#             max_depth = 10 (Default)
#         metric = dense_e
#         metric_file =  (Default)
#         stepsize = 1 (Default)
#         stepsize_jitter = 0 (Default)
#     num_chains = 1 (Default)
# id = 4
# data
#   file = /Users/dansprague/Documents/PhaseSkate/benchmarks/scaling/data/data_H25.json
# init = 2 (Default)
# random
#   seed = 42
# output
#   file = /Users/dansprague/Documents/PhaseSkate/benchmarks/scaling/stan_output/survival-20260312134214_4.csv
#   diagnostic_file =  (Default)
#   refresh = 100 (Default)
#   sig_figs = 8 (Default)
#   profile_file = profile.csv (Default)
#   save_cmdstan_config = false (Default)
# num_threads = 1 (Default)
# stanc_version = stanc3 v2.37.0
# stancflags = --filename-in-msg=survival.stan
lp__,accept_stat__,stepsize__,treedepth__,n_leapfrog__,divergent__,energy__,log_alpha,beta_0,trt_effect,beta.1,beta.2,beta.3,beta.4,beta.5,beta.6,beta.7,beta.8,log_sigma_int,log_sigma_slope,rho,z_int.1,z_int.2,z_int.3,z_int.4,z_int.5,z_int.6,z_int.7,z_int.8,z_int.9,z_int.10,z_int.11,z_int.12,z_int.13,z_int.14,z_int.15,z_int.16,z_int.17,z_int.18,z_int.19,z_int.20,z_int.21,z_int.22,z_int.23,z_int.24,z_int.25,z_slope.1,z_slope.2,z_slope.3,z_slope.4,z_slope.5,z_slope.6,z_slope.7,z_slope.8,z_slope.9,z_slope.10,z_slope.11,z_slope.12,z_slope.13,z_slope.14,z_slope.15,z_slope.16,z_slope.17,z_slope.18,z_slope.19,z_slope.20,z_slope.21,z_slope.22,z_slope.23,z_slope.24,z_slope.25
# Adaptation terminated
# Step size = 0.242054
# Elements of inverse mass matrix:
# 0.000930439, -0.0003203, 0.000291823, -1.16561e-05, 0.000192462, -2.59687e-05, -7.84092e-05, -1.56238e-06, 4.147e-05, -0.000168734, 3.69754e-05, -0.000567162, 0.00103209, -0.000723132, -0.00087005, -0.000885745, -0.000744639, -0.000451094, 0.000207881, -0.000265007, -3.538e-05, -0.000584527, 0.000548758, -0.00124714, 0.000167086, 7.99025e-06, 0.000799987, -0.000138553, -0.000466644, 5.52676e-05, 0.00136068, 0.000264794, -0.0013721, 0.000243629, -0.000547849, -0.00183155, 0.000778376, 0.000572172, 0.00066784, -0.00105239, 0.00187059, -0.000222932, 0.00137006, 0.00329419, 0.0022161, -0.00200646, 0.00052466, -0.00444101, 8.04594e-05, -0.00136071, -9.5063e-05, -0.00042525, 0.000847407, 0.00210812, -9.69686e-05, -0.00331299, -7.80677e-05, 0.00326056, -0.000525378, 0.00048847, 0.00195943, 0.000492376, 0.00191952, -0.00075545
# -0.0003203, 0.015997, -0.00257072, 0.000170565, -0.00015272, 0.000589799, 3.79401e-05, 0.000244728, 0.000157629, 0.000336385, -0.000332543, 5.93906e-05, -0.00282526, -0.0039526, -0.0237757, -0.0179798, -0.0245947, -0.0249543, -0.0196429, -0.0237883, -0.0245328, -0.0210504, -0.0251816, -0.0230529, -0.0262356, -0.0223632, -0.0252692, -0.0218199, -0.0234949, -0.0237267, -0.0187546, -0.025239, -0.0187497, -0.0206021, -0.0277666, -0.0156237, -0.0205064, -0.0128723, -0.0238251, 0.00323484, -0.00602481, 0.00658192, -0.00196557, -0.00350343, 0.0098051, 0.00164305, -0.00175556, 0.0017418, -0.00640245, -0.0012972, 0.00233667, 0.00603767, 0.00739937, 0.00181387, 0.00848238, -0.00909493, 0.00431471, -0.0036493, -0.00176135, 0.012187, -0.00912358, 0.00211106, -0.00719192, -0.00230736
# 0.000291823, -0.00257072, 0.00723852, -0.000405682, -0.000101561, -0.000368338, 2.63965e-05, 0.00020017, 0.000263031, -7.77957e-05, 4.90321e-05, -0.000777051, 0.00510452, 0.00795454, 0.00075774, 0.00022636, -0.00104975, 0.00143562, -0.00135631, 0.000826437, 0.00131071, -0.00109023, 0.00343356, 0.000966586, 0.00133341, -0.00124892, 0.00286489, 0.00107813, -0.00298276, -0.00181134, 0.00251232, 0.00257298, -0.00227461, -0.00033323, 0.000729654, -0.00153157, -0.000115378, -0.00441711, 0.00032972, -0.0134859, -0.0086125, -0.00398392, -0.0148899, -0.0110545, -0.0142337, -0.00524389, -0.0076689, -0.011638, -0.0159463, -0.00661672, -0.00906489, -0.0131571, -0.016328, -0.00957735, -0.00990212, -0.0147228, -0.0128499, -0.00468218, -0.0123593, -0.0107584, -0.0110666, -0.0124864, -0.00285159, -0.0121724
# -1.16561e-05, 0.000170565, -0.000405682, 0.00102303, -4.7162e-06, 4.33652e-05, 0.000141661, -0.000185725, 4.51897e-05, 4.96214e-05, -4.5354e-05, -0.000428237, 0.00151072, -0.00122701, 0.00175106, 0.000421229, 0.00129766, -0.0012063, 0.000273269, -7.25866e-05, 0.000782095, 0.000821234, -0.00171149, -0.000494397, 9.55622e-05, 0.00134778, 0.00135123, -0.000326866, -0.000502935, 0.000971855, 0.00130595, -0.000199843, -0.00109596, -0.000835898, -0.000694309, -0.00109471, 0.000561862, 0.000264985, 0.000969884, 0.000304835, -0.00250225, -0.0010409, 0.00263534, 0.00136078, 0.000928167, 0.000274167, -0.00211256, -0.000170084, 0.00173843, 0.000431136, 0.00134338, -0.00118443, 0.00116918, 0.00182547, 0.00283766, 0.00161185, 0.00209555, 0.00186663, 0.0021283, -0.000207026, 0.00125566, 0.000257739, 0.00110404, 0.00033812
# 0.000192462, -0.00015272, -0.000101561, -4.7162e-06, 0.000855924, 1.80835e-05, -8.09855e-06, -1.42113e-05, -0.000114226, -9.24631e-05, 9.25352e-06, 0.0001177, -0.000844309, -0.00209857, 5.85055e-05, -0.000220698, -0.000229378, -0.000691201, -0.0001383, -4.64778e-05, -0.000811954, 0.000110666, -0.000456426, -0.000368942, -0.00055692, 0.000230768, -0.00041417, 3.09774e-05, 0.000446956, 0.000126977, 8.86449e-05, 0.00027261, -0.000620221, -0.000459642, 0.000408849, -8.87479e-05, -8.0143e-06, 0.000435479, -0.000830467, 0.00296859, -0.000538196, 0.000273116, -1.77236e-05, 0.000798393, 0.00127972, -0.000105258, 0.000416708, 0.00239767, 0.0022728, 0.000830614, -0.00104094, 0.00174153, 0.00145189, 0.000422042, -0.000132665, 0.000329063, 0.00114202, -0.000498236, 0.000367591, -0.000761927, -0.00027578, 0.00173093, 0.00278844, -0.000246517
# -2.59687e-05, 0.000589799, -0.000368338, 4.33652e-05, 1.80835e-05, 0.000923754, -2.23951e-05, -3.07886e-06, -2.08088e-06, 3.27481e-08, 7.41129e-06, 7.71328e-05, 0.000613867, -0.00128634, -0.000979529, -0.000621819, -0.000303924, -0.00107388, -0.00124933, -5.6387e-05, 0.000810958, -0.000347522, -0.000962575, -0.000753812, -0.0010246, -0.00066736, -0.000171995, -0.000992878, 0.000344753, -0.0011167, -0.000789264, 0.000419473, -0.000108708, 0.000728177, -0.00112108, -0.00131781, -0.000625137, 0.000305023, -0.000725499, 0.00210579, 0.000128607, 0.00173107, -4.89327e-05, 0.00270984, -0.00246526, -0.00318084, 0.00163645, -0.00238115, 0.000623581, 0.00130889, 0.00255137, 0.00155537, 0.00327409, -0.000583762, 7.76857e-05, 0.00246333, 0.0017957, 5.50026e-05, 0.000437593, 0.00305042, 0.000699628, 0.00158865, 0.000926913, -0.00217183
# -7.84092e-05, 3.79401e-05, 2.63965e-05, 0.000141661, -8.09855e-06, -2.23951e-05, 0.000726191, -8.75989e-05, 7.31798e-05, 3.76775e-05, -1.23283e-05, 0.00016719, 0.000494946, -0.00156312, 0.000181888, 7.21642e-05, 0.000136389, -9.98849e-05, -0.00027728, -0.00125425, -0.00014585, -4.71141e-05, -0.000646286, 0.000497274, -7.49863e-06, 0.000495067, 0.000264257, -0.000784472, 0.000141937, 0.000136111, 0.000195557, -6.36937e-05, -0.000771867, -0.000788712, -0.000329619, 8.16068e-06, 0.000219101, -0.000915099, 3.16889e-05, 0.00134504, 0.000857111, 0.0006023, -0.000832497, 8.0536e-05, 0.00245969, 0.00102841, 0.00235008, -0.000677425, 0.000255698, 1.91259e-05, -0.000256906, -0.000802802, 0.00318185, -0.000620045, 0.00065941, -0.00149, -2.16906e-05, 0.000431643, 0.000612714, 0.00070104, 0.00235212, 2.142e-05, -0.00093575, -0.00113015
# -1.56238e-06, 0.000244728, 0.00020017, -0.000185725, -1.42113e-05, -3.07886e-06, -8.75989e-05, 0.000902522, 1.56485e-05, -0.0001306, 7.45242e-05, -0.000178912, -0.00115926, -0.000484659, -0.000573254, 0.000567264, -0.00138991, -0.000914577, 0.000688271, -0.000542305, -0.00135215, -0.000588341, 0.000730662, -0.00101743, -0.000732301, -8.49384e-05, -0.000518133, -0.000832686, -0.000749418, -0.000325419, 8.09807e-05, -0.00172316, -0.000441413, -0.000114782, -0.000703074, -0.000852274, 0.000284858, 0.000817599, -0.000182977, -0.000924743, -0.00194724, 0.000180683, -0.000696959, -0.000352981, 0.00389677, -0.000679859, 0.000308462, -0.00169, -6.84452e-05, 0.00082134, -0.00263819, 0.00238601, 0.000150184, 0.000639949, -0.00195461, -0.00073144, 0.000188887, 0.000496757, -0.00155822, -0.000604047, -0.00127827, -0.000298287, 0.00258948, -0.000478679
# 4.147e-05, 0.000157629, 0.000263031, 4.51897e-05, -0.000114226, -2.08088e-06, 7.31798e-05, 1.56485e-05, 0.00082002, 7.12727e-05, -4.27175e-05, -0.000271323, -0.000506127, 0.000345174, 0.000454576, 0.000651781, -1.12997e-05, -0.000195892, -0.000740449, -0.00106433, 0.000272662, -0.000650633, -0.000376195, 0.000492873, -0.000796795, 3.72929e-05, -0.00137811, 0.000413763, -0.000451419, -0.000572827, -0.00060297, -0.000728915, -0.000434722, -0.00110632, -0.00134043, -0.000136461, -0.000379034, -0.000244819, 0.000496886, -0.00403477, -0.000461308, -0.00147588, -0.00190509, 0.00262268, 0.00266243, 0.000452765, 0.000438862, -0.00116981, -0.00163756, 0.001487, -0.000434645, -0.000825761, -0.00260323, -0.000975961, 6.61719e-05, -0.000501019, -0.000446661, 0.000460224, 0.000950705, -0.000314586, -0.000696587, 0.00221426, -0.00353357, -0.00223097
# -0.000168734, 0.000336385, -7.77957e-05, 4.96214e-05, -9.24631e-05, 3.27481e-08, 3.76775e-05, -0.0001306, 7.12727e-05, 0.000840967, -5.75175e-05, 0.000342479, -0.000183683, 0.00103008, -8.59596e-05, -0.000771368, 0.000656035, -0.000413606, -0.00119998, -0.000595325, 0.000200531, 4.23932e-05, -0.000204723, 0.00165094, -0.00144538, -0.000189956, -0.000430059, 0.00071419, -0.000599944, -0.000817925, 0.00110982, 4.33414e-05, 0.000573353, -0.000671094, 0.000592964, 0.000740377, -0.000793469, 0.000109883, -0.000799836, -0.0010098, 0.000161939, -0.000166778, 0.000958475, -0.0015151, 0.000262345, 0.000627724, -0.000638483, -0.000208276, -0.00324336, 0.00198007, -0.000594994, -0.000715565, -0.00294043, 0.00179517, 0.00174977, -0.00088302, 0.000239255, -0.000684499, 0.000664814, -0.00228331, -0.00129813, -0.000604486, -0.00231034, 0.00119213
# 3.69754e-05, -0.000332543, 4.90321e-05, -4.5354e-05, 9.25352e-06, 7.41129e-06, -1.23283e-05, 7.45242e-05, -4.27175e-05, -5.75175e-05, 0.000953558, -0.000511001, 0.000255814, 0.000186139, 0.00233042, 0.00140061, 8.89507e-06, 0.000101571, 0.000607712, 0.000623936, 0.000570314, -2.23462e-06, 1.35277e-05, -0.000499821, 0.00035624, 0.00148286, 0.000561681, -0.000219743, 0.0009643, 0.000767593, 0.000283936, 0.000633562, 0.000911335, -0.00013337, 0.00069188, -0.00117141, 0.000829516, 0.000907945, 0.000461944, -0.002222, 0.000210261, -0.00032653, 0.000185126, 0.00203614, -0.000145779, -0.00252951, -0.00108922, 0.00107362, 0.000369446, 0.000664903, -0.000301296, 0.000654663, 0.000806144, 0.000167876, 0.00191229, 0.00239902, -0.0025424, 0.000811595, 0.000483617, 0.00167975, 0.000486691, 0.00134077, -8.66669e-05, -0.000703022
# -0.000567162, 5.93906e-05, -0.000777051, -0.000428237, 0.0001177, 7.71328e-05, 0.00016719, -0.000178912, -0.000271323, 0.000342479, -0.000511001, 0.026739, 0.00657493, -0.0311654, -0.00300058, -0.0153233, 0.0130044, 0.00462823, -0.0204882, -0.0158646, 0.0166785, 0.0235516, 0.0453083, 0.000886616, 0.0125086, -0.000114884, -0.00557183, -0.00373342, -0.00707803, -0.0243893, 0.00332556, 0.0182503, -0.00886982, 0.00909655, 0.0146729, 0.0177359, -0.0141982, -0.0358605, 0.00178526, 0.00225648, -0.00175296, -0.00440222, -0.00869277, -0.00596146, 0.00812317, 0.00121584, 0.00851566, -0.00473915, 0.00110478, 0.00244797, -0.00474793, 0.0144788, 0.00610078, -0.00723625, -0.000894127, 0.00201608, 0.00247361, 0.00196473, 0.0033277, 0.0108922, 0.00930286, -0.0101309, -0.0134801, 0.00245609
# 0.00103209, -0.00282526, 0.00510452, 0.00151072, -0.000844309, 0.000613867, 0.000494946, -0.00115926, -0.000506127, -0.000183683, 0.000255814, 0.00657493, 0.218541, -0.0518426, 0.0203074, -0.00837261, 0.0289052, 0.0202258, -0.0399136, -0.000746391, 0.0305641, 0.0142057, 0.0371445, -0.00445605, 0.0214698, 0.00538056, 0.0243257, -0.038703, -0.0170092, 0.00475334, 0.0463194, 0.0385559, -0.0871392, 0.012528, 0.0066972, -0.0930659, 0.0248415, -0.0674334, 0.0282901, -0.0538418, 0.0469239, -0.0139291, -0.0226501, 0.0647114, 0.0375916, -0.0623874, -0.012019, -0.0716405, -0.0063137, -0.00981738, -0.0111559, -0.0149822, 0.0555501, 0.0356632, 0.00779808, -0.102579, -0.0603405, 0.153237, -2.24403e-06, 0.000656059, 0.0699483, -0.0630339, 0.0774229, -0.0244157
# -0.000723132, -0.0039526, 0.00795454, -0.00122701, -0.00209857, -0.00128634, -0.00156312, -0.000484659, 0.000345174, 0.00103008, 0.000186139, -0.0311654, -0.0518426, 0.464441, -0.0019118, -0.00756643, -0.0140839, -0.0110218, 0.0246305, 0.00840495, 0.000999049, -0.00775668, -0.0241042, 0.0191864, -0.0035632, -0.0122918, -0.00913847, 0.0252942, 4.59129e-06, -0.0150435, -0.0284789, -0.0354977, 0.065129, 0.00304422, 0.00252399, 0.094378, -0.0168489, -0.0148093, -0.0116251, 0.0167893, -0.0812364, 0.00840156, 0.0272554, -0.119494, -0.0803734, 0.0559697, 0.0683325, 0.131376, -0.0496405, -0.00201947, 0.00846711, -0.0209724, -0.0688987, -0.0178214, -0.0870726, -0.0271434, 0.0490699, -0.0446722, 0.0284411, 0.0361072, 0.00152205, -0.0398699, -0.094337, 0.00532158
# -0.00087005, -0.0237757, 0.00075774, 0.00175106, 5.85055e-05, -0.000979529, 0.000181888, -0.000573254, 0.000454576, -8.59596e-05, 0.00233042, -0.00300058, 0.0203074, -0.0019118, 0.147477, 0.0503913, 0.0394594, 0.042927, 0.0179569, 0.0392693, 0.0449406, 0.0215498, 0.0307607, 0.0408356, 0.038776, 0.033865, 0.0343212, 0.0372555, 0.0427411, 0.0415149, 0.0439098, 0.0499637, 0.0334031, 0.0178794, 0.0465275, 0.0222804, 0.0376557, 0.024899, 0.0412503, -0.114324, 0.00890125, -0.0268829, 0.0254068, 0.0257928, -0.0109, -0.00947997, 0.0259612, 0.027059, 0.027851, 0.0218607, 0.0290481, 8.58291e-05, -0.00592963, -0.00142797, -0.012859, -0.00994658, -0.017362, 0.0164676, 0.0219001, -0.0335362, 0.00776679, -0.00345543, -0.00496859, -0.0146719
# -0.000885745, -0.0179798, 0.00022636, 0.000421229, -0.000220698, -0.000621819, 7.21642e-05, 0.000567264, 0.000651781, -0.000771368, 0.00140061, -0.0153233, -0.00837261, -0.00756643, 0.0503913, 0.144074, 0.0267114, 0.0292628, 0.0345003, 0.042547, 0.0117294, 0.00933743, 0.00186785, 0.0264433, 0.0268923, 0.0270885, 0.0308365, 0.0333645, 0.0369567, 0.0454146, 0.0122095, 0.0267853, 0.0168199, 0.0147988, 0.0222713, 0.00758205, 0.0401395, 0.049572, 0.0317156, -0.0238882, -0.0819279, -0.0102398, 0.0190773, 0.0342918, -0.0157714, 0.0137049, -0.00861138, -0.00204634, -0.00776545, 0.00822104, 0.023111, 0.00238615, -0.0055642, 0.00642808, -0.00263644, 0.0359167, -0.0389298, -0.000215503, 0.0102382, -0.0332291, -0.000105136, -0.00184493, -0.00168867, 0.00467156
# -0.000744639, -0.0245947, -0.00104975, 0.00129766, -0.000229378, -0.000303924, 0.000136389, -0.00138991, -1.12997e-05, 0.000656035, 8.89507e-06, 0.0130044, 0.0289052, -0.0140839, 0.0394594, 0.0267114, 0.126797, 0.0425034, 0.020641, 0.0327177, 0.0537282, 0.045492, 0.06519, 0.0403894, 0.0547584, 0.0429074, 0.0439598, 0.0262083, 0.0386908, 0.026344, 0.0369558, 0.0530938, 0.0198924, 0.0369857, 0.0539631, 0.0257982, 0.0317294, -0.00304463, 0.0462274, 0.0199746, 0.00247487, -0.0717206, 0.0216885, 0.0336601, -0.00702559, 0.0120976, 0.0110755, -0.0114852, 0.00540348, -0.00026311, 0.00185859, 0.0324676, 0.00340536, 0.0174695, 0.0124984, 0.0342985, 0.000425571, 0.0290096, 0.0130266, -0.0113148, 0.0291681, -0.0125069, 0.0147075, 0.0253734
# -0.000451094, -0.0249543, 0.00143562, -0.0012063, -0.000691201, -0.00107388, -9.98849e-05, -0.000914577, -0.000195892, -0.000413606, 0.000101571, 0.00462823, 0.0202258, -0.0110218, 0.042927, 0.0292628, 0.0425034, 0.108097, 0.0239039, 0.0380697, 0.0448784, 0.0398162, 0.0474742, 0.0315197, 0.0492054, 0.0403492, 0.0457362, 0.0293098, 0.0359118, 0.0398536, 0.0240998, 0.0509666, 0.0263774, 0.0330639, 0.0495486, 0.0297829, 0.0343389, 0.019715, 0.0443323, -0.00629833, 0.028576, -0.00976756, -0.0871275, 0.0130637, -0.00714894, 0.00481856, 0.00429393, 0.00403564, 0.0361386, 0.00537371, 2.80488e-05, -0.020541, -0.00871436, 0.00102735, -0.0183086, 0.0322598, -0.00991598, 0.0247106, 0.00624442, -0.0143769, 0.00893178, -0.00342837, -0.0110275, -0.00483652
# 0.000207881, -0.0196429, -0.00135631, 0.000273269, -0.0001383, -0.00124933, -0.00027728, 0.000688271, -0.000740449, -0.00119998, 0.000607712, -0.0204882, -0.0399136, 0.0246305, 0.0179569, 0.0345003, 0.020641, 0.0239039, 0.184787, 0.0414818, 0.0113954, 0.0228554, -0.00822632, 0.0284054, 0.0247256, 0.0314912, 0.0374625, 0.0325957, 0.0376342, 0.0542443, 0.0268883, 0.0101623, 0.0471971, 0.0304301, 0.0241746, 0.0192574, 0.0366781, 0.049891, 0.0244929, 0.0286676, 0.0286253, -0.000656682, 0.0116288, -0.151157, -0.0138948, -0.00885701, -0.0149765, 0.000670387, 0.00288296, 0.00630886, 0.00902635, -0.0178057, -0.000756975, -0.00257902, -0.00284209, 0.0146163, -0.000567842, -0.0173709, -0.0156795, -0.00941853, 0.00632212, 0.0377621, 0.0246134, 0.00901443
# -0.000265007, -0.0237883, 0.000826437, -7.25866e-05, -4.64778e-05, -5.6387e-05, -0.00125425, -0.000542305, -0.00106433, -0.000595325, 0.000623936, -0.0158646, -0.000746391, 0.00840495, 0.0392693, 0.042547, 0.0327177, 0.0380697, 0.0414818, 0.141085, 0.0298589, 0.0238733, 0.000728603, 0.0332786, 0.0396917, 0.0253731, 0.0487161, 0.0416681, 0.0431834, 0.0535155, 0.0271479, 0.0345898, 0.0470125, 0.0361545, 0.0379312, 0.0139919, 0.0333371, 0.0423364, 0.0378977, -0.0198599, 0.0123722, -0.0112075, 0.0144706, 0.00298164, -0.145044, -0.0152246, -0.000717285, 0.0313357, 0.022274, -0.00469494, 0.0253832, -0.038107, -0.0154082, 0.0065694, -0.00599462, 0.0476643, -0.00190663, -0.0231726, -0.00580415, -0.0290856, 0.0057211, 0.00979798, 0.0285986, 0.00906823
# -3.538e-05, -0.0245328, 0.00131071, 0.000782095, -0.000811954, 0.000810958, -0.00014585, -0.00135215, 0.000272662, 0.000200531, 0.000570314, 0.0166785, 0.0305641, 0.000999049, 0.0449406, 0.0117294, 0.0537282, 0.0448784, 0.0113954, 0.0298589, 0.128379, 0.0446999, 0.0682797, 0.0443835, 0.0542989, 0.044597, 0.0445441, 0.0273398, 0.0326428, 0.00938704, 0.0318165, 0.0547266, 0.0279048, 0.0485774, 0.0517403, 0.0292981, 0.023608, -0.0143872, 0.0454187, -0.0476524, 0.00711939, -0.00114896, -0.00616579, 0.008666, -0.00808291, -0.107133, 0.0397523, 0.000112076, -0.00787417, 0.0102125, -0.0199415, -0.028194, 0.00437076, -0.00785635, -0.00542256, 0.0280901, -0.00787631, 0.0122664, -0.000873503, 0.00113938, 0.0338403, -0.0051672, -0.00659649, -0.00448662
# -0.000584527, -0.0210504, -0.00109023, 0.000821234, 0.000110666, -0.000347522, -4.71141e-05, -0.000588341, -0.000650633, 4.23932e-05, -2.23462e-06, 0.0235516, 0.0142057, -0.00775668, 0.0215498, 0.00933743, 0.045492, 0.0398162, 0.0228554, 0.0238733, 0.0446999, 0.122444, 0.0725041, 0.0290316, 0.0486739, 0.0346089, 0.035984, 0.0259023, 0.0241862, 0.0119228, 0.0329245, 0.0437185, 0.0182625, 0.0344187, 0.043347, 0.0397022, 0.0158359, -0.022882, 0.0402493, 0.00723807, 0.00910712, -0.0116772, -0.00518574, 0.0161261, 0.0112291, 0.00804313, -0.0903996, -0.00131081, 0.0192833, 0.0156554, -0.00260294, -0.00294575, 0.00104728, 0.000165039, -0.00418579, 0.0166311, 0.0244857, 0.00359718, 0.0204441, 0.0209994, 0.0256417, -0.0107321, 0.00253728, 0.000293907
# 0.000548758, -0.0251816, 0.00343356, -0.00171149, -0.000456426, -0.000962575, -0.000646286, 0.000730662, -0.000376195, -0.000204723, 1.35277e-05, 0.0453083, 0.0371445, -0.0241042, 0.0307607, 0.00186785, 0.06519, 0.0474742, -0.00822632, 0.000728603, 0.0682797, 0.0725041, 0.181061, 0.0285135, 0.0661941, 0.0350159, 0.0302877, 0.0206587, 0.0182334, -0.00826362, 0.0438406, 0.0746939, 0.0123259, 0.0513218, 0.0719332, 0.048897, 0.0123201, -0.0495587, 0.0471434, -0.0184231, 0.017035, -0.0221335, 0.000235585, 0.00758105, 0.0170361, 0.00161696, 0.0289174, -0.119878, 0.0180044, 0.014679, -0.00663547, 0.0309021, 0.0156568, -0.00121763, -0.0211635, 0.0140849, -0.0283318, 0.0147452, 0.0125318, 0.00594572, 0.0354616, -0.0363647, -0.00158938, 0.0071057
# -0.00124714, -0.0230529, 0.000966586, -0.000494397, -0.000368942, -0.000753812, 0.000497274, -0.00101743, 0.000492873, 0.00165094, -0.000499821, 0.000886616, -0.00445605, 0.0191864, 0.0408356, 0.0264433, 0.0403894, 0.0315197, 0.0284054, 0.0332786, 0.0443835, 0.0290316, 0.0285135, 0.13866, 0.0407359, 0.0285826, 0.0443851, 0.045037, 0.0403251, 0.0366474, 0.0283464, 0.0367552, 0.0347465, 0.0258618, 0.0445936, 0.0329769, 0.0382061, 0.0192636, 0.029182, 0.0022524, -0.0222991, -0.0180343, 0.0298308, -0.00604428, -0.00435892, 0.0140614, 0.026588, 0.0210384, -0.118401, -0.00180934, 0.0195776, -0.0188774, -0.0279692, 0.0186257, 0.0145806, 0.019703, -0.00753419, -0.00646994, 0.0219924, -0.00733517, 0.0269235, -0.0173008, 0.0141678, 0.0115608
# 0.000167086, -0.0262356, 0.00133341, 9.55622e-05, -0.00055692, -0.0010246, -7.49863e-06, -0.000732301, -0.000796795, -0.00144538, 0.00035624, 0.0125086, 0.0214698, -0.0035632, 0.038776, 0.0268923, 0.0547584, 0.0492054, 0.0247256, 0.0396917, 0.0542989, 0.0486739, 0.0661941, 0.0407359, 0.110758, 0.0349897, 0.048281, 0.0328009, 0.0297852, 0.0325368, 0.0350507, 0.0543384, 0.0185396, 0.0407081, 0.0558793, 0.0317447, 0.0302681, -0.00557993, 0.0485025, 0.00596692, 0.00944057, -0.0148919, -0.00823259, 0.0171951, -0.0322895, -0.000338203, 0.00860013, 0.0102133, 0.000623297, -0.0873208, -0.00236234, -0.0241914, -0.00791519, 0.0169519, -0.023687, 0.0299862, 0.00841561, 0.0304833, 0.005309, 0.00638592, 0.0421451, -0.00974148, 0.0325553, 0.00343078
# 7.99025e-06, -0.0223632, -0.00124892, 0.00134778, 0.000230768, -0.00066736, 0.000495067, -8.49384e-05, 3.72929e-05, -0.000189956, 0.00148286, -0.000114884, 0.00538056, -0.0122918, 0.033865, 0.0270885, 0.0429074, 0.0403492, 0.0314912, 0.0253731, 0.044597, 0.0346089, 0.0350159, 0.0285826, 0.0349897, 0.129659, 0.0435154, 0.0227811, 0.038151, 0.042809, 0.0322303, 0.0316986, 0.0305007, 0.0271311, 0.0474145, 0.0144105, 0.0382454, 0.0352791, 0.0369967, 0.0136634, 0.00994464, 0.00202384, 0.00977792, 0.0394613, 0.0127781, -0.0150019, -0.00279894, 0.00103483, 0.0394207, 0.00479146, -0.131482, -0.0009405, 0.0202816, 0.0228948, 0.012259, 0.0213422, 0.00833848, -0.0021149, 0.0102247, -0.0300983, 0.0160807, -0.0143929, 0.0221052, 0.00187643
# 0.000799987, -0.0252692, 0.00286489, 0.00135123, -0.00041417, -0.000171995, 0.000264257, -0.000518133, -0.00137811, -0.000430059, 0.000561681, -0.00557183, 0.0243257, -0.00913847, 0.0343212, 0.0308365, 0.0439598, 0.0457362, 0.0374625, 0.0487161, 0.0445441, 0.035984, 0.0302877, 0.0443851, 0.048281, 0.0435154, 0.146121, 0.0461015, 0.0350262, 0.0463039, 0.0475964, 0.0487297, 0.0134727, 0.0346541, 0.0399815, 0.00520568, 0.0449125, 0.0255215, 0.0427192, 0.00560478, 0.0049101, 0.00871838, 0.00890592, 0.00557333, -0.0330646, -0.0124266, -0.0182947, -0.0130066, -0.00399625, -0.00273286, -0.00586279, -0.137869, -0.0313058, 0.0143142, -0.0198087, 0.000364393, -0.0116203, 0.0318254, 0.000957151, 0.00251228, 0.0239962, -0.00393678, 0.040367, -0.000622497
# -0.000138553, -0.0218199, 0.00107813, -0.000326866, 3.09774e-05, -0.000992878, -0.000784472, -0.000832686, 0.000413763, 0.00071419, -0.000219743, -0.00373342, -0.038703, 0.0252942, 0.0372555, 0.0333645, 0.0262083, 0.0293098, 0.0325957, 0.0416681, 0.0273398, 0.0259023, 0.0206587, 0.045037, 0.0328009, 0.0227811, 0.0461015, 0.130295, 0.0224968, 0.0388868, 0.0284057, 0.0312173, 0.0379029, 0.0249599, 0.0377503, 0.0458319, 0.0315355, 0.0377544, 0.0225884, -0.0102155, -0.014134, -0.00723172, 0.0143685, -0.00798985, -0.0414501, 0.0290136, 0.0162781, 0.0297228, 0.0110095, 0.00470505, 0.0198065, -0.0389279, -0.163492, 0.0132409, -0.0265108, 0.0279443, 0.0101966, -0.00420713, 0.0114779, -0.0279034, -0.0247989, 0.00182772, -0.0278694, 0.00984829
# -0.000466644, -0.0234949, -0.00298276, -0.000502935, 0.000446956, 0.000344753, 0.000141937, -0.000749418, -0.000451419, -0.000599944, 0.0009643, -0.00707803, -0.0170092, 4.59129e-06, 0.0427411, 0.0369567, 0.0386908, 0.0359118, 0.0376342, 0.0431834, 0.0326428, 0.0241862, 0.0182334, 0.0403251, 0.0297852, 0.038151, 0.0350262, 0.0224968, 0.175546, 0.0635375, 0.0228237, 0.0275165, 0.0568033, 0.0291479, 0.0420251, 0.0171158, 0.0342433, 0.0423187, 0.0373492, -0.00374415, 0.0288202, -0.0232305, 0.0397042, 0.013346, -0.0155904, 0.0100379, 0.000827122, 0.0115383, 0.0301602, 0.0314323, 0.0104331, -0.000783782, 0.0287928, -0.181465, 0.0116409, 0.0378013, 0.0105203, -0.0100749, 0.0258251, -0.0239374, 0.0269533, 0.0177636, 0.0229128, 0.0370325
# 5.52676e-05, -0.0237267, -0.00181134, 0.000971855, 0.000126977, -0.0011167, 0.000136111, -0.000325419, -0.000572827, -0.000817925, 0.000767593, -0.0243893, 0.00475334, -0.0150435, 0.0415149, 0.0454146, 0.026344, 0.0398536, 0.0542443, 0.0535155, 0.00938704, 0.0119228, -0.00826362, 0.0366474, 0.0325368, 0.042809, 0.0463039, 0.0388868, 0.0635375, 0.163536, 0.0275372, 0.0173654, 0.033257, 0.0223158, 0.0301, -0.00732618, 0.0538847, 0.0609125, 0.028455, 0.0407704, 0.0369155, -0.00340634, 0.0342391, 0.021374, -0.0128152, 0.00777325, -0.0113392, 0.00587708, 0.0314075, -0.00143481, -0.011237, -0.0100637, -0.0120552, -0.0174741, -0.0858942, 0.00915949, -0.000503504, 0.0273177, 0.0358945, -0.0288575, 0.0183808, 0.0238255, 0.0533968, 0.034554
# 0.00136068, -0.0187546, 0.00251232, 0.00130595, 8.86449e-05, -0.000789264, 0.000195557, 8.09807e-05, -0.00060297, 0.00110982, 0.000283936, 0.00332556, 0.0463194, -0.0284789, 0.0439098, 0.0122095, 0.0369558, 0.0240998, 0.0268883, 0.0271479, 0.0318165, 0.0329245, 0.0438406, 0.0283464, 0.0350507, 0.0322303, 0.0475964, 0.0284057, 0.0228237, 0.0275372, 0.156079, 0.0473316, 0.00473316, 0.0320894, 0.0416034, -0.00739231, 0.0320624, 0.011241, 0.0292717, -0.047376, 0.0560361, 0.0185311, 0.0138487, -0.00444686, 0.000144311, -0.0235397, -0.00847402, -0.0228529, 0.00700106, -0.00510683, -0.00624141, 0.0036209, 0.00274271, -0.0035811, 0.010148, -0.179631, -0.0109363, 0.0388519, -0.00179324, -0.032127, 0.0145381, -0.00987382, 0.0185941, -0.0114785
# 0.000264794, -0.025239, 0.00257298, -0.000199843, 0.00027261, 0.000419473, -6.36937e-05, -0.00172316, -0.000728915, 4.33414e-05, 0.000633562, 0.0182503, 0.0385559, -0.0354977, 0.0499637, 0.0267853, 0.0530938, 0.0509666, 0.0101623, 0.0345898, 0.0547266, 0.0437185, 0.0746939, 0.0367552, 0.0543384, 0.0316986, 0.0487297, 0.0312173, 0.0275165, 0.0173654, 0.0473316, 0.131398, 0.00510582, 0.0399718, 0.0561748, 0.0310911, 0.0292107, 0.00249002, 0.0479419, 0.00403309, 0.00888409, 0.00894781, 0.00332098, 0.0126326, -0.0253906, 0.00335788, 0.0186161, -0.018743, 0.0277645, 0.00208134, 0.0138706, 0.00160814, 0.0030031, 0.000951164, 0.00904616, -0.0116159, -0.101379, 0.0137871, 0.00515109, -0.00869676, 0.0140128, -0.0061444, -0.00325351, -0.0155689
# -0.0013721, -0.0187497, -0.00227461, -0.00109596, -0.000620221, -0.000108708, -0.000771867, -0.000441413, -0.000434722, 0.000573353, 0.000911335, -0.00886982, -0.0871392, 0.065129, 0.0334031, 0.0168199, 0.0198924, 0.0263774, 0.0471971, 0.0470125, 0.0279048, 0.0182625, 0.0123259, 0.0347465, 0.0185396, 0.0305007, 0.0134727, 0.0379029, 0.0568033, 0.033257, 0.00473316, 0.00510582, 0.175081, 0.0269344, 0.0288596, 0.0684585, 0.0111428, 0.0520055, 0.0125031, -0.0151105, -0.0158555, -0.0269202, 0.0301931, -0.00975374, -0.0363223, 0.00244443, 0.0128169, 0.0440161, 0.00916354, 0.0271561, 0.00324265, 0.0124987, -0.00539339, -0.0206039, -0.00841055, 0.069014, 0.0407651, -0.176136, -0.0078045, -0.00115968, -0.00865488, 0.0235623, -0.0277105, 0.0492463
# 0.000243629, -0.0206021, -0.00033323, -0.000835898, -0.000459642, 0.000728177, -0.000788712, -0.000114782, -0.00110632, -0.000671094, -0.00013337, 0.00909655, 0.012528, 0.00304422, 0.0178794, 0.0147988, 0.0369857, 0.0330639, 0.0304301, 0.0361545, 0.0485774, 0.0344187, 0.0513218, 0.0258618, 0.0407081, 0.0271311, 0.0346541, 0.0249599, 0.0291479, 0.0223158, 0.0320894, 0.0399718, 0.0269344, 0.117591, 0.0448805, 0.0326468, 0.0278766, 0.00359426, 0.0262735, -0.000135633, 0.032067, 0.0132924, 0.008685, -0.0290296, -0.0232731, -0.0138421, 0.00850727, 0.0010734, 0.0254034, -0.000961501, 0.00661751, -0.00260383, 0.00454031, -0.00614831, -0.00271032, 0.0170728, -0.00221182, 0.00589582, -0.109204, -0.0202289, 0.00627647, 0.00136445, 0.0273937, 0.0317773
# -0.000547849, -0.0277666, 0.000729654, -0.000694309, 0.000408849, -0.00112108, -0.000329619, -0.000703074, -0.00134043, 0.000592964, 0.00069188, 0.0146729, 0.0066972, 0.00252399, 0.0465275, 0.0222713, 0.0539631, 0.0495486, 0.0241746, 0.0379312, 0.0517403, 0.043347, 0.0719332, 0.0445936, 0.0558793, 0.0474145, 0.0399815, 0.0377503, 0.0420251, 0.0301, 0.0416034, 0.0561748, 0.0288596, 0.0448805, 0.12423, 0.033379, 0.0294303, 0.00540271, 0.0456591, -0.0146188, 0.0102146, -0.000761744, 0.00626973, 0.0083399, -0.0239274, -0.000582531, 0.016023, 9.50555e-05, 0.0186612, 0.00140498, -0.00573565, 0.00292222, -0.00368816, 0.000888594, -0.031868, 0.0171031, -0.000952911, 0.0270712, 0.00848675, -0.1167, 0.0319549, -0.0394364, 0.00580328, -0.000871679
# -0.00183155, -0.0156237, -0.00153157, -0.00109471, -8.87479e-05, -0.00131781, 8.16068e-06, -0.000852274, -0.000136461, 0.000740377, -0.00117141, 0.0177359, -0.0930659, 0.094378, 0.0222804, 0.00758205, 0.0257982, 0.0297829, 0.0192574, 0.0139919, 0.0292981, 0.0397022, 0.048897, 0.0329769, 0.0317447, 0.0144105, 0.00520568, 0.0458319, 0.0171158, -0.00732618, -0.00739231, 0.0310911, 0.0684585, 0.0326468, 0.033379, 0.18395, -0.00428265, 0.0123382, 0.0116944, 0.0293023, -0.0384621, -0.0107135, 0.00585018, -0.0542582, -0.0437786, 0.0652595, 0.0311133, 0.0572012, 0.0120061, 0.0180654, 0.010024, 0.013815, -0.0350408, 0.00470256, -0.0284868, 0.0570376, 0.0151859, -0.0731578, -0.00559227, 0.0191214, -0.135941, 0.0225272, -0.0861561, 0.0293811
# 0.000778376, -0.0205064, -0.000115378, 0.000561862, -8.0143e-06, -0.000625137, 0.000219101, 0.000284858, -0.000379034, -0.000793469, 0.000829516, -0.0141982, 0.0248415, -0.0168489, 0.0376557, 0.0401395, 0.0317294, 0.0343389, 0.0366781, 0.0333371, 0.023608, 0.0158359, 0.0123201, 0.0382061, 0.0302681, 0.0382454, 0.0449125, 0.0315355, 0.0342433, 0.0538847, 0.0320624, 0.0292107, 0.0111428, 0.0278766, 0.0294303, -0.00428265, 0.108864, 0.0290202, 0.0347021, 0.0127366, -0.00249659, -0.00309903, 0.0240727, 0.0201262, 0.00780916, -0.00170157, -0.00888734, -0.0156921, 0.0197818, 0.0100537, 0.00896465, 0.00480389, -0.00328862, 0.0330335, 0.0145116, -0.00373084, -0.0273149, 0.0263398, -0.00142206, -0.0265327, 0.00990759, -0.0611646, 0.0548935, 0.0176937
# 0.000572172, -0.0128723, -0.00441711, 0.000264985, 0.000435479, 0.000305023, -0.000915099, 0.000817599, -0.000244819, 0.000109883, 0.000907945, -0.0358605, -0.0674334, -0.0148093, 0.024899, 0.049572, -0.00304463, 0.019715, 0.049891, 0.0423364, -0.0143872, -0.022882, -0.0495587, 0.0192636, -0.00557993, 0.0352791, 0.0255215, 0.0377544, 0.0423187, 0.0609125, 0.011241, 0.00249002, 0.0520055, 0.00359426, 0.00540271, 0.0123382, 0.0290202, 0.286597, 0.0157421, 0.025501, 0.00792041, 0.000131342, 0.0382183, 0.0341029, -0.00852279, 0.0302915, -0.0289492, 0.00551695, 0.00615197, -0.0175765, -0.00835533, -0.00760503, -0.0195061, 0.0186844, 0.0141744, 0.0591962, -0.0283529, -0.0379967, 0.0151218, -0.052199, -0.0557116, 0.0556574, -0.163797, -0.0130741
# 0.00066784, -0.0238251, 0.00032972, 0.000969884, -0.000830467, -0.000725499, 3.16889e-05, -0.000182977, 0.000496886, -0.000799836, 0.000461944, 0.00178526, 0.0282901, -0.0116251, 0.0412503, 0.0317156, 0.0462274, 0.0443323, 0.0244929, 0.0378977, 0.0454187, 0.0402493, 0.0471434, 0.029182, 0.0485025, 0.0369967, 0.0427192, 0.0225884, 0.0373492, 0.028455, 0.0292717, 0.0479419, 0.0125031, 0.0262735, 0.0456591, 0.0116944, 0.0347021, 0.0157421, 0.119764, -0.00261772, 0.00321204, -0.0221256, 0.00405503, 0.0360495, 0.0138169, 0.000492373, -0.00223293, -0.0182384, 0.0243593, 0.00371552, 0.00997074, 0.00171742, 0.0104036, 0.0183569, -0.0113826, 0.019434, -0.0103286, 0.0397626, 0.0249559, -0.0101919, 0.032411, -0.00372477, 0.00403445, -0.0971374
# -0.00105239, 0.00323484, -0.0134859, 0.000304835, 0.00296859, 0.00210579, 0.00134504, -0.000924743, -0.00403477, -0.0010098, -0.002222, 0.00225648, -0.0538418, 0.0167893, -0.114324, -0.0238882, 0.0199746, -0.00629833, 0.0286676, -0.0198599, -0.0476524, 0.00723807, -0.0184231, 0.0022524, 0.00596692, 0.0136634, 0.00560478, -0.0102155, -0.00374415, 0.0407704, -0.047376, 0.00403309, -0.0151105, -0.000135633, -0.0146188, 0.0293023, 0.0127366, 0.025501, -0.00261772, 0.790955, -0.0475279, 0.0336071, 0.00473425, -0.0285452, 0.0542676, 0.100368, 0.00836165, 0.0478554, 0.0513542, -0.030204, -0.0080937, 0.0798423, 0.0292085, 0.0230914, -0.0132627, 0.115072, 0.0734023, 0.0390135, 0.00734556, 0.0750628, -0.000574026, 0.0677062, 0.0130009, 0.0187471
# 0.00187059, -0.00602481, -0.0086125, -0.00250225, -0.000538196, 0.000128607, 0.000857111, -0.00194724, -0.000461308, 0.000161939, 0.000210261, -0.00175296, 0.0469239, -0.0812364, 0.00890125, -0.0819279, 0.00247487, 0.028576, 0.0286253, 0.0123722, 0.00711939, 0.00910712, 0.017035, -0.0222991, 0.00944057, 0.00994464, 0.0049101, -0.014134, 0.0288202, 0.0369155, 0.0560361, 0.00888409, -0.0158555, 0.032067, 0.0102146, -0.0384621, -0.00249659, 0.00792041, 0.00321204, -0.0475279, 0.643935, 0.0211956, 0.00347138, 0.0325607, 0.0430204, -0.0650534, -0.040055, -0.0526978, 0.0918623, 0.00711351, 0.0111131, 0.0459406, 0.0578057, -0.0342922, 0.00867293, -0.0901162, 0.00248472, 0.0711689, -0.0172087, -0.0271584, 0.0483944, 0.0817885, 0.0680675, 0.0329101
# -0.000222932, 0.00658192, -0.00398392, -0.0010409, 0.000273116, 0.00173107, 0.0006023, 0.000180683, -0.00147588, -0.000166778, -0.00032653, -0.00440222, -0.0139291, 0.00840156, -0.0268829, -0.0102398, -0.0717206, -0.00976756, -0.000656682, -0.0112075, -0.00114896, -0.0116772, -0.0221335, -0.0180343, -0.0148919, 0.00202384, 0.00871838, -0.00723172, -0.0232305, -0.00340634, 0.0185311, 0.00894781, -0.0269202, 0.0132924, -0.000761744, -0.0107135, -0.00309903, 0.000131342, -0.0221256, 0.0336071, 0.0211956, 0.503345, -0.0132677, -0.0487077, -0.035069, -0.0142551, 0.0244066, -0.0110203, 0.0105845, -0.00534271, 0.0109078, -0.00402935, 0.0352282, -0.019027, 0.000869868, -0.0481327, 0.00834577, -0.0311622, -0.0341682, 0.0161401, 0.0217751, 0.0274746, -0.0449828, -0.0140266
# 0.00137006, -0.00196557, -0.0148899, 0.00263534, -1.77236e-05, -4.89327e-05, -0.000832497, -0.000696959, -0.00190509, 0.000958475, 0.000185126, -0.00869277, -0.0226501, 0.0272554, 0.0254068, 0.0190773, 0.0216885, -0.0871275, 0.0116288, 0.0144706, -0.00616579, -0.00518574, 0.000235585, 0.0298308, -0.00823259, 0.00977792, 0.00890592, 0.0143685, 0.0397042, 0.0342391, 0.0138487, 0.00332098, 0.0301931, 0.008685, 0.00626973, 0.00585018, 0.0240727, 0.0382183, 0.00405503, 0.00473425, 0.00347138, -0.0132677, 0.548121, 0.0358287, -0.00747138, 0.053472, 0.0782855, 0.0450182, -0.0153048, 0.0408234, 0.0507302, 0.0521314, 0.0488236, 0.0383735, 0.0193665, 0.0265118, -0.0269827, 0.0173705, 0.0127607, 0.00585471, 0.0317344, 0.03432, 0.0310253, 0.129666
# 0.00329419, -0.00350343, -0.0110545, 0.00136078, 0.000798393, 0.00270984, 8.0536e-05, -0.000352981, 0.00262268, -0.0015151, 0.00203614, -0.00596146, 0.0647114, -0.119494, 0.0257928, 0.0342918, 0.0336601, 0.0130637, -0.151157, 0.00298164, 0.008666, 0.0161261, 0.00758105, -0.00604428, 0.0171951, 0.0394613, 0.00557333, -0.00798985, 0.013346, 0.021374, -0.00444686, 0.0126326, -0.00975374, -0.0290296, 0.0083399, -0.0542582, 0.0201262, 0.0341029, 0.0360495, -0.0285452, 0.0325607, -0.0487077, 0.0358287, 0.756843, 0.117613, 0.00761546, -0.0141063, -0.0229946, 0.036448, -0.0193177, 0.0191512, 0.0499863, 0.0247667, 0.0612468, 0.0531906, 0.108051, 0.00554833, 0.0596193, 0.0437459, 0.0212778, 0.0190111, -0.0463085, 0.0106647, -0.0213856
# 0.0022161, 0.0098051, -0.0142337, 0.000928167, 0.00127972, -0.00246526, 0.00245969, 0.00389677, 0.00266243, 0.000262345, -0.000145779, 0.00812317, 0.0375916, -0.0803734, -0.0109, -0.0157714, -0.00702559, -0.00714894, -0.0138948, -0.145044, -0.00808291, 0.0112291, 0.0170361, -0.00435892, -0.0322895, 0.0127781, -0.0330646, -0.0414501, -0.0155904, -0.0128152, 0.000144311, -0.0253906, -0.0363223, -0.0232731, -0.0239274, -0.0437786, 0.00780916, -0.00852279, 0.0138169, 0.0542676, 0.0430204, -0.035069, -0.00747138, 0.117613, 0.713398, -0.0315184, -0.00410036, -0.0275629, 0.0184748, 0.031936, -0.00720199, 0.0906655, 0.122788, 0.0306727, 0.0564115, -0.0331692, 0.0156734, 0.129452, 0.0682469, 0.0136783, 0.0647846, 0.0173657, 0.0832954, -0.00599243
# -0.00200646, 0.00164305, -0.00524389, 0.000274167, -0.000105258, -0.00318084, 0.00102841, -0.000679859, 0.000452765, 0.000627724, -0.00252951, 0.00121584, -0.0623874, 0.0559697, -0.00947997, 0.0137049, 0.0120976, 0.00481856, -0.00885701, -0.0152246, -0.107133, 0.00804313, 0.00161696, 0.0140614, -0.000338203, -0.0150019, -0.0124266, 0.0290136, 0.0100379, 0.00777325, -0.0235397, 0.00335788, 0.00244443, -0.0138421, -0.000582531, 0.0652595, -0.00170157, 0.0302915, 0.000492373, 0.100368, -0.0650534, -0.0142551, 0.053472, 0.00761546, -0.0315184, 0.606467, -0.020664, 0.0432953, 0.0386938, -0.0110303, 0.0613056, 0.00728926, -0.071411, 0.0231341, 0.010051, 0.0279207, -0.00548504, -0.0370019, 0.0314627, -0.0227789, -0.0955061, 0.0129806, -0.0726635, -0.00546273
# 0.00052466, -0.00175556, -0.0076689, -0.00211256, 0.000416708, 0.00163645, 0.00235008, 0.000308462, 0.000438862, -0.000638483, -0.00108922, 0.00851566, -0.012019, 0.0683325, 0.0259612, -0.00861138, 0.0110755, 0.00429393, -0.0149765, -0.000717285, 0.0397523, -0.0903996, 0.0289174, 0.026588, 0.00860013, -0.00279894, -0.0182947, 0.0162781, 0.000827122, -0.0113392, -0.00847402, 0.0186161, 0.0128169, 0.00850727, 0.016023, 0.0311133, -0.00888734, -0.0289492, -0.00223293, 0.00836165, -0.040055, 0.0244066, 0.0782855, -0.0141063, -0.00410036, -0.020664, 0.578268, 0.0672692, -0.0175234, 0.00814474, 0.01465, 0.023365, 0.0471421, 0.000574324, -0.0421051, 0.014302, 0.0106705, 0.0352892, 0.0254954, 0.0709671, 0.104796, 0.0322975, -0.00264593, 0.0730455
# -0.00444101, 0.0017418, -0.011638, -0.000170084, 0.00239767, -0.00238115, -0.000677425, -0.00169, -0.00116981, -0.000208276, 0.00107362, -0.00473915, -0.0716405, 0.131376, 0.027059, -0.00204634, -0.0114852, 0.00403564, 0.000670387, 0.0313357, 0.000112076, -0.00131081, -0.119878, 0.0210384, 0.0102133, 0.00103483, -0.0130066, 0.0297228, 0.0115383, 0.00587708, -0.0228529, -0.018743, 0.0440161, 0.0010734, 9.50555e-05, 0.0572012, -0.0156921, 0.00551695, -0.0182384, 0.0478554, -0.0526978, -0.0110203, 0.0450182, -0.0229946, -0.0275629, 0.0432953, 0.0672692, 0.714527, 0.00342572, 0.0173034, -0.0186181, -0.0340404, -0.0410774, -0.00379219, -0.00967837, 0.0284145, 0.0936667, -0.00346385, 0.037069, 0.0417759, -0.016017, -0.0265611, -0.0270051, 0.0100847
# 8.04594e-05, -0.00640245, -0.0159463, 0.00173843, 0.0022728, 0.000623581, 0.000255698, -6.84452e-05, -0.00163756, -0.00324336, 0.000369446, 0.00110478, -0.0063137, -0.0496405, 0.027851, -0.00776545, 0.00540348, 0.0361386, 0.00288296, 0.022274, -0.00787417, 0.0192833, 0.0180044, -0.118401, 0.000623297, 0.0394207, -0.00399625, 0.0110095, 0.0301602, 0.0314075, 0.00700106, 0.0277645, 0.00916354, 0.0254034, 0.0186612, 0.0120061, 0.0197818, 0.00615197, 0.0243593, 0.0513542, 0.0918623, 0.0105845, -0.0153048, 0.036448, 0.0184748, 0.0386938, -0.0175234, 0.00342572, 0.680687, 0.0631507, -0.0579081, 0.0534836, 0.0403622, -0.036751, -0.00631397, 0.0225387, 0.0588835, 0.0115926, 0.0336495, -0.0283472, 0.0190493, 0.0220614, 0.0450342, 0.0746986
