# stan_version_major = 2
# stan_version_minor = 37
# stan_version_patch = 0
# model = survival_model
# start_datetime = 2026-03-12 18:16:45 UTC
# method = sample (Default)
#   sample
#     num_samples = 2000
#     num_warmup = 1000 (Default)
#     save_warmup = false (Default)
#     thin = 1 (Default)
#     adapt
#       engaged = true (Default)
#       gamma = 0.05 (Default)
#       delta = 0.8 (Default)
#       kappa = 0.75 (Default)
#       t0 = 10 (Default)
#       init_buffer = 75 (Default)
#       term_buffer = 50 (Default)
#       window = 25 (Default)
#       save_metric = false (Default)
#     algorithm = hmc (Default)
#       hmc
#         engine = nuts (Default)
#           nuts
#             max_depth = 10 (Default)
#         metric = dense_e
#         metric_file =  (Default)
#         stepsize = 1 (Default)
#         stepsize_jitter = 0 (Default)
#     num_chains = 1 (Default)
# id = 1 (Default)
# data
#   file = /Users/dansprague/Documents/PhaseSkate/benchmarks/scaling/data/data_H25.json
# init = 2 (Default)
# random
#   seed = 42
# output
#   file = /Users/dansprague/Documents/PhaseSkate/benchmarks/scaling/stan_output/survival-20260312141645_1.csv
#   diagnostic_file =  (Default)
#   refresh = 100 (Default)
#   sig_figs = 8 (Default)
#   profile_file = profile.csv (Default)
#   save_cmdstan_config = false (Default)
# num_threads = 1 (Default)
# stanc_version = stanc3 v2.37.0
# stancflags = --filename-in-msg=survival.stan
lp__,accept_stat__,stepsize__,treedepth__,n_leapfrog__,divergent__,energy__,log_alpha,beta_0,trt_effect,beta.1,beta.2,beta.3,beta.4,beta.5,beta.6,beta.7,beta.8,log_sigma_int,log_sigma_slope,rho,z_int.1,z_int.2,z_int.3,z_int.4,z_int.5,z_int.6,z_int.7,z_int.8,z_int.9,z_int.10,z_int.11,z_int.12,z_int.13,z_int.14,z_int.15,z_int.16,z_int.17,z_int.18,z_int.19,z_int.20,z_int.21,z_int.22,z_int.23,z_int.24,z_int.25,z_slope.1,z_slope.2,z_slope.3,z_slope.4,z_slope.5,z_slope.6,z_slope.7,z_slope.8,z_slope.9,z_slope.10,z_slope.11,z_slope.12,z_slope.13,z_slope.14,z_slope.15,z_slope.16,z_slope.17,z_slope.18,z_slope.19,z_slope.20,z_slope.21,z_slope.22,z_slope.23,z_slope.24,z_slope.25
# Adaptation terminated
# Step size = 0.186551
# Elements of inverse mass matrix:
# 0.00125803, -0.000396709, 0.000244846, -0.000157579, 4.20856e-06, -0.000105062, -4.29682e-05, -1.10154e-06, 0.00013461, -0.000141016, -4.50711e-05, -0.000631966, 0.000492257, -0.00106638, -0.000628308, 0.000371327, -6.77233e-05, 0.000306671, -0.000854158, 0.000282586, 0.000440863, -0.000344648, -0.000262851, -0.00174657, 0.000222331, 0.000156507, -0.000484775, -0.000658652, 0.000333198, 0.000648737, -0.00147908, -0.00023147, -0.000135295, -0.000259988, 0.000334133, -0.000576501, 0.00173253, 0.00188585, -3.00286e-05, -0.000920389, -0.00104716, -0.00199409, -0.00019069, 0.00566691, -0.000471063, -0.000223532, -0.00166273, 0.000384596, 0.000919153, -0.000345135, 4.45683e-05, 0.00084798, -6.69657e-05, 0.000233677, -0.00156395, 0.00336665, -0.00122053, 0.00114758, -0.00081606, -0.00262402, 0.00166218, 0.00140539, 0.000230966, -0.000457929
# -0.000396709, 0.0185219, -0.00292252, 0.000140195, -0.000128459, 0.000203114, 0.000195111, 0.000216991, -4.74002e-06, 0.000215935, -0.0001172, 0.00449963, -0.00353409, -0.00531038, -0.0275661, -0.020612, -0.0260664, -0.027303, -0.023305, -0.0244293, -0.027797, -0.0219431, -0.0215857, -0.0251563, -0.0243869, -0.0233383, -0.0283717, -0.0203137, -0.0302422, -0.0326597, -0.0264854, -0.020462, -0.0212897, -0.0278324, -0.0265481, -0.0185228, -0.0345725, -0.023157, -0.0262176, 0.00603365, -0.0152063, 0.0083965, 0.00319561, -0.00631875, 0.00247042, 0.00799019, 0.0014733, 0.00338426, 0.00771867, 0.000741752, 0.00105027, 0.00292208, -0.0202026, 0.00297783, -0.00152551, -0.00613886, -0.00442006, 0.00028951, 0.0150686, 0.00470145, -0.00165426, 0.00675893, -0.0148114, 0.00378733
# 0.000244846, -0.00292252, 0.00771488, 7.43743e-05, 0.000278966, -0.000363229, 0.000128567, -1.47141e-07, -8.01849e-05, -4.80416e-05, -4.77643e-05, -0.0023149, 0.00503384, 0.00235214, 0.00397102, -2.37023e-05, 0.000704273, 0.00124072, -0.00223345, -0.000749233, 0.00115461, -0.000534536, -0.000554772, 0.00135028, 0.000424688, -3.95546e-05, 0.000140635, -0.00375006, 0.00194699, 0.00597206, 0.000503669, 0.00242317, -0.00255683, 1.64369e-05, 0.00104878, -0.00634199, 0.00207859, -0.00194443, -0.000650803, -0.00568135, -0.00577859, -0.0147183, -0.0140206, -0.00706575, -0.00916787, -0.0129441, -0.0161972, -0.0116343, -0.011242, -0.0143873, -0.0125025, -0.0137562, 0.00282944, -0.0104737, -0.00878033, -0.012728, -0.0160698, -0.00645587, -0.0108952, -0.0123685, -0.00492746, -0.0115226, -0.0012509, -0.00952074
# -0.000157579, 0.000140195, 7.43743e-05, 0.000903923, -0.000160328, -2.20211e-06, -3.95547e-07, -0.000113853, -4.28318e-05, 8.67205e-05, -8.69808e-05, -0.000501383, 0.00212095, 0.00158035, 0.000840486, 0.000170129, 0.00131899, -0.000425588, 0.000568272, -0.000127006, -0.000101259, -0.000552998, -0.000749495, 0.000394388, 0.000440221, -0.000211978, -0.000305458, -0.000591464, -0.000259589, 0.00168056, 0.0012661, 0.000910906, -0.00105503, -0.000853744, -0.00103978, -0.000805539, 0.00116408, -0.000714308, 0.000742133, -0.00086243, -0.0008503, -0.00175166, 0.00108984, -0.00179022, 0.00181698, 0.000197202, -0.00140534, -0.00255814, 0.00110884, -0.000597444, 0.00196213, 0.000246574, 0.000101498, 0.000419587, -0.000779362, -0.000467804, -0.00271252, 0.000478768, 0.000675757, 0.00133218, 0.000431858, -0.00134775, 0.00053072, -0.00345417
# 4.20856e-06, -0.000128459, 0.000278966, -0.000160328, 0.000916196, 9.50184e-06, 2.80213e-05, -3.09991e-05, -4.45843e-05, -0.000103815, 0.000112626, 0.000211684, -0.00143137, -0.000352273, 0.000627039, -0.000369646, -0.000401992, -0.000423319, -0.00021668, -0.000120943, -0.000387099, 5.40871e-05, -0.000675345, 0.000583763, -6.38366e-06, 0.000625881, 0.000155495, 0.000277832, -0.000388554, 0.000100722, -0.00198399, 0.000983435, 0.000461093, -0.000503476, -0.000422121, 0.000501893, -0.000279891, 0.000500334, -0.00158567, 0.00104228, -0.000130205, -0.00261419, -0.00224731, 0.00126862, -0.000425471, -0.00108677, 0.00051531, 0.00350973, -0.00243828, 0.000298452, -0.00365642, 0.000695113, -0.000800914, -0.000678337, -0.0010039, 0.00187699, 4.19621e-05, -0.00301294, 0.000390444, -0.00128455, -0.00135721, -0.00156466, -0.000448829, 0.000328356
# -0.000105062, 0.000203114, -0.000363229, -2.20211e-06, 9.50184e-06, 0.00095502, 6.6121e-05, -5.26223e-05, -7.74584e-05, 4.03795e-06, 1.7876e-05, -4.75189e-05, 0.00111644, -0.000828508, 0.000807045, -0.000163381, -0.000502859, -0.00040622, 0.000290242, 0.00150063, 0.00020227, -0.000787461, -0.000257075, 0.000469601, -3.4644e-05, -0.00037137, 0.00117932, 0.000425265, 0.000552686, -0.000360797, 6.75867e-05, -9.53285e-05, -0.000551213, 0.0016314, 0.000429682, -0.00151527, -0.000911549, 0.000239434, 0.000474319, -0.00198496, -0.000145521, 0.00116468, 0.00022416, 0.000863923, -0.00352923, -0.00150843, 0.00312693, 0.000193279, 0.000249936, -0.00166627, 0.000417997, -0.00158569, 0.000835028, 0.0015975, 0.00309888, 0.00041367, 0.000405738, 0.000703702, -0.00176253, 0.000750141, 0.00186368, 0.000427075, -0.000161152, -0.000596323
# -4.29682e-05, 0.000195111, 0.000128567, -3.95547e-07, 2.80213e-05, 6.6121e-05, 0.0007754, -6.76043e-05, -6.10088e-05, -0.000105184, -5.57006e-05, 0.000108759, 0.000168071, -0.00305732, -2.00823e-05, 0.000444931, -0.000680999, -0.00107791, -0.000838772, -0.000364694, -0.00103307, -0.000650235, -0.00100577, -0.000217762, -0.000952471, 0.000403132, 5.8022e-05, -0.000516291, -0.000565567, 6.40513e-05, -0.000720058, -0.000758454, -0.000779825, -0.000646903, 5.09137e-05, -0.000991659, -0.0004896, -0.000479825, -0.00051911, -0.000327686, -0.000175772, -0.000773128, 0.00126891, 0.00101589, -0.00109687, -0.000636832, 0.000417044, -9.94784e-05, -0.00115856, -0.000808505, -0.000553124, -0.000569989, 0.000906641, 0.00162753, -0.001045, 0.000624938, 0.000159741, 5.58928e-05, 3.94901e-05, 0.000240314, -0.00104505, 0.00086076, 0.0023331, -0.000906887
# -1.10154e-06, 0.000216991, -1.47141e-07, -0.000113853, -3.09991e-05, -5.26223e-05, -6.76043e-05, 0.000946763, 0.000116471, -3.39345e-05, -5.12971e-05, -0.000283125, -0.000910804, 0.00191024, -0.000422742, 0.000111736, 0.000103289, -0.0011385, -0.000713265, 0.000311792, -0.00187298, 0.000260014, 0.00117433, -0.000748989, -0.000883567, -0.000549199, -0.000298381, -0.000657623, -0.000375524, -2.53102e-05, 0.000132012, 6.38739e-06, -6.63783e-05, -0.000835449, 0.000141419, -0.00105143, -0.000776257, -0.000303859, -0.00044793, 0.000599284, 5.59169e-05, 8.83227e-05, 0.000789751, 0.000507657, 0.000815145, 0.000843665, -0.000402342, -0.000582337, -0.000490512, -0.00108879, -0.000506669, -0.00134481, 0.00105509, -0.00135246, -0.00354463, -0.00182286, -0.001414, -0.00166588, 0.000124679, 0.000629063, 0.000627698, 0.00067004, -0.000169198, 0.0019518
# 0.00013461, -4.74002e-06, -8.01849e-05, -4.28318e-05, -4.45843e-05, -7.74584e-05, -6.10088e-05, 0.000116471, 0.000766693, -0.000100894, 0.000119412, -7.82687e-05, -0.000981758, 0.00163934, -0.000596238, -0.000528102, 0.000404515, 0.000217989, -0.000288161, -0.000349236, 2.46324e-05, 0.0002871, 0.000794519, -0.000300862, -0.000292308, 0.00114616, -0.000481146, -0.000324951, 0.000269319, -7.58685e-05, -0.00046561, 0.000226969, -0.000365876, -0.00125578, -0.000688236, 0.0015501, 0.000168147, -0.0008156, 0.000257358, -0.000217463, 0.00010509, -0.000650483, -0.00099046, 9.78466e-05, 0.00191126, 0.000579212, 0.000441532, 0.000132193, 0.000870579, 0.00307706, -0.000253736, -0.000210079, -0.000288241, -0.00222371, -0.00191416, 0.00232562, 0.00180453, -0.000595386, 0.00104072, 0.00351959, -0.00124546, 0.00268257, 0.000741937, -0.00187175
# -0.000141016, 0.000215935, -4.80416e-05, 8.67205e-05, -0.000103815, 4.03795e-06, -0.000105184, -3.39345e-05, -0.000100894, 0.00082791, -3.99947e-05, 0.00035191, 0.000164737, 0.00160092, 0.000847754, -0.000344979, 0.000121989, 0.000180752, -2.56306e-06, -0.000972059, 0.000280031, 0.00027076, -0.000342349, 0.000169258, -0.000342558, -0.000522862, 0.000313878, 0.000449413, -0.000858326, -0.000460607, 0.000441976, 0.000810784, 0.000745799, -0.000280211, 9.4717e-05, 0.00121491, -0.000503324, -0.000153618, 0.000578097, -0.00143974, -0.000647654, -6.56707e-05, 0.00131767, -0.00266581, 0.0015495, -0.000380711, -0.00124531, 0.00273891, 0.00219417, -0.000128547, 2.04583e-05, -0.000948069, -0.00118041, -0.000336494, 0.000647382, -0.000465913, -0.00123512, -0.00201355, 0.000754143, -0.000839322, 0.000494307, 0.000566264, -0.00066731, -0.00129487
# -4.50711e-05, -0.0001172, -4.77643e-05, -8.69808e-05, 0.000112626, 1.7876e-05, -5.57006e-05, -5.12971e-05, 0.000119412, -3.99947e-05, 0.000994007, 2.12055e-05, 0.00125606, -0.00142268, 0.00141191, -0.000164349, 3.58078e-05, 0.000500819, 0.000176188, 0.00109553, 0.000292179, -0.000154714, 0.00127798, -0.000434913, 0.000864305, 0.000885572, 0.000682646, 0.000104875, 0.000729659, -0.00081588, -0.000446295, 0.00132672, -0.00159964, -4.24181e-05, 0.000246906, -0.0013115, 0.000464298, -0.00133019, 0.00029347, -0.00213666, 0.00261794, -0.00054796, -0.000935639, 0.00131092, -0.00105095, -0.00228536, -0.000191616, -0.00266186, 0.00109418, 0.00189099, -0.00266232, 0.000567583, -0.000206124, -0.00301355, 0.00164559, 0.00271988, -0.00135267, 0.00188272, 0.00143147, 0.000456127, -0.00050362, 0.00126799, 0.0013227, -0.00224346
# -0.000631966, 0.00449963, -0.0023149, -0.000501383, 0.000211684, -4.75189e-05, 0.000108759, -0.000283125, -7.82687e-05, 0.00035191, 2.12055e-05, 0.0271465, -0.00583463, -0.0297206, -0.000737539, -0.0152555, 5.83194e-05, -0.00508443, -0.0253267, -0.0148625, 0.0117413, 0.022636, 0.0334362, -0.00173459, 0.00187129, -0.00770017, -0.0118806, -0.00316375, -0.0130919, -0.0314095, -0.00407473, 0.0126519, -0.0113009, 0.00352511, 0.0058334, 0.0192787, -0.0216306, -0.0335033, -0.00358451, -0.0109064, 0.00258786, 0.00334228, 0.00146351, 0.00634961, -0.00197918, 0.00167359, 0.00296937, 0.00344154, -0.000347794, 0.00771936, 0.00679678, 0.0144309, -0.0128907, -0.00176024, -0.000173725, -0.00410428, 0.0133993, 0.00570945, 0.00779444, 0.00720128, 0.00507043, 0.00368598, -0.0142849, 0.00501245
# 0.000492257, -0.00353409, 0.00503384, 0.00212095, -0.00143137, 0.00111644, 0.000168071, -0.000910804, -0.000981758, 0.000164737, 0.00125606, -0.00583463, 0.207301, -0.0726195, 0.00834584, -0.00164305, 0.0211539, 0.0132761, -0.00844164, 0.0197263, 0.00255272, -0.00583591, 0.00484375, -0.0229619, 0.0301403, 0.00477444, 0.0203208, -0.02629, 0.00340711, 0.0127019, 0.0199505, 0.0215401, -0.0847952, 0.014574, 0.0123143, -0.0992926, 0.0426575, -0.0667666, 0.0206915, -0.0179378, 0.040478, -0.0362744, -0.0163254, 0.00440071, -0.0396168, -0.035279, -0.023212, -0.0388489, 0.00095305, -0.0214557, -0.0212182, -0.0399828, 0.058697, -0.0145844, 0.0284147, -0.0210957, -0.0361976, 0.112075, -0.028407, -0.0217612, 0.0865272, -0.0665847, 0.0981231, -0.0235163
# -0.00106638, -0.00531038, 0.00235214, 0.00158035, -0.000352273, -0.000828508, -0.00305732, 0.00191024, 0.00163934, 0.00160092, -0.00142268, -0.0297206, -0.0726195, 0.457685, -0.00033148, 0.000151881, -0.00628584, 0.00220216, 0.00661145, -0.00968301, -0.00301234, 0.00517545, -0.0165776, 0.0333873, -0.0275255, 0.00746633, -0.00797217, 0.0299781, 0.00846529, 0.00951935, -0.021988, 0.00679616, 0.0785853, 0.00498633, -0.0189037, 0.0811304, -0.0128201, 0.00767284, -0.0137113, 0.0269793, -0.099304, 0.0132837, -0.0141179, -0.0721683, 0.0044186, 0.123595, 0.0611106, 0.133385, -0.00286953, 0.0750016, -0.0399627, -0.0289663, -0.0433658, -0.0215475, -0.121564, -0.00975823, 0.024206, -0.143946, 0.0432525, 0.0475327, -0.00178661, -0.0374888, -0.139977, 0.0255905
# -0.000628308, -0.0275661, 0.00397102, 0.000840486, 0.000627039, 0.000807045, -2.00823e-05, -0.000422742, -0.000596238, 0.000847754, 0.00141191, -0.000737539, 0.00834584, -0.00033148, 0.133897, 0.0297818, 0.0407246, 0.0439208, 0.0399243, 0.030353, 0.046028, 0.0388401, 0.0474791, 0.0441951, 0.040674, 0.030082, 0.0449708, 0.0256132, 0.0440154, 0.038805, 0.048457, 0.0433299, 0.0265174, 0.0493796, 0.0443068, 0.024648, 0.0496038, 0.0218952, 0.0371943, -0.0975722, 0.0190097, -0.0251782, -0.0251589, -0.00526855, 0.000421651, -0.00764336, 0.0136999, -0.00981988, -0.0283616, -0.00596451, 0.0028994, -0.0168394, 0.0523378, -0.00481116, 0.0116872, 0.00494585, 0.00501854, 0.00470787, -0.00864502, -0.0218682, 0.0128689, -0.0241558, 0.0338762, -0.00619575
# 0.000371327, -0.020612, -2.37023e-05, 0.000170129, -0.000369646, -0.000163381, 0.000444931, 0.000111736, -0.000528102, -0.000344979, -0.000164349, -0.0152555, -0.00164305, 0.000151881, 0.0297818, 0.151158, 0.0364995, 0.0337654, 0.0478635, 0.0217205, 0.0239635, 0.0212776, 0.00582929, 0.0252143, 0.0240423, 0.0190414, 0.0402479, 0.0285913, 0.0406582, 0.0418881, 0.0349882, 0.00734282, 0.034092, 0.0300828, 0.0278606, 0.0296074, 0.0501546, 0.0368193, 0.022897, 0.0286117, -0.0875606, -0.0207202, 0.00646644, 0.0112028, 0.0438877, 0.00965304, -0.0136211, -0.0186686, 0.0243138, -0.00200951, 0.00836541, -0.022291, 0.00749034, 0.00776655, 0.0326962, 0.0269748, 0.00307787, -0.0252702, -0.0245223, 0.0101562, -0.0157764, 0.0159896, 0.0400584, 0.0103976
# -6.77233e-05, -0.0260664, 0.000704273, 0.00131899, -0.000401992, -0.000502859, -0.000680999, 0.000103289, 0.000404515, 0.000121989, 3.58078e-05, 5.83194e-05, 0.0211539, -0.00628584, 0.0407246, 0.0364995, 0.116703, 0.0348918, 0.0466815, 0.0327583, 0.0500277, 0.0415873, 0.0464815, 0.0385931, 0.0413142, 0.0383175, 0.0498431, 0.0326604, 0.047051, 0.0435237, 0.053001, 0.0348749, 0.0249544, 0.0418658, 0.0421748, 0.0312661, 0.054164, 0.0174817, 0.0429296, -0.0187849, 0.017913, -0.0996841, 0.00365694, -0.0169888, 0.0038075, -0.0155169, -0.0187342, -0.0268886, 0.000589691, 0.0127394, -0.0014818, -0.0171975, 0.0220706, -0.0122748, 0.0162796, 0.0147355, 0.0113373, 0.014839, -0.0260869, -0.00178109, 0.00849438, -0.000275463, 0.0381863, -0.00393587
# 0.000306671, -0.027303, 0.00124072, -0.000425588, -0.000423319, -0.00040622, -0.00107791, -0.0011385, 0.000217989, 0.000180752, 0.000500819, -0.00508443, 0.0132761, 0.00220216, 0.0439208, 0.0337654, 0.0348918, 0.114281, 0.0246994, 0.0327454, 0.0494523, 0.034948, 0.04085, 0.0317689, 0.045321, 0.0345049, 0.0442829, 0.0221025, 0.0522276, 0.0459568, 0.0500481, 0.0257644, 0.0260378, 0.0357471, 0.0395439, 0.0399371, 0.0547763, 0.0309145, 0.0510461, -0.0103011, 0.0495532, 0.00698546, -0.0877325, 0.0207386, 0.00743374, -0.0100269, 0.0132458, 0.00306508, 0.0106801, 0.00756121, 0.0168278, -0.00179539, 0.0409682, 0.00666222, 0.00935209, 0.0128173, 0.0239652, 0.0262696, -0.0115188, 2.14344e-05, -0.000183514, 0.000190006, 0.0102717, 0.000304794
# -0.000854158, -0.023305, -0.00223345, 0.000568272, -0.00021668, 0.000290242, -0.000838772, -0.000713265, -0.000288161, -2.56306e-06, 0.000176188, -0.0253267, -0.00844164, 0.00661145, 0.0399243, 0.0478635, 0.0466815, 0.0246994, 0.207657, 0.0397799, 0.0267775, 0.00445701, -0.0101392, 0.0366667, 0.025755, 0.0389674, 0.0472283, 0.0290614, 0.0448283, 0.0633674, 0.0436043, 0.00604236, 0.0535379, 0.0415516, 0.0209514, 0.013381, 0.0674785, 0.0523171, 0.0428704, 0.00533754, 0.00660134, -0.033088, 0.0183222, -0.168914, 0.0247572, -0.00430439, -0.00421055, 0.0131559, -0.00189971, 0.0132221, 0.0011839, 0.00974631, 0.0199718, 0.0205165, 0.0328436, 0.037899, 0.0140674, -0.0343504, -0.036367, 0.0117042, -0.0242114, -0.0116624, 0.0406265, -0.010994
# 0.000282586, -0.0244293, -0.000749233, -0.000127006, -0.000120943, 0.00150063, -0.000364694, 0.000311792, -0.000349236, -0.000972059, 0.00109553, -0.0148625, 0.0197263, -0.00968301, 0.030353, 0.0217205, 0.0327583, 0.0327454, 0.0397799, 0.159311, 0.02674, 0.0159671, 0.020523, 0.0408262, 0.0396462, 0.0427566, 0.051947, 0.0326581, 0.040138, 0.0577105, 0.019808, 0.0284793, 0.018652, 0.0503737, 0.0315298, -0.00227289, 0.0525795, 0.0285588, 0.0395534, 0.00929416, 0.0396945, 0.0193689, 0.000968237, 0.0320569, -0.127937, -0.00368469, 0.015367, -0.0172875, -0.0401699, 0.0101523, -0.0200297, -0.0135273, 0.0355506, -0.00637475, 0.00861214, 0.0403232, -0.0176768, 0.0231567, -0.0294205, 0.0101537, 0.0135994, -0.0113042, 0.0628957, -0.00917566
# 0.000440863, -0.027797, 0.00115461, -0.000101259, -0.000387099, 0.00020227, -0.00103307, -0.00187298, 2.46324e-05, 0.000280031, 0.000292179, 0.0117413, 0.00255272, -0.00301234, 0.046028, 0.0239635, 0.0500277, 0.0494523, 0.0267775, 0.02674, 0.133908, 0.0536771, 0.0608809, 0.039906, 0.0448187, 0.0248241, 0.0393585, 0.0349028, 0.0355062, 0.0342833, 0.0512489, 0.0449988, 0.0297219, 0.0513934, 0.0461039, 0.0566801, 0.0388158, 0.0215941, 0.0438956, -0.0189253, 0.0255638, -0.0118507, 0.000778977, -0.00011082, -0.00374348, -0.114838, 0.00384446, -0.00766112, -0.00575253, 0.00168538, 0.0218841, 0.0156746, 0.0208052, 0.00538646, 0.00738526, 0.00764691, 0.0312491, 0.00620862, -0.0119876, -0.00482356, 0.0122901, -0.00564927, 0.0112262, 0.00546797
# -0.000344648, -0.0219431, -0.000534536, -0.000552998, 5.40871e-05, -0.000787461, -0.000650235, 0.000260014, 0.0002871, 0.00027076, -0.000154714, 0.022636, -0.00583591, 0.00517545, 0.0388401, 0.0212776, 0.0415873, 0.034948, 0.00445701, 0.0159671, 0.0536771, 0.126117, 0.0703488, 0.0325287, 0.0299519, 0.0181733, 0.0409629, 0.0408921, 0.022361, 0.017683, 0.0462359, 0.0371794, 0.0244366, 0.0439672, 0.0423028, 0.0580737, 0.0223077, 0.00209712, 0.0342641, -0.0198486, 0.0203161, -0.0189321, -0.0107774, 0.0127677, 0.01779, 0.00947776, -0.0906254, 0.0256961, 0.00620188, 0.0420799, 0.0182725, -0.00707699, -0.00295436, 0.00350448, -0.0071869, 0.00397667, 0.036145, -0.0169589, -0.0112187, 0.0198427, 0.0165858, 0.019406, -0.010696, 0.0136977
# -0.000262851, -0.0215857, -0.000554772, -0.000749495, -0.000675345, -0.000257075, -0.00100577, 0.00117433, 0.000794519, -0.000342349, 0.00127798, 0.0334362, 0.00484375, -0.0165776, 0.0474791, 0.00582929, 0.0464815, 0.04085, -0.0101392, 0.020523, 0.0608809, 0.0703488, 0.162586, 0.0371581, 0.0384588, 0.0209555, 0.0250472, 0.0294638, 0.0249935, -0.000132773, 0.0405182, 0.0554108, 0.00302111, 0.0515347, 0.0522259, 0.0487837, 0.0136743, -0.0224857, 0.0378518, -0.0339347, 0.0194606, -0.0086838, -0.0101775, 0.0420765, -0.00370268, -0.00637611, 0.0179696, -0.0961642, -0.0156286, 0.0287308, 0.0220273, 0.00671806, 0.004852, -0.0186021, 0.0246771, 0.000262637, 0.0247413, 0.026969, -0.0188451, 0.0266038, 0.0280827, -0.00381673, -0.0176768, 0.015908
# -0.00174657, -0.0251563, 0.00135028, 0.000394388, 0.000583763, 0.000469601, -0.000217762, -0.000748989, -0.000300862, 0.000169258, -0.000434913, -0.00173459, -0.0229619, 0.0333873, 0.0441951, 0.0252143, 0.0385931, 0.0317689, 0.0366667, 0.0408262, 0.039906, 0.0325287, 0.0371581, 0.142267, 0.0290254, 0.0330989, 0.0356164, 0.0390402, 0.0519759, 0.038127, 0.0325688, 0.0328537, 0.0421991, 0.0466049, 0.0383644, 0.0486368, 0.0391722, 0.0348193, 0.0399752, -0.00714648, 0.0156792, -0.00790763, -0.00440618, -0.00810624, -0.00435387, -0.00794826, 0.0230471, 0.00973731, -0.130502, 0.0150141, 0.0139487, -0.0145238, -0.0024103, -0.00717149, 0.0175365, 0.00369258, 0.0081917, -0.0103911, -0.0311309, -0.00695019, -0.00376074, -0.00421339, 0.00700585, -0.000529202
# 0.000222331, -0.0243869, 0.000424688, 0.000440221, -6.38366e-06, -3.4644e-05, -0.000952471, -0.000883567, -0.000292308, -0.000342558, 0.000864305, 0.00187129, 0.0301403, -0.0275255, 0.040674, 0.0240423, 0.0413142, 0.045321, 0.025755, 0.0396462, 0.0448187, 0.0299519, 0.0384588, 0.0290254, 0.114713, 0.0346966, 0.0407302, 0.0232362, 0.039934, 0.0404337, 0.0471506, 0.0375752, 0.0162253, 0.0467775, 0.0424585, 0.0187967, 0.0466979, 0.0176042, 0.0356389, -0.00343558, 0.0195503, 0.00295111, 0.00164848, 0.0110893, -0.00809577, -0.00772535, 0.0157145, -0.0216485, 0.0189399, -0.0931216, 0.0153168, 0.00545971, 0.0371277, 0.00523834, 0.0135664, 0.00993978, -0.000892893, 0.0278122, -0.0166271, -0.0122362, -0.00302571, -0.00790768, 0.0371194, -0.00836936
# 0.000156507, -0.0233383, -3.95546e-05, -0.000211978, 0.000625881, -0.00037137, 0.000403132, -0.000549199, 0.00114616, -0.000522862, 0.000885572, -0.00770017, 0.00477444, 0.00746633, 0.030082, 0.0190414, 0.0383175, 0.0345049, 0.0389674, 0.0427566, 0.0248241, 0.0181733, 0.0209555, 0.0330989, 0.0346966, 0.133094, 0.038428, 0.0249487, 0.0520318, 0.0473452, 0.0256485, 0.0310715, 0.0279569, 0.0404001, 0.0350737, 0.0215039, 0.047849, 0.0438959, 0.0405711, 0.0120961, 0.0300671, -0.00534579, 0.0148849, 0.0109123, -0.0190014, 0.00545208, 0.0147976, 0.0206053, -0.0127853, -0.00397151, -0.129231, -0.00364675, 0.0368513, -0.0270103, 0.00417621, 0.0400331, 0.00506488, 0.00430144, -0.012554, -7.60737e-05, 0.00895683, 0.0022803, 0.0133122, -0.0303185
# -0.000484775, -0.0283717, 0.000140635, -0.000305458, 0.000155495, 0.00117932, 5.8022e-05, -0.000298381, -0.000481146, 0.000313878, 0.000682646, -0.0118806, 0.0203208, -0.00797217, 0.0449708, 0.0402479, 0.0498431, 0.0442829, 0.0472283, 0.051947, 0.0393585, 0.0409629, 0.0250472, 0.0356164, 0.0407302, 0.038428, 0.140034, 0.0382211, 0.0393342, 0.06265, 0.0418813, 0.0245815, 0.0303308, 0.039732, 0.0481023, 0.0104749, 0.0597215, 0.0482974, 0.0411546, -0.0167057, 0.0259563, -0.0224953, -0.00381647, 0.0205542, -0.0168087, -0.00491423, -0.0172448, -0.00758286, -0.00859769, 0.0105907, -0.00602372, -0.114313, 0.0548164, 0.0328201, 0.00802971, 0.014589, 0.00681125, 0.0293239, -0.0223854, -8.70655e-05, 0.0170833, 0.00830593, 0.0372714, 0.00905697
# -0.000658652, -0.0203137, -0.00375006, -0.000591464, 0.000277832, 0.000425265, -0.000516291, -0.000657623, -0.000324951, 0.000449413, 0.000104875, -0.00316375, -0.02629, 0.0299781, 0.0256132, 0.0285913, 0.0326604, 0.0221025, 0.0290614, 0.0326581, 0.0349028, 0.0408921, 0.0294638, 0.0390402, 0.0232362, 0.0249487, 0.0382211, 0.141903, 0.029102, 0.0343836, 0.0311212, 0.0212067, 0.0450547, 0.0341062, 0.0397788, 0.0498186, 0.0266918, 0.0462771, 0.0263048, 0.0118218, -0.0117471, -0.00781772, 0.0186253, 0.0266655, 0.00727785, 0.00125468, 0.00382938, 0.0172203, -0.0027665, 0.0115836, 0.00728595, -0.000499358, -0.145351, 0.00437062, 0.0113036, 0.0301669, 0.0372014, 0.00369394, -0.00599719, 0.00389132, -0.0222051, 0.0168919, -0.00165304, 0.0260519
# 0.000333198, -0.0302422, 0.00194699, -0.000259589, -0.000388554, 0.000552686, -0.000565567, -0.000375524, 0.000269319, -0.000858326, 0.000729659, -0.0130919, 0.00340711, 0.00846529, 0.0440154, 0.0406582, 0.047051, 0.0522276, 0.0448283, 0.040138, 0.0355062, 0.022361, 0.0249935, 0.0519759, 0.039934, 0.0520318, 0.0393342, 0.029102, 0.190116, 0.0525539, 0.0560125, 0.0271775, 0.0358911, 0.046915, 0.0392047, 0.031077, 0.0765003, 0.0464933, 0.0503749, 0.0182445, 0.0280296, 0.00199453, -0.0178008, 0.0168515, 0.0156192, -0.00445047, 0.0158873, -0.00466644, -0.0135446, 0.00835332, 0.00357819, -0.00575321, 0.0276928, -0.181094, 0.0300005, 0.0180542, 0.0225178, 0.00630984, -0.0322465, -0.00672642, -0.00567794, -0.023874, 0.0320897, 0.0012674
# 0.000648737, -0.0326597, 0.00597206, 0.00168056, 0.000100722, -0.000360797, 6.40513e-05, -2.53102e-05, -7.58685e-05, -0.000460607, -0.00081588, -0.0314095, 0.0127019, 0.00951935, 0.038805, 0.0418881, 0.0435237, 0.0459568, 0.0633674, 0.0577105, 0.0342833, 0.017683, -0.000132773, 0.038127, 0.0404337, 0.0473452, 0.06265, 0.0343836, 0.0525539, 0.170133, 0.0432442, 0.0241467, 0.0382603, 0.0382494, 0.028976, 0.00160921, 0.071788, 0.0503041, 0.0455134, 0.01247, 0.0356853, -0.0211978, 0.0140294, -0.00196942, 0.00204702, -0.0144977, -0.0140382, -0.0134395, -0.0104794, -0.01733, 0.00163451, -0.0276493, 0.0509624, 0.0108535, -0.0701926, 0.00581402, -0.0264477, -0.0161579, -0.0267725, -0.00110969, -0.00180701, -0.00165248, 0.0583046, -0.023422
# -0.00147908, -0.0264854, 0.000503669, 0.0012661, -0.00198399, 6.75867e-05, -0.000720058, 0.000132012, -0.00046561, 0.000441976, -0.000446295, -0.00407473, 0.0199505, -0.021988, 0.048457, 0.0349882, 0.053001, 0.0500481, 0.0436043, 0.019808, 0.0512489, 0.0462359, 0.0405182, 0.0325688, 0.0471506, 0.0256485, 0.0418813, 0.0311212, 0.0560125, 0.0432442, 0.187182, 0.0275934, 0.0176493, 0.0462612, 0.0490401, 0.0332197, 0.0604366, 0.0374751, 0.0402217, -0.000701816, 0.0408346, -0.0141965, -0.00488064, -0.0136806, 0.0379024, -0.0391191, -0.0144866, -0.0260381, 0.0123274, 0.000325115, 0.0352008, 0.0280503, 0.0338815, 3.39119e-05, 0.0228589, -0.154236, 0.0195933, 0.0184842, -0.0434498, -0.00509342, -0.0105859, 0.00640816, 0.0403992, 0.00108278
# -0.00023147, -0.020462, 0.00242317, 0.000910906, 0.000983435, -9.53285e-05, -0.000758454, 6.38739e-06, 0.000226969, 0.000810784, 0.00132672, 0.0126519, 0.0215401, 0.00679616, 0.0433299, 0.00734282, 0.0348749, 0.0257644, 0.00604236, 0.0284793, 0.0449988, 0.0371794, 0.0554108, 0.0328537, 0.0375752, 0.0310715, 0.0245815, 0.0212067, 0.0271775, 0.0241467, 0.0275934, 0.116618, 0.00957049, 0.0418421, 0.0400034, 0.0338251, 0.031358, -0.0236805, 0.029107, -0.0236485, 0.0127773, -0.00417509, -0.00188131, 0.00571967, -0.022875, -0.00440065, 0.0243705, 0.00446772, -0.0229293, 0.00249206, -0.0179148, -0.00311718, 0.0251952, -0.0210689, -0.0127229, -0.00399433, -0.102152, -0.000284141, -0.00746694, -0.000357725, 0.0223192, -0.0149652, 0.0117739, -0.00519306
# -0.000135295, -0.0212897, -0.00255683, -0.00105503, 0.000461093, -0.000551213, -0.000779825, -6.63783e-05, -0.000365876, 0.000745799, -0.00159964, -0.0113009, -0.0847952, 0.0785853, 0.0265174, 0.034092, 0.0249544, 0.0260378, 0.0535379, 0.018652, 0.0297219, 0.0244366, 0.00302111, 0.0421991, 0.0162253, 0.0279569, 0.0303308, 0.0450547, 0.0358911, 0.0382603, 0.0176493, 0.00957049, 0.183925, 0.0311144, 0.0289511, 0.0711245, 0.0373514, 0.0760017, 0.0256732, 0.017223, 0.0015312, -0.00573657, 0.00021097, -0.0162386, 0.0184136, 0.020303, 0.0348662, 0.0426218, 0.00826026, 0.00681811, 0.00803648, 0.0126817, -0.000683149, 0.0178877, 0.0178154, 0.0276815, 0.0321959, -0.183426, -0.0180294, 0.00187379, -0.011283, 0.0147425, -0.0238249, 0.028858
# -0.000259988, -0.0278324, 1.64369e-05, -0.000853744, -0.000503476, 0.0016314, -0.000646903, -0.000835449, -0.00125578, -0.000280211, -4.24181e-05, 0.00352511, 0.014574, 0.00498633, 0.0493796, 0.0300828, 0.0418658, 0.0357471, 0.0415516, 0.0503737, 0.0513934, 0.0439672, 0.0515347, 0.0466049, 0.0467775, 0.0404001, 0.039732, 0.0341062, 0.046915, 0.0382494, 0.0462612, 0.0418421, 0.0311144, 0.143588, 0.0536532, 0.0256259, 0.0500012, 0.0122226, 0.0431009, -0.0217291, 0.0219314, -0.0178363, 0.0111374, 0.0256027, -0.0111503, -0.0084316, 0.0262279, -0.0154969, -0.0176747, -0.00199202, -0.00714089, -0.00647371, 0.033267, -0.0027815, 0.00230827, 0.00310581, 0.00869684, -0.00223299, -0.171536, 0.000602243, 0.0357606, -0.0260725, 0.0322055, 0.0182796
# 0.000334133, -0.0265481, 0.00104878, -0.00103978, -0.000422121, 0.000429682, 5.09137e-05, 0.000141419, -0.000688236, 9.4717e-05, 0.000246906, 0.0058334, 0.0123143, -0.0189037, 0.0443068, 0.0278606, 0.0421748, 0.0395439, 0.0209514, 0.0315298, 0.0461039, 0.0423028, 0.0522259, 0.0383644, 0.0424585, 0.0350737, 0.0481023, 0.0397788, 0.0392047, 0.028976, 0.0490401, 0.0400034, 0.0289511, 0.0536532, 0.120413, 0.0322746, 0.0490291, 0.0226611, 0.0396281, -0.0152788, 0.0305047, -0.00213153, -0.00610097, 0.0382717, -0.0136378, 0.00260588, 0.0101293, -0.00749578, -0.0168885, 0.00181711, 0.00611832, 0.00495673, 0.00951593, -0.00187759, 0.00648677, -0.0054099, 0.00893587, 0.0263586, -0.0428555, -0.110604, 0.0151337, -0.0124505, 0.0401402, 0.0118891
# -0.000576501, -0.0185228, -0.00634199, -0.000805539, 0.000501893, -0.00151527, -0.000991659, -0.00105143, 0.0015501, 0.00121491, -0.0013115, 0.0192787, -0.0992926, 0.0811304, 0.024648, 0.0296074, 0.0312661, 0.0399371, 0.013381, -0.00227289, 0.0566801, 0.0580737, 0.0487837, 0.0486368, 0.0187967, 0.0215039, 0.0104749, 0.0498186, 0.031077, 0.00160921, 0.0332197, 0.0338251, 0.0711245, 0.0256259, 0.0322746, 0.209185, 0.016243, 0.028088, 0.0241016, 0.0272376, -0.000731921, 0.0296247, -0.0102123, -0.00181888, 0.0424373, 0.0225381, 0.0258558, 0.0658906, 0.0184644, 0.0441481, 0.0297899, 0.0375782, -0.0307289, -0.0107553, -0.0368952, 0.0201561, 0.0655805, -0.0430633, 0.0368361, 0.0304319, -0.174704, 0.0378115, -0.0592454, 0.00964679
# 0.00173253, -0.0345725, 0.00207859, 0.00116408, -0.000279891, -0.000911549, -0.0004896, -0.000776257, 0.000168147, -0.000503324, 0.000464298, -0.0216306, 0.0426575, -0.0128201, 0.0496038, 0.0501546, 0.054164, 0.0547763, 0.0674785, 0.0525795, 0.0388158, 0.0223077, 0.0136743, 0.0391722, 0.0466979, 0.047849, 0.0597215, 0.0266918, 0.0765003, 0.071788, 0.0604366, 0.031358, 0.0373514, 0.0500012, 0.0490291, 0.016243, 0.169889, 0.0534521, 0.0570508, -0.00831396, 0.0418823, -0.00497546, -0.00826809, 0.00709116, 0.00964404, -0.00407013, -0.00114588, -0.0027552, 0.0092069, 0.0136796, -0.0118812, 0.00871059, 0.0625397, -0.00872661, 0.013697, 0.0243251, 0.0039051, 0.0105017, -0.0239444, -0.0223339, -0.00194403, -0.130703, 0.041222, -0.00670715
# 0.00188585, -0.023157, -0.00194443, -0.000714308, 0.000500334, 0.000239434, -0.000479825, -0.000303859, -0.0008156, -0.000153618, -0.00133019, -0.0335033, -0.0667666, 0.00767284, 0.0218952, 0.0368193, 0.0174817, 0.0309145, 0.0523171, 0.0285588, 0.0215941, 0.00209712, -0.0224857, 0.0348193, 0.0176042, 0.0438959, 0.0482974, 0.0462771, 0.0464933, 0.0503041, 0.0374751, -0.0236805, 0.0760017, 0.0122226, 0.0226611, 0.028088, 0.0534521, 0.304077, 0.0431536, 0.0315406, -0.0174258, 0.000740762, 0.037761, 0.0461709, 0.0119914, -0.0232179, 0.00179063, -0.0103925, 0.00794007, 0.000931796, -0.0175372, 0.00880223, 0.0214599, 0.00754961, 0.0326409, 0.0221902, 0.0375568, -0.00838749, -0.018651, -0.0175769, -0.00341609, 0.00438013, -0.163908, -0.0212304
# -3.00286e-05, -0.0262176, -0.000650803, 0.000742133, -0.00158567, 0.000474319, -0.00051911, -0.00044793, 0.000257358, 0.000578097, 0.00029347, -0.00358451, 0.0206915, -0.0137113, 0.0371943, 0.022897, 0.0429296, 0.0510461, 0.0428704, 0.0395534, 0.0438956, 0.0342641, 0.0378518, 0.0399752, 0.0356389, 0.0405711, 0.0411546, 0.0263048, 0.0503749, 0.0455134, 0.0402217, 0.029107, 0.0256732, 0.0431009, 0.0396281, 0.0241016, 0.0570508, 0.0431536, 0.123806, -0.00442985, 0.0489215, -0.000203099, 0.00337519, -0.00713674, -0.0182564, -0.0208609, 0.00146606, -0.0144938, 0.00483628, -0.000448189, 0.0304974, 0.00716949, 0.0519049, -0.00448234, 0.0100395, 0.0205326, 0.00920817, 0.0325312, -0.00906085, 0.00744091, 0.0145038, 0.00620746, 0.0234882, -0.0979462
# -0.000920389, 0.00603365, -0.00568135, -0.00086243, 0.00104228, -0.00198496, -0.000327686, 0.000599284, -0.000217463, -0.00143974, -0.00213666, -0.0109064, -0.0179378, 0.0269793, -0.0975722, 0.0286117, -0.0187849, -0.0103011, 0.00533754, 0.00929416, -0.0189253, -0.0198486, -0.0339347, -0.00714648, -0.00343558, 0.0120961, -0.0167057, 0.0118218, 0.0182445, 0.01247, -0.000701816, -0.0236485, 0.017223, -0.0217291, -0.0152788, 0.0272376, -0.00831396, 0.0315406, -0.00442985, 0.564425, -0.0378506, 0.0576322, 0.0312646, -0.027805, 0.0166762, 0.0247796, -0.00764881, 0.00454226, 0.00539913, 0.000304988, -0.0399826, -0.0172612, -0.0487968, -0.0448869, -0.0165181, -0.000379859, 0.044821, -0.0116043, 0.0460223, 0.0271988, -0.0493648, 0.0209407, -0.0216759, -0.0627405
# -0.00104716, -0.0152063, -0.00577859, -0.0008503, -0.000130205, -0.000145521, -0.000175772, 5.59169e-05, 0.00010509, -0.000647654, 0.00261794, 0.00258786, 0.040478, -0.099304, 0.0190097, -0.0875606, 0.017913, 0.0495532, 0.00660134, 0.0396945, 0.0255638, 0.0203161, 0.0194606, 0.0156792, 0.0195503, 0.0300671, 0.0259563, -0.0117471, 0.0280296, 0.0356853, 0.0408346, 0.0127773, 0.0015312, 0.0219314, 0.0305047, -0.000731921, 0.0418823, -0.0174258, 0.0489215, -0.0378506, 0.667325, 0.00370619, 0.00107005, 0.0149547, -0.0121985, -0.0325525, 0.0163752, 0.0105032, 0.0194563, 0.0111486, 0.0295518, 0.0589188, 0.125226, 0.0612042, 0.0432229, 0.0393477, 0.0282512, 0.0420532, -0.0115528, -0.00616474, 0.0208849, 0.0619429, 0.0320214, -0.0100253
# -0.00199409, 0.0083965, -0.0147183, -0.00175166, -0.00261419, 0.00116468, -0.000773128, 8.83227e-05, -0.000650483, -6.56707e-05, -0.00054796, 0.00334228, -0.0362744, 0.0132837, -0.0251782, -0.0207202, -0.0996841, 0.00698546, -0.033088, 0.0193689, -0.0118507, -0.0189321, -0.0086838, -0.00790763, 0.00295111, -0.00534579, -0.0224953, -0.00781772, 0.00199453, -0.0211978, -0.0141965, -0.00417509, -0.00573657, -0.0178363, -0.00213153, 0.0296247, -0.00497546, 0.000740762, -0.000203099, 0.0576322, 0.00370619, 0.533121, 0.0511682, 0.0227837, -0.0189369, 0.0517002, 0.0932563, 0.0421147, 0.0178444, 0.00692812, 0.0406579, 0.0491481, 0.00260228, 0.00493236, 0.0176946, 0.000341147, 0.0327094, 0.0117948, 0.10511, -0.000323255, -0.0176518, 0.0376409, -0.00811756, 0.0319174
# -0.00019069, 0.00319561, -0.0140206, 0.00108984, -0.00224731, 0.00022416, 0.00126891, 0.000789751, -0.00099046, 0.00131767, -0.000935639, 0.00146351, -0.0163254, -0.0141179, -0.0251589, 0.00646644, 0.00365694, -0.0877325, 0.0183222, 0.000968237, 0.000778977, -0.0107774, -0.0101775, -0.00440618, 0.00164848, 0.0148849, -0.00381647, 0.0186253, -0.0178008, 0.0140294, -0.00488064, -0.00188131, 0.00021097, 0.0111374, -0.00610097, -0.0102123, -0.00826809, 0.037761, 0.00337519, 0.0312646, 0.00107005, 0.0511682, 0.511668, -0.0146733, 0.00555901, -0.0163419, 0.0310056, 0.0435822, 0.0596442, -0.030201, 0.0252566, 0.0696825, 0.00906996, 0.0399112, 0.00803908, 0.0122755, 0.0126248, 0.0267679, 0.0508723, 0.0288797, 0.0179591, 0.0596809, 0.0375945, -0.0553508
# 0.00566691, -0.00631875, -0.00706575, -0.00179022, 0.00126862, 0.000863923, 0.00101589, 0.000507657, 9.78466e-05, -0.00266581, 0.00131092, 0.00634961, 0.00440071, -0.0721683, -0.00526855, 0.0112028, -0.0169888, 0.0207386, -0.168914, 0.0320569, -0.00011082, 0.0127677, 0.0420765, -0.00810624, 0.0110893, 0.0109123, 0.0205542, 0.0266655, 0.0168515, -0.00196942, -0.0136806, 0.00571967, -0.0162386, 0.0256027, 0.0382717, -0.00181888, 0.00709116, 0.0461709, -0.00713674, -0.027805, 0.0149547, 0.0227837, -0.0146733, 0.749395, -0.00482546, 0.0425134, 0.0377777, -0.0787471, 0.0154746, 0.0320407, -0.00269174, 0.0378979, 0.0114237, -0.00657716, -0.00793353, 0.0763212, -0.0216797, 0.0564907, -0.0788442, -0.0591069, -0.0108217, 0.0173285, 0.0116668, 0.04116
# -0.000471063, 0.00247042, -0.00916787, 0.00181698, -0.000425471, -0.00352923, -0.00109687, 0.000815145, 0.00191126, 0.0015495, -0.00105095, -0.00197918, -0.0396168, 0.0044186, 0.000421651, 0.0438877, 0.0038075, 0.00743374, 0.0247572, -0.127937, -0.00374348, 0.01779, -0.00370268, -0.00435387, -0.00809577, -0.0190014, -0.0168087, 0.00727785, 0.0156192, 0.00204702, 0.0379024, -0.022875, 0.0184136, -0.0111503, -0.0136378, 0.0424373, 0.00964404, 0.0119914, -0.0182564, 0.0166762, -0.0121985, -0.0189369, 0.00555901, -0.00482546, 0.571418, 0.0202922, -0.0340039, 0.0219592, 0.0730861, 0.0446618, 0.0676699, 0.0488168, -0.0326028, 0.0270713, 0.0133532, -0.0166738, 0.061721, -0.0199063, -0.00393786, 0.0702287, -0.0276478, 0.0203902, -0.0339782, 0.0571351
# -0.000223532, 0.00799019, -0.0129441, 0.000197202, -0.00108677, -0.00150843, -0.000636832, 0.000843665, 0.000579212, -0.000380711, -0.00228536, 0.00167359, -0.035279, 0.123595, -0.00764336, 0.00965304, -0.0155169, -0.0100269, -0.00430439, -0.00368469, -0.114838, 0.00947776, -0.00637611, -0.00794826, -0.00772535, 0.00545208, -0.00491423, 0.00125468, -0.00445047, -0.0144977, -0.0391191, -0.00440065, 0.020303, -0.0084316, 0.00260588, 0.0225381, -0.00407013, -0.0232179, -0.0208609, 0.0247796, -0.0325525, 0.0517002, -0.0163419, 0.0425134, 0.0202922, 0.552073, 0.0348791, 0.0859156, 0.0235191, 0.068911, 0.035713, 0.00537353, -0.0161144, -0.00467484, -0.032376, 0.0257519, 0.0518906, -0.0505538, 0.0257798, 0.0115495, -0.00736083, 0.0344981, -0.0285237, 0.0571645
# -0.00166273, 0.0014733, -0.0161972, -0.00140534, 0.00051531, 0.00312693, 0.000417044, -0.000402342, 0.000441532, -0.00124531, -0.000191616, 0.00296937, -0.023212, 0.0611106, 0.0136999, -0.0136211, -0.0187342, 0.0132458, -0.00421055, 0.015367, 0.00384446, -0.0906254, 0.0179696, 0.0230471, 0.0157145, 0.0147976, -0.0172448, 0.00382938, 0.0158873, -0.0140382, -0.0144866, 0.0243705, 0.0348662, 0.0262279, 0.0101293, 0.0258558, -0.00114588, 0.00179063, 0.00146606, -0.00764881, 0.0163752, 0.0932563, 0.0310056, 0.0377777, -0.0340039, 0.0348791, 0.532816, 0.0219312, -0.0420578, 0.000720102, 0.00633372, 0.0689154, 0.0281704, -0.00244463, -0.00367214, 0.0172382, 0.0491309, 0.0097853, 0.000171224, 0.000321439, 0.0259993, 0.0122075, 0.0141843, 0.0429339
# 0.000384596, 0.00338426, -0.0116343, -0.00255814, 0.00350973, 0.000193279, -9.94784e-05, -0.000582337, 0.000132193, 0.00273891, -0.00266186, 0.00344154, -0.0388489, 0.133385, -0.00981988, -0.0186686, -0.0268886, 0.00306508, 0.0131559, -0.0172875, -0.00766112, 0.0256961, -0.0961642, 0.00973731, -0.0216485, 0.0206053, -0.00758286, 0.0172203, -0.00466644, -0.0134395, -0.0260381, 0.00446772, 0.0426218, -0.0154969, -0.00749578, 0.0658906, -0.0027552, -0.0103925, -0.0144938, 0.00454226, 0.0105032, 0.0421147, 0.0435822, -0.0787471, 0.0219592, 0.0859156, 0.0219312, 0.592263, 0.034405, 0.0344703, -0.0325677, 0.0682542, -0.0476565, 0.0238009, -0.121803, 0.0530187, 0.0790363, -0.0676592, 0.0617233, 0.00513541, -0.0319459, 0.00177305, -0.049559, 0.0457543
# 0.000919153, 0.00771867, -0.011242, 0.00110884, -0.00243828, 0.000249936, -0.00115856, -0.000490512, 0.000870579, 0.00219417, 0.00109418, -0.000347794, 0.00095305, -0.00286953, -0.0283616, 0.0243138, 0.000589691, 0.0106801, -0.00189971, -0.0401699, -0.00575253, 0.00620188, -0.0156286, -0.130502, 0.0189399, -0.0127853, -0.00859769, -0.0027665, -0.0135446, -0.0104794, 0.0123274, -0.0229293, 0.00826026, -0.0176747, -0.0168885, 0.0184644, 0.0092069, 0.00794007, 0.00483628, 0.00539913, 0.0194563, 0.0178444, 0.0596442, 0.0154746, 0.0730861, 0.0235191, -0.0420578, 0.034405, 0.606092, -0.0285142, 0.0329557, 0.0595496, 0.0236159, 0.0378004, -1.9638e-05, 0.0351329, 0.027253, 0.0359261, 0.0443356, 0.0976172, -0.00302747, 0.0472291, -0.0190384, -0.0234958
