# stan_version_major = 2
# stan_version_minor = 37
# stan_version_patch = 0
# model = survival_model
# start_datetime = 2026-03-12 17:42:04 UTC
# method = sample (Default)
#   sample
#     num_samples = 2000
#     num_warmup = 1000 (Default)
#     save_warmup = false (Default)
#     thin = 1 (Default)
#     adapt
#       engaged = true (Default)
#       gamma = 0.05 (Default)
#       delta = 0.8 (Default)
#       kappa = 0.75 (Default)
#       t0 = 10 (Default)
#       init_buffer = 75 (Default)
#       term_buffer = 50 (Default)
#       window = 25 (Default)
#       save_metric = false (Default)
#     algorithm = hmc (Default)
#       hmc
#         engine = nuts (Default)
#           nuts
#             max_depth = 10 (Default)
#         metric = dense_e
#         metric_file =  (Default)
#         stepsize = 1 (Default)
#         stepsize_jitter = 0 (Default)
#     num_chains = 1 (Default)
# id = 3
# data
#   file = /Users/dansprague/Documents/PhaseSkate/benchmarks/scaling/data/data_H10.json
# init = 2 (Default)
# random
#   seed = 42
# output
#   file = /Users/dansprague/Documents/PhaseSkate/benchmarks/scaling/stan_output/survival-20260312134204_3.csv
#   diagnostic_file =  (Default)
#   refresh = 100 (Default)
#   sig_figs = 8 (Default)
#   profile_file = profile.csv (Default)
#   save_cmdstan_config = false (Default)
# num_threads = 1 (Default)
# stanc_version = stanc3 v2.37.0
# stancflags = --filename-in-msg=survival.stan
lp__,accept_stat__,stepsize__,treedepth__,n_leapfrog__,divergent__,energy__,log_alpha,beta_0,trt_effect,beta.1,beta.2,beta.3,beta.4,beta.5,beta.6,beta.7,beta.8,log_sigma_int,log_sigma_slope,rho,z_int.1,z_int.2,z_int.3,z_int.4,z_int.5,z_int.6,z_int.7,z_int.8,z_int.9,z_int.10,z_slope.1,z_slope.2,z_slope.3,z_slope.4,z_slope.5,z_slope.6,z_slope.7,z_slope.8,z_slope.9,z_slope.10
# Adaptation terminated
# Step size = 0.272406
# Elements of inverse mass matrix:
# 0.00253381, -0.00071047, -0.000129135, 7.64771e-05, 0.000415728, 0.000169379, -4.73535e-05, -0.00015273, 0.000134557, -0.000148694, 8.07279e-05, -0.000616796, -9.93757e-05, 0.00195545, -0.000257085, 0.00174229, 0.00233295, 0.000801295, 0.00168218, 0.0023079, -0.000389652, -0.0007881, 0.000829652, -0.000282515, 0.00217836, 0.00348512, -0.00250337, -0.000198208, -0.000281284, -0.00157681, 0.00242979, 0.00184381, -0.000362587, 0.0060626
# -0.00071047, 0.0353166, 0.000209385, 0.000381697, -0.00176443, 0.000889812, -4.86267e-05, 0.00026557, -0.000717859, 0.000232553, -0.000650015, -0.00828948, 0.00187089, -0.00282951, -0.0496437, -0.0463473, -0.0534205, -0.0558003, -0.0494425, -0.0456837, -0.0596573, -0.0651641, -0.0541983, -0.0499212, -0.0095876, -0.00823262, -0.000724482, -0.00299883, 0.00538094, 0.00848713, -0.00468787, -0.0047842, -0.00120272, -0.0074956
# -0.000129135, 0.000209385, 0.0179267, -0.000456715, 0.00116529, 5.79593e-05, -0.000142062, -0.00024719, 0.000697771, -3.27871e-05, 0.000445082, -0.00210998, 0.00506732, 0.0111876, -0.0130201, -0.0137481, -0.0116279, -0.00965025, -0.00676701, -0.0127714, -0.00918219, -0.00777909, -0.00715723, -0.00573732, -0.0232564, -0.0233702, -0.0259544, -0.0292808, -0.0316876, -0.0218705, -0.0238105, -0.0265267, -0.0274792, -0.0375452
# 7.64771e-05, 0.000381697, -0.000456715, 0.00228678, 2.07931e-05, 7.60418e-05, -0.000348603, -4.50468e-05, 0.000203625, 0.00026956, -0.000321925, 0.00079395, 0.00101933, -0.0029228, 0.000359141, 0.000131403, 0.000441123, 0.00152094, -6.27248e-05, -0.0016493, 0.00277194, 0.0014093, 0.00247454, -0.00135286, -0.000847301, 0.00283493, 0.00148868, -0.000752155, -0.000735327, 0.000414063, -0.00254028, 5.20031e-05, -0.00544777, 0.00104141
# 0.000415728, -0.00176443, 0.00116529, 2.07931e-05, 0.00246907, -1.8341e-06, 0.000127396, -5.67126e-05, 0.00030985, -1.80103e-05, 0.000210314, 0.00104392, -0.000568084, -0.00043662, -0.000243485, 0.00107833, 0.00317686, 0.00180112, -1.65692e-05, -0.000294067, -0.000762548, 0.00291651, -2.09232e-05, -0.000341906, 0.00305639, -0.00361848, -0.000667882, -0.00233086, -0.003339, -0.00234469, -0.00042325, -5.40682e-05, 0.00084612, 0.00378434
# 0.000169379, 0.000889812, 5.79593e-05, 7.60418e-05, -1.8341e-06, 0.00155937, 0.000150256, 8.96905e-05, -2.27235e-05, -6.60734e-05, -5.28436e-06, -0.000317367, 0.000752856, 0.00274238, -0.000410474, -0.00350116, -0.00151847, -0.00116558, -0.00119661, -0.000153676, -0.00245869, -0.00242499, -0.00300898, -0.00136137, -0.000565595, 0.00314109, -2.91967e-05, 0.00147121, -0.000201056, 0.000342226, 0.00381511, 0.0035777, -0.000255917, 0.000285416
# -4.73535e-05, -4.86267e-05, -0.000142062, -0.000348603, 0.000127396, 0.000150256, 0.00202158, -0.000220825, -0.000144892, -6.93923e-05, -0.000206847, -0.000379267, -0.000547413, -0.000660414, -0.00208496, -0.00030073, -0.000606033, -0.000347485, 0.000155822, 0.00136747, 0.000568994, 0.00153406, -0.00145959, -0.000649373, 0.00142224, 0.00199282, -0.00198299, -0.00158415, -0.000920856, 0.00144457, 0.00228289, -0.00162708, 0.00221316, -0.000338415
# -0.00015273, 0.00026557, -0.00024719, -4.50468e-05, -5.67126e-05, 8.96905e-05, -0.000220825, 0.00230219, -0.000105787, 0.00022212, -9.34395e-05, 3.5401e-05, 0.00195912, -0.00225537, -1.2271e-05, 0.00165189, 0.000782303, -8.0169e-05, 0.00141044, 0.00101053, 9.07089e-05, -0.000419983, 0.00129869, 2.86922e-05, 0.00338139, 0.00105865, 0.00231927, 0.000567787, -0.00331109, 0.000566149, 0.00289406, -0.00148882, -0.00148959, 0.00160008
# 0.000134557, -0.000717859, 0.000697771, 0.000203625, 0.00030985, -2.27235e-05, -0.000144892, -0.000105787, 0.00233532, -3.81482e-05, -0.000118727, 0.000289736, 0.000350112, 0.000111866, 0.000813513, -0.000260232, 0.000304332, 0.00264784, -8.56842e-05, -0.0024253, 0.00031562, 0.00217694, -0.0014751, -0.000681489, 0.000629927, -0.00289286, -0.0011054, -0.00297236, -0.00258323, 0.00218258, -0.00165673, -0.000916958, 0.00449636, 0.00340724
# -0.000148694, 0.000232553, -3.27871e-05, 0.00026956, -1.80103e-05, -6.60734e-05, -6.93923e-05, 0.00022212, -3.81482e-05, 0.00164056, -3.39538e-05, -0.00010567, 0.000625196, -0.000383416, -0.000979478, 0.000929783, 0.000307671, 0.000487574, 0.00117248, 0.000282255, 0.000194957, -0.00028403, 0.000608621, 0.000832628, -0.00251287, 0.00274618, -0.00189155, 0.00631906, -0.00107394, 0.00147899, 0.00119864, 0.000488868, -0.00229628, -0.00406134
# 8.07279e-05, -0.000650015, 0.000445082, -0.000321925, 0.000210314, -5.28436e-06, -0.000206847, -9.34395e-05, -0.000118727, -3.39538e-05, 0.0019797, -0.000590266, 0.00164981, 0.00175658, 0.000297622, 0.00157521, -0.00100991, 0.000132536, 0.000271704, 0.00192755, -0.00201174, -7.09436e-05, 0.00235103, -0.000554131, 0.000316576, -0.00162841, 0.00106726, 0.000307239, -0.00252125, -0.00156645, -0.00131435, 0.00121588, -0.000761488, 0.00130373
# -0.000616796, -0.00828948, -0.00210998, 0.00079395, 0.00104392, -0.000317367, -0.000379267, 3.5401e-05, 0.000289736, -0.00010567, -0.000590266, 0.0910988, 0.00546195, -0.0473424, 0.0510408, -0.0299769, -0.0197068, 0.0155977, -0.0632281, -0.0892302, 0.0844257, 0.109864, 0.0142432, -0.00775407, 0.0132558, -0.00130954, 0.0163431, -0.00214622, -0.0187586, -0.027896, -0.0160727, 0.000283625, 0.00853127, 0.0190183
# -9.93757e-05, 0.00187089, 0.00506732, 0.00101933, -0.000568084, 0.000752856, -0.000547413, 0.00195912, 0.000350112, 0.000625196, 0.00164981, 0.00546195, 0.254668, -0.0244002, -0.00834125, 0.000822236, -0.0956067, 0.0122254, 0.00806278, -0.024353, 0.0444538, 0.0563349, -0.00124219, -0.0111626, 0.016229, -0.0193783, 0.104434, 0.00498631, -0.0519841, -0.0313222, -0.0749688, 0.0194156, -0.019948, 0.024599
# 0.00195545, -0.00282951, 0.0111876, -0.0029228, -0.00043662, 0.00274238, -0.000660414, -0.00225537, 0.000111866, -0.000383416, 0.00175658, -0.0473424, -0.0244002, 0.756105, 0.0263924, -0.0412715, 0.083877, -0.00939532, 0.00239108, -0.00143195, -0.036233, -0.0236817, 0.00538193, 0.0178257, 0.0499957, -0.0426535, -0.114969, 0.0992643, -0.137306, -0.143032, 0.14943, 0.202944, -0.00406662, -0.066411
# -0.000257085, -0.0496437, -0.0130201, 0.000359141, -0.000243485, -0.000410474, -0.00208496, -1.2271e-05, 0.000813513, -0.000979478, 0.000297622, 0.0510408, -0.00834125, 0.0263924, 0.23413, 0.056161, 0.0912215, 0.0907892, 0.0528714, 0.0276931, 0.126046, 0.149691, 0.0796995, 0.0733134, -0.0932618, 0.0319492, 0.00670472, 0.0244413, 0.0355912, -0.027264, -0.000953615, 0.0284474, 0.0172012, 0.0312946
# 0.00174229, -0.0463473, -0.0137481, 0.000131403, 0.00107833, -0.00350116, -0.00030073, 0.00165189, -0.000260232, 0.000929783, 0.00157521, -0.0299769, 0.000822236, -0.0412715, 0.056161, 0.234301, 0.0833774, 0.095897, 0.121779, 0.133202, 0.0633795, 0.056341, 0.0951159, 0.0884223, 0.0132444, -0.121012, 0.0494223, 0.0223043, 0.0238199, 0.041092, 0.0235073, -0.00495711, 0.0163734, 0.0372584
# 0.00233295, -0.0534205, -0.0116279, 0.000441123, 0.00317686, -0.00151847, -0.000606033, 0.000782303, 0.000304332, 0.000307671, -0.00100991, -0.0197068, -0.0956067, 0.083877, 0.0912215, 0.0833774, 0.259969, 0.0942868, 0.109546, 0.123591, 0.0641291, 0.0429161, 0.0864935, 0.0971792, 0.0331668, 0.0397495, -0.148908, 0.0471265, 0.00650555, 0.017459, 0.0536076, 0.0731012, 0.0113147, 0.0112696
# 0.000801295, -0.0558003, -0.00965025, 0.00152094, 0.00180112, -0.00116558, -0.000347485, -8.0169e-05, 0.00264784, 0.000487574, 0.000132536, 0.0155977, 0.0122254, -0.00939532, 0.0907892, 0.095897, 0.0942868, 0.17913, 0.0955775, 0.0769039, 0.117759, 0.122643, 0.0962664, 0.0933972, 0.0165121, 0.0304505, 0.0192041, -0.082553, -0.00944759, 0.0144952, -0.000457571, 0.0265006, 0.0214921, 0.0320713
# 0.00168218, -0.0494425, -0.00676701, -6.27248e-05, -1.65692e-05, -0.00119661, 0.000155822, 0.00141044, -8.56842e-05, 0.00117248, 0.000271704, -0.0632281, 0.00806278, 0.00239108, 0.0528714, 0.121779, 0.109546, 0.0955775, 0.250736, 0.172478, 0.0409975, 0.0335223, 0.0797059, 0.113869, -0.0193372, 0.0217207, -0.00210341, 0.0254332, -0.068154, 0.0401225, 0.0234819, -0.00317989, -0.00854878, -0.0262624
# 0.0023079, -0.0456837, -0.0127714, -0.0016493, -0.000294067, -0.000153676, 0.00136747, 0.00101053, -0.0024253, 0.000282255, 0.00192755, -0.0892302, -0.024353, -0.00143195, 0.0276931, 0.133202, 0.123591, 0.0769039, 0.172478, 0.322513, 0.0153604, -0.00879205, 0.0765157, 0.115857, 0.0184471, 0.0541002, 0.0417711, 0.0724307, 0.0648223, -0.0683148, 0.0426983, -0.00178574, 0.014824, 0.00760085
# -0.000389652, -0.0596573, -0.00918219, 0.00277194, -0.000762548, -0.00245869, 0.000568994, 9.07089e-05, 0.00031562, 0.000194957, -0.00201174, 0.0844257, 0.0444538, -0.036233, 0.126046, 0.0633795, 0.0641291, 0.117759, 0.0409975, 0.0153604, 0.261091, 0.215341, 0.113979, 0.0749687, 0.0149444, 0.0236366, 0.022538, 0.0216313, -0.0206529, -0.0637906, -0.0985932, 0.00117537, 0.0161244, 0.014524
# -0.0007881, -0.0651641, -0.00777909, 0.0014093, 0.00291651, -0.00242499, 0.00153406, -0.000419983, 0.00217694, -0.00028403, -7.09436e-05, 0.109864, 0.0563349, -0.0236817, 0.149691, 0.056341, 0.0429161, 0.122643, 0.0335223, -0.00879205, 0.215341, 0.339721, 0.114497, 0.0891129, 0.052658, 0.0108501, 0.0614699, 0.00440735, -0.019055, -0.0705329, -0.0151275, -0.0998826, 0.0100713, 0.0218095
# 0.000829652, -0.0541983, -0.00715723, 0.00247454, -2.09232e-05, -0.00300898, -0.00145959, 0.00129869, -0.0014751, 0.000608621, 0.00235103, 0.0142432, -0.00124219, 0.00538193, 0.0796995, 0.0951159, 0.0864935, 0.0962664, 0.0797059, 0.0765157, 0.113979, 0.114497, 0.190383, 0.0868647, 0.015059, 0.00877828, 0.0367236, 0.0310886, 0.00951918, 0.0050759, -0.0157927, 0.000739902, -0.0935904, 0.0212343
# -0.000282515, -0.0499212, -0.00573732, -0.00135286, -0.000341906, -0.00136137, -0.000649373, 2.86922e-05, -0.000681489, 0.000832628, -0.000554131, -0.00775407, -0.0111626, 0.0178257, 0.0733134, 0.0884223, 0.0971792, 0.0933972, 0.113869, 0.115857, 0.0749687, 0.0891129, 0.0868647, 0.211504, 0.0197596, 0.0295511, -0.0036459, 0.0314417, 0.0124357, -0.021566, 0.0437296, -0.00725907, 0.00301006, -0.150239
# 0.00217836, -0.0095876, -0.0232564, -0.000847301, 0.00305639, -0.000565595, 0.00142224, 0.00338139, 0.000629927, -0.00251287, 0.000316576, 0.0132558, 0.016229, 0.0499957, -0.0932618, 0.0132444, 0.0331668, 0.0165121, -0.0193372, 0.0184471, 0.0149444, 0.052658, 0.015059, 0.0197596, 0.686403, 0.05687, 0.0817493, 0.0523826, 0.0298521, 0.0342434, 0.0856104, 0.0745118, 0.0641157, 0.102897
# 0.00348512, -0.00823262, -0.0233702, 0.00283493, -0.00361848, 0.00314109, 0.00199282, 0.00105865, -0.00289286, 0.00274618, -0.00162841, -0.00130954, -0.0193783, -0.0426535, 0.0319492, -0.121012, 0.0397495, 0.0304505, 0.0217207, 0.0541002, 0.0236366, 0.0108501, 0.00877828, 0.0295511, 0.05687, 0.677911, 0.0253832, 0.00593235, 0.11844, 0.0179622, 0.0516278, 0.0644595, 0.0881421, -0.00599425
# -0.00250337, -0.000724482, -0.0259544, 0.00148868, -0.000667882, -2.91967e-05, -0.00198299, 0.00231927, -0.0011054, -0.00189155, 0.00106726, 0.0163431, 0.104434, -0.114969, 0.00670472, 0.0494223, -0.148908, 0.0192041, -0.00210341, 0.0417711, 0.022538, 0.0614699, 0.0367236, -0.0036459, 0.0817493, 0.0253832, 0.691354, 0.0100888, 0.0791888, -0.0798351, -0.0301847, -0.0541535, 0.0246582, 0.0886639
# -0.000198208, -0.00299883, -0.0292808, -0.000752155, -0.00233086, 0.00147121, -0.00158415, 0.000567787, -0.00297236, 0.00631906, 0.000307239, -0.00214622, 0.00498631, 0.0992643, 0.0244413, 0.0223043, 0.0471265, -0.082553, 0.0254332, 0.0724307, 0.0216313, 0.00440735, 0.0310886, 0.0314417, 0.0523826, 0.00593235, 0.0100888, 0.713347, 0.0193433, -0.0658596, 0.059181, 0.127295, 0.00475035, -0.0202582
# -0.000281284, 0.00538094, -0.0316876, -0.000735327, -0.003339, -0.000201056, -0.000920856, -0.00331109, -0.00258323, -0.00107394, -0.00252125, -0.0187586, -0.0519841, -0.137306, 0.0355912, 0.0238199, 0.00650555, -0.00944759, -0.068154, 0.0648223, -0.0206529, -0.019055, 0.00951918, 0.0124357, 0.0298521, 0.11844, 0.0791888, 0.0193433, 0.662548, 0.0578515, -0.0245291, -0.0633921, 0.0602745, 0.0667685
# -0.00157681, 0.00848713, -0.0218705, 0.000414063, -0.00234469, 0.000342226, 0.00144457, 0.000566149, 0.00218258, 0.00147899, -0.00156645, -0.027896, -0.0313222, -0.143032, -0.027264, 0.041092, 0.017459, 0.0144952, 0.0401225, -0.0683148, -0.0637906, -0.0705329, 0.0050759, -0.021566, 0.0342434, 0.0179622, -0.0798351, -0.0658596, 0.0578515, 0.741062, 0.0360818, 0.00357313, 0.0492856, 0.0898032
# 0.00242979, -0.00468787, -0.0238105, -0.00254028, -0.00042325, 0.00381511, 0.00228289, 0.00289406, -0.00165673, 0.00119864, -0.00131435, -0.0160727, -0.0749688, 0.14943, -0.000953615, 0.0235073, 0.0536076, -0.000457571, 0.0234819, 0.0426983, -0.0985932, -0.0151275, -0.0157927, 0.0437296, 0.0856104, 0.0516278, -0.0301847, 0.059181, -0.0245291, 0.0360818, 0.632688, 0.0876581, 0.0448517, 0.0620997
# 0.00184381, -0.0047842, -0.0265267, 5.20031e-05, -5.40682e-05, 0.0035777, -0.00162708, -0.00148882, -0.000916958, 0.000488868, 0.00121588, 0.000283625, 0.0194156, 0.202944, 0.0284474, -0.00495711, 0.0731012, 0.0265006, -0.00317989, -0.00178574, 0.00117537, -0.0998826, 0.000739902, -0.00725907, 0.0745118, 0.0644595, -0.0541535, 0.127295, -0.0633921, 0.00357313, 0.0876581, 0.674069, 0.0694999, 0.110507
# -0.000362587, -0.00120272, -0.0274792, -0.00544777, 0.00084612, -0.000255917, 0.00221316, -0.00148959, 0.00449636, -0.00229628, -0.000761488, 0.00853127, -0.019948, -0.00406662, 0.0172012, 0.0163734, 0.0113147, 0.0214921, -0.00854878, 0.014824, 0.0161244, 0.0100713, -0.0935904, 0.00301006, 0.0641157, 0.0881421, 0.0246582, 0.00475035, 0.0602745, 0.0492856, 0.0448517, 0.0694999, 0.572781, 0.0644219
# 0.0060626, -0.0074956, -0.0375452, 0.00104141, 0.00378434, 0.000285416, -0.000338415, 0.00160008, 0.00340724, -0.00406134, 0.00130373, 0.0190183, 0.024599, -0.066411, 0.0312946, 0.0372584, 0.0112696, 0.0320713, -0.0262624, 0.00760085, 0.014524, 0.0218095, 0.0212343, -0.150239, 0.102897, -0.00599425, 0.0886639, -0.0202582, 0.0667685, 0.0898032, 0.0620997, 0.110507, 0.0644219, 0.766849
-700.07692,0.85836915,0.27240646,4,15,0,718.08406,0.29956895,2.4494107,-0.69377717,0.20116975,-0.39895939,0.19653811,-0.14373698,0.41603045,-0.11005505,0.47852896,-0.24970348,-0.73718691,-1.6213491,0.66485853,-0.53162972,0.90086695,0.15864722,-0.35975335,0.80325844,2.2539893,-1.2779805,-1.3276644,-0.19904069,0.44109505,1.0021587,0.081379206,2.2194617,-1.0774639,-1.0305322,0.11601496,-0.33841503,0.57365864,-0.33433566,0.71051601
-708.93107,0.9893465,0.27240646,4,15,0,718.68708,0.41283037,2.3331699,-0.5598053,0.30897374,-0.38761946,0.22395343,-0.089889301,0.2614165,-0.17404808,0.52737143,-0.23612565,-0.97378786,-2.1473474,0.87527276,-0.39758837,0.82278038,1.3133238,-0.050810894,1.3810056,1.6051907,-0.95071392,-1.9117504,0.37511628,0.72686026,0.15692375,0.058036262,-1.5459055,-2.5504506,-0.2502893,0.66075948,-1.3259304,1.2461839,0.078727707,0.1451895
-703.66962,0.99644218,0.27240646,4,15,0,725.06783,0.45102465,2.3184086,-0.64118881,0.35156895,-0.34611884,0.2809506,-0.085762916,0.38240646,-0.17864954,0.43350275,-0.25760002,-0.65321035,-2.2739394,0.82090093,-0.59761084,0.88199159,0.88162305,-0.19189937,1.3595837,1.5952863,-0.66097612,-1.3963347,0.11484562,0.51337983,1.5190034,0.48113508,0.99697597,-3.3319734,0.37664491,-0.40464145,-1.1565381,0.072885222,0.63677425,1.3526462
-697.97306,0.95289381,0.27240646,4,15,0,717.34853,0.34155036,2.2717821,-0.44442597,0.1802701,-0.407417,0.16595704,-0.17886027,0.37169393,-0.053314325,0.4046446,-0.21157073,-0.38380787,-0.99690816,0.57348277,-0.37931205,0.17184921,0.24087802,-0.12787544,0.53428347,0.97705764,-0.65312027,-0.79413115,0.27482395,0.053219005,-0.86799645,-0.083800741,1.8398669,1.6431971,-0.659111,0.81693506,-0.27320696,-0.60272464,-0.86388722,-0.49370261
-697.76492,0.96623301,0.27240646,4,15,0,711.70147,0.44575518,2.2954967,-0.64517657,0.33568317,-0.37397089,0.2353649,-0.096884046,0.37532563,-0.1382816,0.40980551,-0.31187889,-0.57795075,-2.0397741,0.01075129,-0.68408757,1.0385424,0.5288492,-0.25189746,1.6818688,2.061796,-0.70029914,-1.0883048,-0.028648728,0.54725418,1.0726402,0.26725295,1.2906511,-1.7912532,-0.10265735,-0.61837588,-0.76631035,-0.29723082,1.027045,1.5375651
-699.30669,0.9746859,0.27240646,4,15,0,708.6953,0.33729793,2.3993467,-0.48387254,0.21324429,-0.42921326,0.19364736,-0.18883946,0.333577,-0.10287355,0.37973598,-0.30393966,-1.0226169,-2.1113564,0.66483409,-1.025133,0.27159783,1.084804,-0.29349121,1.2468683,1.5164943,-1.1382678,-2.3030746,0.044873387,0.29854495,0.21430876,-1.9872352,-0.061841697,-0.36067389,-0.62836568,-0.72729556,-0.51237505,0.36788446,0.88719018,0.42929194
-711.89677,0.86434218,0.27240646,4,15,0,728.02403,0.35750972,2.5278715,-0.56061607,0.37446805,-0.45790413,0.34648306,-0.099582431,0.41742014,-0.15117071,0.3970625,-0.32582567,-1.0829718,-1.7990972,0.078811581,-0.79872931,0.84514693,0.078468759,-0.61733153,1.2590383,2.3052544,-2.0071845,-1.9011861,0.49266603,0.19955329,0.0045190683,1.2293152,1.9349558,0.11520085,-1.2082212,-2.2708836,0.40038273,0.2127522,-0.87172372,0.42395593
-703.342,1,0.27240646,4,15,0,727.58354,0.31529535,2.2305187,-0.63306782,0.24204427,-0.35984999,0.21564417,-0.25647936,0.36860376,-0.075949429,0.52734877,-0.23917606,-0.56090021,-1.955145,-0.10213662,-0.45305778,0.88261222,1.1315319,0.2213398,1.5462569,1.5847457,-0.31654847,-1.0337801,-0.12926708,0.79916911,-0.68373901,0.12589604,-0.58538269,-0.79853446,-1.1508144,1.146763,0.62843394,-1.1984524,0.31091321,0.2859049
-698.40352,0.92614865,0.27240646,4,15,0,723.14813,0.37682122,2.885616,-0.67764757,0.18847977,-0.39103036,0.30499143,-0.053468807,0.41029745,-0.22737975,0.45293628,-0.25754268,-0.43257444,-1.5834174,0.5276585,-1.3194999,-0.13534115,-0.30383275,-0.56363239,-0.06390214,0.66188057,-1.4262645,-1.6508884,-0.47134133,-0.5313021,1.1166985,0.04770986,2.9868092,-0.23847255,1.2181098,-0.41158149,-1.0211235,-0.28943586,0.66701734,0.48841504
-706.91083,0.86442493,0.27240646,4,15,0,717.15346,0.41524301,2.0108304,-0.34868649,0.32161552,-0.40749405,0.18616052,-0.2078878,0.32070242,-0.04106608,0.37707094,-0.25964157,-0.79576904,-2.702291,0.028039369,-0.085572104,1.0555063,1.4933928,0.22492048,1.910055,2.1743863,-0.26665324,-1.1701145,-0.0045065726,0.73918336,-0.44162733,-0.86838586,-1.8077652,0.30413561,-1.2216485,0.22088932,0.58261496,-2.0988345,-1.7671911,0.65456883
-698.55344,0.93242006,0.27240646,4,15,0,721.72372,0.36834688,2.5317325,-0.90213877,0.22515098,-0.42618236,0.29469405,-0.091258955,0.41885901,-0.18775461,0.44432792,-0.25224435,-0.45747738,-1.5585965,0.47293757,-0.6835777,0.50838619,0.57052709,-0.3523828,0.8088182,1.429189,-0.8876015,-1.3513172,0.070714359,0.075853955,1.4717534,1.7366508,3.0651403,1.4358392,0.22439184,0.40911449,-0.57399585,1.2355107,1.1817997,0.72830144
-701.59603,0.57642963,0.27240646,4,15,0,718.6638,0.40018681,2.8519128,-0.25080071,0.20698698,-0.39857743,0.19343638,-0.14477357,0.35540795,-0.11919972,0.3502399,-0.23096508,-0.12560564,-2.3816807,0.80552851,-1.0845174,-0.37476861,-0.63261908,-0.62244822,-0.071146743,0.29943005,-1.1932128,-1.5705355,-0.96650635,-0.51441237,0.3360694,-2.1606645,0.79733678,-1.332066,-1.308706,0.36921334,-0.31692199,0.63932095,1.2220722,-0.019104273
-700.64281,1,0.27240646,4,15,0,714.18351,0.35888763,2.7698751,-0.81960084,0.29095194,-0.40382817,0.24401097,-0.11672671,0.50907406,-0.080434821,0.47123277,-0.24616741,-0.14673923,-2.4543366,0.07989271,-0.69520705,0.27382668,-0.16016465,-0.42875311,0.29269614,0.54983884,-1.016757,-1.1624405,-0.075443557,0.18697795,0.25665291,-0.70850106,2.0070219,1.1563021,1.5735059,1.9655708,0.93948205,0.037780775,0.69176889,-0.90234757
-692.18319,0.95712058,0.27240646,4,31,0,720.59446,0.37984896,2.5185064,-0.52451437,0.24600104,-0.46254568,0.21082894,-0.17491463,0.31489628,-0.17496808,0.37815876,-0.2621092,-0.68899891,-1.3208386,0.68735785,-0.88267561,0.16723231,-0.16270297,-0.45869865,0.96658632,1.3956893,-0.96992167,-1.6624725,-0.17120326,-0.18739713,0.49764623,0.46382493,1.53885,-1.0026913,-0.75755751,-1.3607262,-1.4579418,-0.69319263,-1.2819942,1.074539
-698.30997,0.84565744,0.27240646,4,15,0,718.50078,0.44814751,2.4640594,-0.47898687,0.21867224,-0.39837045,0.24951761,-0.19832691,0.43362424,-0.12403103,0.40687732,-0.2810409,-0.56751345,-1.5121907,0.85427645,-0.6238298,-0.16295758,0.24301938,-0.5489274,0.50838852,1.1149839,-0.68972074,-1.4620659,-0.24738478,0.49450158,1.368255,1.4545565,1.4171823,-0.37607686,0.48859151,-1.964093,-1.1916184,-0.50946895,0.19849128,0.0080683075
-696.09965,0.99882511,0.27240646,4,15,0,713.31977,0.35838533,2.6893096,-0.72737983,0.31901751,-0.46060542,0.19742308,-0.10594582,0.31540643,-0.10893632,0.41041882,-0.23707069,-0.61245868,-1.1758342,-0.53328018,-0.74403032,0.4640267,-0.044318961,-0.42964794,0.87751895,1.3509846,-1.2507662,-1.3791867,-0.27112384,-0.47765992,-0.92394658,-0.65218238,2.1203873,0.1234553,-0.05359255,1.5646274,-0.67840873,-2.0373312,-0.52008503,-0.31067198
-695.21861,0.96636023,0.27240646,4,15,0,710.91555,0.46367146,2.0884948,-0.39417336,0.17488533,-0.31684126,0.27274785,-0.098358587,0.33033472,-0.0761648,0.41560316,-0.29677495,-0.1477793,-1.0998166,-0.47101671,-0.38149301,0.96469145,0.55084465,0.12822047,0.93166193,1.2105427,-0.16105014,-0.72639952,0.14402055,0.87394914,0.95943747,0.070244492,1.1817361,0.14673289,-0.42814284,0.16434401,-1.4102123,-0.89005799,0.20401857,0.20366808
-696.28255,0.99970924,0.27240646,4,15,0,706.53483,0.36807128,2.6101219,-0.48782993,0.33182752,-0.48749301,0.16164597,-0.14358043,0.39961258,-0.15315552,0.38915904,-0.2062683,-0.81053034,-1.1389462,0.45332791,-0.75193609,0.062396899,-0.23277055,-0.28477494,0.74535721,1.3365244,-0.99623005,-1.1371023,-0.43725894,-0.67842797,-1.278186,-0.83265587,1.4904908,-0.96640956,-0.9349099,0.36719861,-0.89723307,-1.3535757,0.063977884,0.54263506
-695.23528,0.82608227,0.27240646,4,15,0,713.11967,0.44408957,2.1700815,-0.56633214,0.1507513,-0.42009831,0.24279353,-0.14444882,0.35274955,-0.12732159,0.44773432,-0.2508023,-0.77845436,-1.2104218,-0.18959678,-1.1983162,1.2240958,0.33164595,0.3885516,1.7546143,1.9708351,-0.98117852,-0.55005882,-0.029777951,0.88411287,2.0287444,0.46079146,1.9166656,0.083513054,-0.12738402,1.4732826,-0.30349486,-1.7202009,0.51275122,-0.17345161
-699.35773,0.78543156,0.27240646,4,15,0,713.49155,0.34470931,2.4828671,-0.65259537,0.29013127,-0.37406099,0.22751651,-0.083997522,0.41667887,-0.14103587,0.33129253,-0.21449691,-0.82559312,-1.2797657,0.51144121,-0.60652085,1.1465307,-0.26732329,-0.50518695,0.30543636,1.9129813,-1.1994901,-1.6843097,-0.63240601,-0.035818487,-0.30655493,-0.86197722,1.2245791,-0.88262896,0.05032473,-0.40857651,-0.22161307,0.72408706,0.038543573,0.55258743
-696.89643,0.99029943,0.27240646,4,15,0,715.14011,0.40735582,2.21104,-0.49328938,0.23557058,-0.44713798,0.27694534,-0.17544563,0.29547629,-0.084470428,0.50160984,-0.33444167,-0.86055363,-1.2464922,-0.24427905,-0.74413473,1.1049333,1.423312,0.10442023,1.9926725,1.9794451,-1.035229,-1.2096573,0.29227309,0.58971406,-0.3265001,-0.10673128,0.44483963,0.0076181132,-0.76041182,1.6227995,-0.51116631,-1.617723,-0.11069671,0.66542376
-698.94463,0.95910927,0.27240646,4,15,0,717.10348,0.33267245,2.4832229,-0.60803471,0.34428916,-0.3947271,0.26832882,-0.18958534,0.42134358,-0.076238987,0.4524233,-0.23515428,-0.70097183,-1.4531966,0.40369741,-0.85583228,1.5232745,0.81373722,-0.26221387,0.57106576,1.6461084,-1.4066582,-1.2108742,-0.5910377,0.42560544,0.15312383,-2.2063823,0.78506599,0.42077076,0.66233854,-1.9200118,0.63417438,-0.76961486,1.3687199,0.068626244
-696.31457,0.86328768,0.27240646,4,15,0,721.78927,0.34044125,2.5196596,-0.58698427,0.18546033,-0.45470355,0.19999386,-0.14380698,0.38337419,-0.12693409,0.43053675,-0.19976062,-0.91774035,-1.9876788,-0.022554004,-1.0540064,0.4903515,0.57589297,-0.39978504,0.78913341,2.1567155,-1.6571245,-1.7928539,-0.23654279,-0.39079774,-0.20136075,0.64784038,0.3181429,-0.78625121,-0.17060684,1.5489041,-0.27276404,-1.9276905,-0.15685145,0.90641514
-697.84817,0.98970676,0.27240646,4,15,0,708.07773,0.34728313,2.575877,-0.5395804,0.1786324,-0.4070096,0.2123598,-0.1107996,0.37875584,-0.10232269,0.44271973,-0.19040398,-0.69438253,-1.6041928,0.18853104,-0.98761359,0.3734894,0.11928507,-0.25429831,0.48900222,2.0802831,-1.5101808,-1.4253452,-0.59902323,-0.8342369,-0.94268256,-0.36037561,-0.28038304,-0.57514561,-0.69802138,0.34924165,-0.70745787,-1.4338439,-0.25207588,0.69834879
-703.5064,0.65275016,0.27240646,4,15,0,722.62479,0.40290274,2.4500174,-0.55807227,0.32126474,-0.3916057,0.24512619,-0.16831987,0.35637987,-0.10592966,0.4076538,-0.2743198,-1.2932143,-2.121465,-0.05725016,-1.7562384,0.17055813,0.94545575,-0.93170306,2.0603637,1.8896208,-1.3986148,-2.8956159,0.19686075,0.85472629,1.6253717,0.38402353,2.3955936,-0.87447811,-1.2418774,0.21578842,0.070199203,-0.95021246,-0.77122618,-0.53002944
-694.39413,0.99973663,0.27240646,4,31,0,709.18896,0.36994268,2.5399289,-0.42428097,0.22932076,-0.39710026,0.19228736,-0.13753198,0.37097469,-0.14211214,0.36855969,-0.21369628,-0.69522579,-1.0719649,-0.17049137,-0.79397093,1.1291244,-0.34864456,0.015526234,0.36639487,1.4559508,-1.5438529,-0.95428635,-0.3435793,-0.63764693,-0.14742239,-1.3766081,2.1487545,-1.0255538,0.20521966,0.3856813,-0.35985624,-2.3195022,-0.44027266,0.24514374
-698.06842,0.93140647,0.27240646,4,15,0,714.83576,0.32803233,2.6253532,-0.45378634,0.19383631,-0.30607016,0.20712238,-0.11494868,0.27812844,-0.13073766,0.43168697,-0.28509043,-1.0652301,-0.9378854,0.36403343,-1.1429252,0.52809839,-0.0020840695,-0.81812083,0.93142767,1.364826,-1.7590093,-1.5697609,-1.1146562,-0.96348469,-0.19540059,-1.1105765,0.42898594,0.15730931,-1.2357931,0.62535362,-0.36550616,-1.1427687,0.27126761,0.91595362
-687.74998,0.95386143,0.27240646,4,15,0,710.583,0.37982489,2.3770697,-0.71244525,0.22219652,-0.39760831,0.25933923,-0.1748742,0.38883756,-0.099317521,0.47179609,-0.2552813,-0.40312589,-1.0266017,0.082307179,-0.49372159,0.55098323,0.14243861,0.039022872,0.72710597,1.6323926,-0.91739567,-0.76782551,-0.091793385,0.049766506,0.40867344,0.7271481,1.728565,0.10439313,0.88250608,-0.32029822,0.67879676,-0.49126121,0.94005772,0.17366818
-693.23856,0.91164996,0.27240646,4,15,0,703.9786,0.40917479,2.5144131,-0.34426611,0.21437861,-0.39388754,0.27945863,-0.20324826,0.40158919,-0.11912309,0.34997806,-0.21219907,-0.39120038,-1.0475992,-0.22464264,-0.98541799,0.1020639,0.20721578,-0.30903287,0.85411873,0.85711663,-0.678949,-1.2425007,-0.46580791,0.35462977,-0.49578668,-0.814674,0.73750831,-1.421945,-1.6256953,0.17527343,-2.3040559,-2.0866139,-0.73702732,-1.0325074
-693.23856,0.059489665,0.27240646,4,15,0,721.26402,0.40917479,2.5144131,-0.34426611,0.21437861,-0.39388754,0.27945863,-0.20324826,0.40158919,-0.11912309,0.34997806,-0.21219907,-0.39120038,-1.0475992,-0.22464264,-0.98541799,0.1020639,0.20721578,-0.30903287,0.85411873,0.85711663,-0.678949,-1.2425007,-0.46580791,0.35462977,-0.49578668,-0.814674,0.73750831,-1.421945,-1.6256953,0.17527343,-2.3040559,-2.0866139,-0.73702732,-1.0325074
-695.25688,0.076239743,0.27240646,4,15,0,716.92357,0.33649643,2.67504,-0.50453734,0.34417789,-0.38163387,0.22829401,-0.077795496,0.35142662,-0.098873492,0.51973795,-0.30522345,-0.14167878,-2.1775593,0.11903969,-0.79488806,0.12637582,0.093352035,-0.48229431,0.088817433,0.87105251,-0.87572969,-1.1891891,-0.54630071,-0.23457363,0.25253432,0.78364879,1.3465277,0.0554037,-0.77105928,-0.84025625,-0.66549866,0.79256604,0.99206468,0.76568062
-699.80687,0.72225143,0.27240646,4,15,0,716.79963,0.44140599,2.7567081,-0.67198,0.35213437,-0.45243678,0.22396331,-0.18915995,0.27218125,-0.14510163,0.38983622,-0.3045687,-0.64893741,-1.8888881,0.51912416,-1.1445728,0.085924843,-0.19504606,-0.75972902,1.1101137,0.75540884,-1.3297466,-2.1375578,-0.39906059,-0.11997018,-0.60202647,0.78865689,2.3295103,-0.55438247,-0.847456,-0.4320877,-1.1189717,0.65559606,-0.24878844,1.3759983
-695.52586,0.84827792,0.27240646,4,15,0,719.00903,0.37837038,2.0169187,-0.62071032,0.25813678,-0.37402898,0.30168166,-0.16421818,0.41144559,-0.078635472,0.44614854,-0.27369492,-0.84397045,-1.4003707,0.18985423,0.11407152,1.4000866,1.122897,0.48009246,1.7920962,2.3154376,-0.31029664,-0.72267748,0.5469045,0.94940165,0.0388019,1.7413507,1.3018287,-0.15973449,-0.37051932,-0.18311326,0.38663545,-0.39195575,0.44129387,-0.45719364
-698.98478,0.94696037,0.27240646,4,15,0,715.0945,0.38402702,2.2991652,-0.4296086,0.27361041,-0.37776847,0.2082768,-0.17108039,0.3859876,-0.034673844,0.34993402,-0.26865121,-0.59579423,-1.4893798,0.70921329,-0.32285792,-0.011831055,0.58919351,0.063967591,0.83973671,0.80538139,-0.58650942,-1.436544,0.025211719,0.53726866,-0.23398283,0.20180323,-0.56481625,-0.30203601,-1.928609,1.0645298,-1.0900429,-0.47797078,0.73830151,0.081398192
-699.91317,0.97721122,0.27240646,4,15,0,717.54487,0.42875255,2.2831618,-0.59664051,0.16326591,-0.35051465,0.24653192,-0.079184001,0.34916558,-0.1065847,0.43804968,-0.19394035,-0.87652399,-1.7533454,-0.30955727,-0.74291077,1.311949,0.47983779,0.24826051,1.9263054,2.4578228,-1.1804595,-1.0054128,-0.65500515,0.13040293,0.017640989,-0.037882385,3.057122,-0.57100651,0.026029736,-0.77761991,-0.41927781,-1.2677151,0.36962536,-0.0035935241
-703.5637,0.97387607,0.27240646,4,15,0,716.70875,0.3629174,2.4940534,-0.53397973,0.31770238,-0.46309234,0.24750101,-0.16239799,0.3815096,-0.15728959,0.38528448,-0.29282852,-1.1567218,-2.065835,0.64033251,-1.2643686,-0.11082914,0.47197421,-1.0928946,0.68780173,1.0985898,-1.3060181,-2.5572485,0.028919835,0.40165069,0.08016012,-0.3135671,-0.77169421,1.2113402,-0.8228837,2.4400023,-0.93099868,-0.36540848,-0.46321978,0.23345516
-705.62361,0.9326108,0.27240646,4,15,0,722.43881,0.37875952,2.5334278,-0.54319903,0.16315214,-0.31230935,0.27481636,-0.16948166,0.47190046,-0.084291091,0.43929952,-0.25616435,-0.74788258,-0.563055,0.83990641,-0.62028991,0.37957874,0.41008425,-0.13267475,0.7194268,1.0910012,-0.7123929,-0.72103346,-0.86492286,-0.6398178,0.12816236,0.31122239,1.6839287,-0.67329642,-0.18217607,-0.52002821,0.11288746,-0.48229099,1.6445326,1.6394976
-699.85355,1,0.27240646,4,15,0,722.47296,0.29379505,2.8239699,-0.46960893,0.27109181,-0.41624401,0.27461404,-0.15782782,0.49591038,-0.094559184,0.50242085,-0.30492439,-0.56915898,-1.941019,0.32994643,-1.6464556,-0.37207638,-0.27452508,-0.73130177,-0.22641872,1.2050033,-1.451742,-2.3167204,-0.55699207,-0.52384953,0.52406288,-0.38856222,0.43044115,-0.16229861,0.48492586,-0.49883823,-1.786055,-0.3832704,-0.25196534,0.65791389
-699.31502,0.9488841,0.27240646,4,15,0,718.3916,0.41745599,2.2175211,-0.75311168,0.26531422,-0.33096976,0.24145816,-0.086779226,0.34332501,-0.095295419,0.33086413,-0.16435701,-0.50767567,-1.5152925,-0.017682969,0.13200499,0.80535219,0.54449453,0.037141593,1.6554451,1.7163641,-0.78161101,-0.4424381,-0.03977957,0.36786385,-0.57174912,0.78988145,1.9387226,-0.84739218,-1.5189741,0.30289574,1.2655069,-1.6867798,0.95574735,-0.1286686
-697.36384,0.99894085,0.27240646,4,15,0,713.09076,0.3609558,2.6385575,-0.52706562,0.235976,-0.36884168,0.2620531,-0.10668788,0.42284978,-0.1142181,0.47968482,-0.36133856,-0.71672422,-1.4356835,0.37399565,-1.1969972,0.59413035,0.23517325,-0.55250928,0.33025754,0.79919016,-1.2206462,-2.0385425,-0.26912445,0.45170304,0.0020026642,-0.67140146,1.3239815,1.2952937,0.22366574,-0.055323314,0.217531,-0.57227911,0.12901423,-0.42566294
-693.84823,0.95790513,0.27240646,4,15,0,712.37561,0.36384791,2.4677861,-0.57623475,0.30034175,-0.42580411,0.18784231,-0.12427618,0.41647109,-0.093248055,0.39707262,-0.28200093,-0.59423938,-1.4385597,0.52162373,-0.74527486,0.090595387,0.035060496,-0.473208,0.75005353,0.96237906,-0.31157435,-1.359714,0.13968273,0.16777024,0.89308687,-0.65647568,1.5704388,0.90598479,0.49497163,0.15349098,-2.0441855,-1.0936545,-0.54659435,-0.46471739
-695.27888,0.96444499,0.27240646,4,15,0,711.45623,0.42332861,2.5424699,-0.50837789,0.22793037,-0.35636367,0.28402806,-0.089104774,0.47016685,-0.19973394,0.40439706,-0.15807565,-0.27760461,-1.4391789,-0.19833311,-0.88490288,0.6101332,0.024618955,-0.22870389,0.61949379,0.77848714,-1.0286808,-1.4344322,-0.3876462,0.09454947,-0.80477084,-0.19127827,1.1834195,-0.92145061,-1.6793483,0.9296638,-0.2712001,-0.093641762,-0.24365053,-0.13218417
-694.80933,0.90174356,0.27240646,4,15,0,715.75497,0.38886873,2.8034543,-0.35101069,0.2594325,-0.43716849,0.32179095,-0.09938156,0.36295109,-0.17972484,0.39665923,-0.30445639,-0.15304957,-1.0543239,0.33830255,-0.29351382,-0.41262544,-0.47465279,-0.48572101,0.38079487,0.50765602,-0.63146734,-1.2621311,-0.48235793,-0.39813433,-1.8992533,-0.025073724,1.8698945,-0.62381541,-1.1493764,0.1373544,-2.3400769,-0.69195061,-0.084062833,-0.19995216
-694.51692,0.66912983,0.27240646,4,15,0,710.53062,0.35503204,2.6049636,-0.75149938,0.2545717,-0.39728836,0.18542165,-0.18676938,0.3875135,-0.050839791,0.42537372,-0.24113457,-0.71955069,-1.8083596,0.48976825,-0.68554061,-0.10616311,0.15084477,-0.44980523,0.65867039,1.3035294,-1.4682943,-1.6163048,-0.078374697,-0.17148875,0.90907453,0.93339309,0.82030027,0.59116694,-0.073138858,-0.40571298,0.87791597,-1.1006237,-0.43565881,0.89414284
-686.59266,0.95629327,0.27240646,4,15,0,705.18206,0.46257189,2.3803867,-0.40306435,0.22839391,-0.3742139,0.26844175,-0.096519349,0.34157045,-0.16792328,0.40418515,-0.26506765,-0.034285346,-1.3413274,0.031492459,-0.58986772,0.39811666,-0.17788271,-0.22873281,0.64525203,0.76512597,-0.50823247,-0.93640998,-0.25711714,0.066374814,-0.64866522,-1.2283924,2.446441,-0.3735251,-1.4515717,0.38466084,-1.8071885,-0.51769527,-0.024797946,-0.48786159
-691.49517,0.92114979,0.27240646,4,15,0,701.9839,0.3793307,2.2278166,-0.54859939,0.33685921,-0.4334271,0.23581587,-0.13906469,0.43221991,-0.10300063,0.50885673,-0.3084111,0.0043020819,-1.6175833,-0.18980094,-0.12396192,0.30223061,0.38663396,0.010137209,0.61429046,0.85654217,-0.23807606,-0.53892204,-0.045978039,0.36572318,-0.45853007,0.9217882,1.928405,-0.50642848,0.14833702,1.0607465,-1.3740547,-0.66373375,1.0708458,-0.63672504
-687.63745,0.8699612,0.27240646,4,15,0,706.43206,0.38427673,2.1994258,-0.58561899,0.32583253,-0.44764401,0.25660819,-0.15372706,0.42125876,-0.1329175,0.45566238,-0.28342803,-0.14658673,-1.255321,0.28743691,-0.35687689,0.49719161,0.54829914,0.14502041,0.62811164,1.0939197,-0.10394461,-0.73639334,0.18512452,0.62369813,0.10180752,0.26564784,2.1608249,0.13900053,-0.24188344,0.97108385,-1.3194729,-0.15422396,0.35184966,-0.86647776
-698.10038,0.51930443,0.27240646,4,15,0,705.74047,0.44824892,2.5085999,-0.49145241,0.22000325,-0.40152778,0.21829658,-0.10986748,0.31459839,-0.081865246,0.39436238,-0.25283972,-0.86503299,-1.8914034,-0.24893628,-0.91666498,0.57760099,-0.22990701,-0.60006096,1.3775709,1.2433765,-1.4890745,-1.6197082,-0.7917611,-0.4872663,0.1600501,-0.48881393,1.4048919,0.067224127,-1.2091663,0.99244103,-1.5005616,-2.6362219,0.98146243,2.7133145
-690.64616,0.99246252,0.27240646,4,15,0,710.23952,0.40092508,2.3524268,-0.58949675,0.27904383,-0.37014379,0.24251307,-0.17519998,0.41463993,-0.18322049,0.4453769,-0.21245589,-0.5029749,-1.0066179,0.69486977,-0.78663283,0.42335838,0.62494413,-0.054704324,1.0351671,1.3730871,-0.75388287,-1.1373901,0.37556494,0.58715641,0.53678642,0.033445368,1.1980793,-0.38802218,-1.5909945,-0.50837045,0.15806451,0.16448906,-0.63587904,-1.9543173
-697.56445,0.78288022,0.27240646,4,15,0,715.68296,0.40256621,2.3911441,-0.64958996,0.23573708,-0.38958233,0.14728036,-0.096023995,0.38341651,-0.039500557,0.35441617,-0.26986385,-0.86695006,-1.3834723,0.26643357,-0.26094102,0.83000303,-0.32339682,5.0866332e-05,0.56671512,1.6948758,-1.2667829,-1.9426821,-0.59048228,0.027822508,-0.75876583,-0.8139598,2.6131169,-0.17835692,1.225304,0.38795553,-0.30419955,-0.040599782,1.3319021,1.8280329
-695.9745,0.9737965,0.27240646,4,15,0,714.00367,0.40003952,2.3842752,-0.43904575,0.27074562,-0.41161042,0.30749056,-0.20849471,0.32188941,-0.16705041,0.41601711,-0.23942037,-1.0806356,-1.1524073,0.19746571,-0.98506912,0.13807501,0.18775371,-0.04460728,1.7892918,2.0716666,-0.56202412,-0.94532132,-0.27895929,-0.16641388,0.19499395,0.29912356,1.0665628,-1.3270566,-1.3783246,0.89601145,-1.3523142,-2.2185404,-0.54131666,0.018177156
-697.45884,0.78817294,0.27240646,4,15,0,711.62058,0.39149224,2.0905467,-0.66308387,0.26649182,-0.37325116,0.2318521,-0.12344683,0.40793565,-0.017419752,0.41505112,-0.34167697,-0.801208,-1.2056501,0.20199709,-0.076284993,1.7847559,1.7087202,-0.28009842,1.7170091,1.7582301,-0.42892158,-0.55322796,0.33316341,0.55106108,-0.057189702,-0.14663691,0.57138774,0.2573828,0.58191556,0.85237366,0.53291705,-0.73207612,0.51700927,1.3386189
-697.28231,0.84768881,0.27240646,4,15,0,711.39413,0.30801196,2.5562392,-0.47909579,0.26976422,-0.39971048,0.24535054,-0.17355626,0.36265811,-0.13095874,0.39084132,-0.32983766,-0.61198353,-1.1086943,-0.32819011,-1.5306378,1.057267,0.1412195,-0.74649666,0.33923639,0.83039371,-1.0253291,-1.9711649,-0.59000571,-0.26782248,-0.43511759,-1.0180307,1.5507645,0.081408408,-0.71546343,0.27855477,-1.9139033,-1.1468072,-0.66416936,-0.53674683
-707.17868,0.75621259,0.27240646,4,15,0,718.79797,0.37521263,2.3946057,-0.73257002,0.35038992,-0.42974942,0.28926299,-0.16847815,0.39429999,-0.085932325,0.32959956,-0.33685289,-1.5652435,-1.6295629,0.45357561,-1.4685067,0.89492738,1.2250896,-0.28946292,1.3197419,2.7697857,-1.8869332,-2.3068727,0.089248198,0.68663448,0.33880268,1.4571839,0.33335269,-0.79460299,1.1405387,1.0007433,1.1104015,-0.71154795,0.27527741,1.5387538
-702.46985,0.96048994,0.27240646,4,15,0,725.29977,0.41811583,2.4669816,-0.49873597,0.19890359,-0.39230296,0.24751514,-0.092633291,0.35081817,-0.13805364,0.46756913,-0.15985544,-1.368329,-1.5914234,-0.015321823,-1.0481297,0.6647342,-0.24263651,-0.76791696,1.5089312,1.7832285,-1.2486989,-2.6000246,-0.82800057,-0.12685135,-0.381338,-0.97027126,2.7473377,0.7114639,-1.2875742,1.1209005,-2.3730105,-0.68098528,-0.30261203,-0.29689555
