# stan_version_major = 2
# stan_version_minor = 37
# stan_version_patch = 0
# model = survival_model
# start_datetime = 2026-03-12 17:42:04 UTC
# method = sample (Default)
#   sample
#     num_samples = 2000
#     num_warmup = 1000 (Default)
#     save_warmup = false (Default)
#     thin = 1 (Default)
#     adapt
#       engaged = true (Default)
#       gamma = 0.05 (Default)
#       delta = 0.8 (Default)
#       kappa = 0.75 (Default)
#       t0 = 10 (Default)
#       init_buffer = 75 (Default)
#       term_buffer = 50 (Default)
#       window = 25 (Default)
#       save_metric = false (Default)
#     algorithm = hmc (Default)
#       hmc
#         engine = nuts (Default)
#           nuts
#             max_depth = 10 (Default)
#         metric = dense_e
#         metric_file =  (Default)
#         stepsize = 1 (Default)
#         stepsize_jitter = 0 (Default)
#     num_chains = 1 (Default)
# id = 4
# data
#   file = /Users/dansprague/Documents/PhaseSkate/benchmarks/scaling/data/data_H10.json
# init = 2 (Default)
# random
#   seed = 42
# output
#   file = /Users/dansprague/Documents/PhaseSkate/benchmarks/scaling/stan_output/survival-20260312134204_4.csv
#   diagnostic_file =  (Default)
#   refresh = 100 (Default)
#   sig_figs = 8 (Default)
#   profile_file = profile.csv (Default)
#   save_cmdstan_config = false (Default)
# num_threads = 1 (Default)
# stanc_version = stanc3 v2.37.0
# stancflags = --filename-in-msg=survival.stan
lp__,accept_stat__,stepsize__,treedepth__,n_leapfrog__,divergent__,energy__,log_alpha,beta_0,trt_effect,beta.1,beta.2,beta.3,beta.4,beta.5,beta.6,beta.7,beta.8,log_sigma_int,log_sigma_slope,rho,z_int.1,z_int.2,z_int.3,z_int.4,z_int.5,z_int.6,z_int.7,z_int.8,z_int.9,z_int.10,z_slope.1,z_slope.2,z_slope.3,z_slope.4,z_slope.5,z_slope.6,z_slope.7,z_slope.8,z_slope.9,z_slope.10
# Adaptation terminated
# Step size = 0.283682
# Elements of inverse mass matrix:
# 0.00218918, -0.000296049, 0.000257632, -1.41755e-05, 0.000205544, 9.74969e-06, -7.45742e-05, -0.000316398, -0.000260167, 3.01708e-05, -0.000120646, -0.000387139, 0.000503881, 0.00276544, -0.00159307, 0.000374128, -0.000786644, 0.000437323, 0.000458703, -0.00122247, -0.000356019, -0.00111234, 0.00148641, -0.00166861, 0.00010258, -7.93959e-05, 0.00205597, -0.00128775, 0.00274387, -0.00236842, -0.0045024, 0.00358722, -0.00289764, 0.00671196
# -0.000296049, 0.0280699, -0.00164248, 5.9493e-05, -0.000634567, 0.000679811, -7.15198e-06, 0.00159051, -0.00138435, 0.000420338, -0.000396969, 0.00623772, -0.00388305, -0.00876914, -0.0386288, -0.0418213, -0.0487748, -0.0468285, -0.0479424, -0.0489176, -0.0431301, -0.0353641, -0.038118, -0.0434336, -0.0132071, -0.00751753, 0.00797061, 0.0103776, 0.00711729, 0.0083852, 0.0134816, -0.0140543, -0.00771777, -0.00344873
# 0.000257632, -0.00164248, 0.0165969, -0.000227081, 0.000325949, -0.000508441, -0.000538186, 3.52793e-05, 0.000945181, 0.000114625, -0.000364608, -0.00436935, 0.00912722, 0.0169598, -0.00218006, -0.00737062, -0.00506583, -0.00826014, -0.00101492, -0.00471247, -0.00563184, -0.00846449, -0.00631792, -0.0106755, -0.0185651, -0.0205641, -0.0261231, -0.0184993, -0.0265537, -0.0229882, -0.026461, -0.0231907, -0.0266059, -0.0102897
# -1.41755e-05, 5.9493e-05, -0.000227081, 0.00200867, -5.87011e-06, 7.01403e-05, -0.000327416, -0.000147388, 0.000114153, 0.000238484, 3.21321e-05, 6.44039e-05, -0.000296806, 0.00256627, -0.00041637, 0.000643662, 0.00100385, -4.57478e-05, -0.00110576, 0.00067007, 0.00130119, 0.00163562, 0.00104952, -3.93439e-05, 0.00373025, -0.00469918, -0.00269745, 0.000526218, 0.00467845, -0.00344509, -0.00216567, -0.000434765, -0.00241847, -0.000976825
# 0.000205544, -0.000634567, 0.000325949, -5.87011e-06, 0.00199481, -0.000154244, -9.35759e-05, 0.000185403, 0.000363169, 0.000121477, 0.000294504, 0.000821865, 0.000436731, -0.000479505, 5.09963e-05, 0.00161558, 0.00207193, -0.00177265, -0.00333239, -0.000893531, -0.00134506, 0.00192832, -0.000392507, -0.00346844, -0.000118505, -0.00204841, -0.0012655, 0.00127449, 0.0012037, -0.00225714, -0.00185737, -0.00167469, -0.000696217, 0.00297316
# 9.74969e-06, 0.000679811, -0.000508441, 7.01403e-05, -0.000154244, 0.00177317, -0.000146088, 0.00015677, -8.72e-05, 0.000166797, 6.49516e-05, -0.000621188, 0.000394003, -0.00143857, -0.000116296, -3.23041e-05, -0.00162765, -0.000335994, 0.000752218, -0.00056195, -0.00111442, -0.000120722, -0.000828623, -0.0011769, -9.25122e-05, 0.00165624, -0.00288657, 0.001728, -0.00203143, 0.00257879, 0.00345847, -0.00118213, -0.00274458, 0.00245039
# -7.45742e-05, -7.15198e-06, -0.000538186, -0.000327416, -9.35759e-05, -0.000146088, 0.00170622, -0.000236773, -0.000118308, -0.000200105, -4.33528e-05, -0.000415308, -0.000471984, 0.00167876, -0.000529263, -0.000306526, -0.00127393, 0.00119443, 0.000114054, -0.000469085, 0.00122855, 0.000399441, -0.00076102, 0.000989478, 0.00153362, 0.00116702, 0.0046641, -0.00165292, -0.000565997, 0.00121075, 9.77343e-05, 0.00253504, 0.0024481, -0.00368317
# -0.000316398, 0.00159051, 3.52793e-05, -0.000147388, 0.000185403, 0.00015677, -0.000236773, 0.00266697, 9.9365e-05, 0.00021425, -0.00022265, 0.00116328, 0.000920931, -0.00388526, -0.000579961, -0.00154672, -0.000871412, -0.00389568, -0.00240719, -0.00285088, -0.00168148, -0.00057799, 0.000184422, -0.00261558, 0.00175599, 0.00505387, 0.000880064, -0.000236242, 0.000428957, 2.90864e-06, 0.00273731, -0.0024369, 0.000129354, -0.00104305
# -0.000260167, -0.00138435, 0.000945181, 0.000114153, 0.000363169, -8.72e-05, -0.000118308, 9.9365e-05, 0.00261058, -0.000135056, -0.000121546, -0.000870884, 0.0013463, -1.5868e-05, 0.0008246, 0.000657971, 0.00227213, 0.0005458, 0.00279691, 0.00214825, -4.48692e-05, 0.00281614, 0.00111396, -0.00274854, -0.00223544, 0.00133483, 0.00179263, 0.00201462, -0.0037445, 0.000437304, -0.000573967, -0.00205347, -0.000183662, 0.00500398
# 3.01708e-05, 0.000420338, 0.000114625, 0.000238484, 0.000121477, 0.000166797, -0.000200105, 0.00021425, -0.000135056, 0.00163457, 0.000278078, 0.00147012, 0.000663365, -0.00267898, -0.000687619, 0.000539664, -0.00072689, -0.000235639, -0.00146734, -0.00204498, 5.41276e-06, 0.00255256, 0.000453728, 0.000721591, 0.00199206, -0.000469072, 9.18815e-05, 0.00283574, -0.000990447, 0.000241267, -0.00201258, -0.00234573, -0.00150039, -0.00232155
# -0.000120646, -0.000396969, -0.000364608, 3.21321e-05, 0.000294504, 6.49516e-05, -4.33528e-05, -0.00022265, -0.000121546, 0.000278078, 0.00198803, -0.000999208, 0.00157788, 0.000915256, -0.000583472, 0.000458717, -0.00197086, 0.000591614, -0.00235135, 0.00189051, -0.000589388, -0.00110222, 0.00212374, 0.00044386, 0.000213668, 0.000456616, 0.00233611, 0.000728224, 0.00104115, 0.00677727, -0.00241812, 0.000524853, -0.0041331, 0.000573563
# -0.000387139, 0.00623772, -0.00436935, 6.44039e-05, 0.000821865, -0.000621188, -0.000415308, 0.00116328, -0.000870884, 0.00147012, -0.000999208, 0.0699289, -0.00961326, -0.0418743, 0.0141827, -0.0187788, -0.0185956, -0.00112678, -0.0646882, -0.0721212, 0.0390986, 0.0624731, 0.00262564, -0.000345717, 0.0262568, -0.0244907, 0.0117541, 0.0177727, 0.00593833, -0.0270059, 0.0186411, 0.0121164, 0.00531671, -0.0137475
# 0.000503881, -0.00388305, 0.00912722, -0.000296806, 0.000436731, 0.000394003, -0.000471984, 0.000920931, 0.0013463, 0.000663365, 0.00157788, -0.00961326, 0.260845, -0.0341777, 0.000604338, 0.0234132, -0.0889263, 0.00479341, 0.0168671, -0.0149637, 0.0238491, 0.0330019, -0.00659389, -0.0296096, -0.0489026, -0.0170101, 0.0789797, -0.0380729, -0.0827102, 0.0171101, -0.0307497, 0.0042242, 0.000998134, 0.00456149
# 0.00276544, -0.00876914, 0.0169598, 0.00256627, -0.000479505, -0.00143857, 0.00167876, -0.00388526, -1.5868e-05, -0.00267898, 0.000915256, -0.0418743, -0.0341777, 0.730927, 0.0266709, -0.0453647, 0.0798578, -0.0109741, -0.0253846, -0.0041528, -0.0108845, -0.0336761, 0.00161282, 0.0123584, 0.0649741, -0.0474245, -0.113268, 0.0547345, -0.0437133, -0.183813, 0.0617755, 0.189568, -0.0222878, -0.00590861
# -0.00159307, -0.0386288, -0.00218006, -0.00041637, 5.09963e-05, -0.000116296, -0.000529263, -0.000579961, 0.0008246, -0.000687619, -0.000583472, 0.0141827, 0.000604338, 0.0266709, 0.20555, 0.0566117, 0.0659168, 0.0757424, 0.0482088, 0.0573746, 0.0840355, 0.0691454, 0.0595498, 0.0781945, -0.11699, -0.00260876, -0.00693842, -0.00510452, 0.00517044, -0.0356182, -0.00561977, 0.046441, 0.0248674, -0.017115
# 0.000374128, -0.0418213, -0.00737062, 0.000643662, 0.00161558, -3.23041e-05, -0.000306526, -0.00154672, 0.000657971, 0.000539664, 0.000458717, -0.0187788, 0.0234132, -0.0453647, 0.0566117, 0.182528, 0.0734798, 0.0913968, 0.0807802, 0.0888389, 0.0621776, 0.0489121, 0.0660693, 0.0677729, 0.000376627, -0.102359, 0.00971384, -0.0472141, 0.00240431, 0.0244842, -0.0225079, 0.03272, 0.0257331, 0.0122566
# -0.000786644, -0.0487748, -0.00506583, 0.00100385, 0.00207193, -0.00162765, -0.00127393, -0.000871412, 0.00227213, -0.00072689, -0.00197086, -0.0185956, -0.0889263, 0.0798578, 0.0659168, 0.0734798, 0.233899, 0.0844882, 0.0967025, 0.103308, 0.0694417, 0.0437098, 0.0710833, 0.094323, 0.0538466, 0.0315917, -0.150606, 0.00726956, 0.0297453, -0.0107187, -0.00854143, 0.0442978, 0.0321464, 0.0108508
# 0.000437323, -0.0468285, -0.00826014, -4.57478e-05, -0.00177265, -0.000335994, 0.00119443, -0.00389568, 0.0005458, -0.000235639, 0.000591614, -0.00112678, 0.00479341, -0.0109741, 0.0757424, 0.0913968, 0.0844882, 0.181288, 0.0911673, 0.0813572, 0.0836877, 0.0653389, 0.0771059, 0.0844172, 0.0360207, 0.00802313, 0.0335205, -0.108752, -0.0123532, 0.00183779, -0.0200162, 0.0363982, 0.021619, 0.0072123
# 0.000458703, -0.0479424, -0.00101492, -0.00110576, -0.00333239, 0.000752218, 0.000114054, -0.00240719, 0.00279691, -0.00146734, -0.00235135, -0.0646882, 0.0168671, -0.0253846, 0.0482088, 0.0807802, 0.0967025, 0.0911673, 0.257325, 0.150405, 0.0312246, 0.00513971, 0.0594358, 0.085374, 0.0216663, 0.0645038, -0.01909, -0.0297372, -0.0936743, 0.0532982, -0.00827368, 0.00621166, 0.0307657, 0.0190958
# -0.00122247, -0.0489176, -0.00471247, 0.00067007, -0.000893531, -0.00056195, -0.000469085, -0.00285088, 0.00214825, -0.00204498, 0.00189051, -0.0721212, -0.0149637, -0.0041528, 0.0573746, 0.0888389, 0.103308, 0.0813572, 0.150405, 0.267333, 0.03708, -0.00420119, 0.0689819, 0.075397, -0.00398122, 0.0908328, -0.0144467, -0.0171259, 0.0116871, -0.0383157, -0.0379779, 0.0183456, 0.0220537, 0.0138412
# -0.000356019, -0.0431301, -0.00563184, 0.00130119, -0.00134506, -0.00111442, 0.00122855, -0.00168148, -4.48692e-05, 5.41276e-06, -0.000589388, 0.0390986, 0.0238491, -0.0108845, 0.0840355, 0.0621776, 0.0694417, 0.0836877, 0.0312246, 0.03708, 0.186364, 0.115178, 0.0687217, 0.078158, 0.0481323, 0.00647558, 0.0124862, -0.00650462, -0.000224874, -0.0330853, -0.0852547, 0.0623585, 0.0268903, -0.00750015
# -0.00111234, -0.0353641, -0.00846449, 0.00163562, 0.00192832, -0.000120722, 0.000399441, -0.00057799, 0.00281614, 0.00255256, -0.00110222, 0.0624731, 0.0330019, -0.0336761, 0.0691454, 0.0489121, 0.0437098, 0.0653389, 0.00513971, -0.00420119, 0.115178, 0.211758, 0.0560138, 0.0661098, 0.0635255, -0.00311566, 0.0334507, 0.0159682, 0.0119162, -0.0165921, 0.0197859, -0.0653507, 0.0468976, 0.00292736
# 0.00148641, -0.038118, -0.00631792, 0.00104952, -0.000392507, -0.000828623, -0.00076102, 0.000184422, 0.00111396, 0.000453728, 0.00212374, 0.00262564, -0.00659389, 0.00161282, 0.0595498, 0.0660693, 0.0710833, 0.0771059, 0.0594358, 0.0689819, 0.0687217, 0.0560138, 0.146062, 0.0815575, 0.0378937, 0.0198065, 0.00644567, -0.00420512, -0.00457437, 0.00131782, -0.0256355, 0.0495587, -0.0723713, -0.00531353
# -0.00166861, -0.0434336, -0.0106755, -3.93439e-05, -0.00346844, -0.0011769, 0.000989478, -0.00261558, -0.00274854, 0.000721591, 0.00044386, -0.000345717, -0.0296096, 0.0123584, 0.0781945, 0.0677729, 0.094323, 0.0844172, 0.085374, 0.075397, 0.078158, 0.0661098, 0.0815575, 0.20955, 0.0355621, 0.0238168, 0.00472173, 0.0106348, 0.0337928, 0.00840594, 0.0142293, 0.0545777, 0.0296717, -0.149117
# 0.00010258, -0.0132071, -0.0185651, 0.00373025, -0.000118505, -9.25122e-05, 0.00153362, 0.00175599, -0.00223544, 0.00199206, 0.000213668, 0.0262568, -0.0489026, 0.0649741, -0.11699, 0.000376627, 0.0538466, 0.0360207, 0.0216663, -0.00398122, 0.0481323, 0.0635255, 0.0378937, 0.0355621, 0.690928, 0.0586893, -0.0107395, 0.0821119, 0.0664381, 0.0353892, 0.0758899, 0.0685106, 0.0166025, 0.0300072
# -7.93959e-05, -0.00751753, -0.0205641, -0.00469918, -0.00204841, 0.00165624, 0.00116702, 0.00505387, 0.00133483, -0.000469072, 0.000456616, -0.0244907, -0.0170101, -0.0474245, -0.00260876, -0.102359, 0.0315917, 0.00802313, 0.0645038, 0.0908328, 0.00647558, -0.00311566, 0.0198065, 0.0238168, 0.0586893, 0.608375, 0.043333, 0.064883, 0.0217031, 0.0402432, 0.0213013, -0.0282872, 0.0710449, 0.0577214
# 0.00205597, 0.00797061, -0.0261231, -0.00269745, -0.0012655, -0.00288657, 0.0046641, 0.000880064, 0.00179263, 9.18815e-05, 0.00233611, 0.0117541, 0.0789797, -0.113268, -0.00693842, 0.00971384, -0.150606, 0.0335205, -0.01909, -0.0144467, 0.0124862, 0.0334507, 0.00644567, 0.00472173, -0.0107395, 0.043333, 0.705571, -0.0566676, -0.0309932, 0.0741456, -0.00747959, -0.00332904, 0.0150089, -0.0431033
# -0.00128775, 0.0103776, -0.0184993, 0.000526218, 0.00127449, 0.001728, -0.00165292, -0.000236242, 0.00201462, 0.00283574, 0.000728224, 0.0177727, -0.0380729, 0.0547345, -0.00510452, -0.0472141, 0.00726956, -0.108752, -0.0297372, -0.0171259, -0.00650462, 0.0159682, -0.00420512, 0.0106348, 0.0821119, 0.064883, -0.0566676, 0.576409, 0.0726034, -0.00283664, 0.0772576, 0.0687232, 0.00906795, 0.00722611
# 0.00274387, 0.00711729, -0.0265537, 0.00467845, 0.0012037, -0.00203143, -0.000565997, 0.000428957, -0.0037445, -0.000990447, 0.00104115, 0.00593833, -0.0827102, -0.0437133, 0.00517044, 0.00240431, 0.0297453, -0.0123532, -0.0936743, 0.0116871, -0.000224874, 0.0119162, -0.00457437, 0.0337928, 0.0664381, 0.0217031, -0.0309932, 0.0726034, 0.682583, 0.0265247, 0.0379787, -0.00922319, 0.0484003, -0.0239181
# -0.00236842, 0.0083852, -0.0229882, -0.00344509, -0.00225714, 0.00257879, 0.00121075, 2.90864e-06, 0.000437304, 0.000241267, 0.00677727, -0.0270059, 0.0171101, -0.183813, -0.0356182, 0.0244842, -0.0107187, 0.00183779, 0.0532982, -0.0383157, -0.0330853, -0.0165921, 0.00131782, 0.00840594, 0.0353892, 0.0402432, 0.0741456, -0.00283664, 0.0265247, 0.744096, 0.0210267, -0.0629619, 0.0310409, 0.0222974
# -0.0045024, 0.0134816, -0.026461, -0.00216567, -0.00185737, 0.00345847, 9.77343e-05, 0.00273731, -0.000573967, -0.00201258, -0.00241812, 0.0186411, -0.0307497, 0.0617755, -0.00561977, -0.0225079, -0.00854143, -0.0200162, -0.00827368, -0.0379779, -0.0852547, 0.0197859, -0.0256355, 0.0142293, 0.0758899, 0.0213013, -0.00747959, 0.0772576, 0.0379787, 0.0210267, 0.666361, 0.00681949, 0.0961088, 0.0353346
# 0.00358722, -0.0140543, -0.0231907, -0.000434765, -0.00167469, -0.00118213, 0.00253504, -0.0024369, -0.00205347, -0.00234573, 0.000524853, 0.0121164, 0.0042242, 0.189568, 0.046441, 0.03272, 0.0442978, 0.0363982, 0.00621166, 0.0183456, 0.0623585, -0.0653507, 0.0495587, 0.0545777, 0.0685106, -0.0282872, -0.00332904, 0.0687232, -0.00922319, -0.0629619, 0.00681949, 0.647693, 0.000349201, 0.0136162
# -0.00289764, -0.00771777, -0.0266059, -0.00241847, -0.000696217, -0.00274458, 0.0024481, 0.000129354, -0.000183662, -0.00150039, -0.0041331, 0.00531671, 0.000998134, -0.0222878, 0.0248674, 0.0257331, 0.0321464, 0.021619, 0.0307657, 0.0220537, 0.0268903, 0.0468976, -0.0723713, 0.0296717, 0.0166025, 0.0710449, 0.0150089, 0.00906795, 0.0484003, 0.0310409, 0.0961088, 0.000349201, 0.543803, 0.0552945
# 0.00671196, -0.00344873, -0.0102897, -0.000976825, 0.00297316, 0.00245039, -0.00368317, -0.00104305, 0.00500398, -0.00232155, 0.000573563, -0.0137475, 0.00456149, -0.00590861, -0.017115, 0.0122566, 0.0108508, 0.0072123, 0.0190958, 0.0138412, -0.00750015, 0.00292736, -0.00531353, -0.149117, 0.0300072, 0.0577214, -0.0431033, 0.00722611, -0.0239181, 0.0222974, 0.0353346, 0.0136162, 0.0552945, 0.610552
-692.28385,0.89029944,0.28368223,4,15,0,712.49364,0.43483878,2.4747071,-0.54344944,0.28619787,-0.32608504,0.20783728,-0.11092462,0.41700923,-0.0079824296,0.42414701,-0.25574454,-0.42758408,-1.339216,0.43012491,-0.36439512,0.23500364,-0.083214774,-0.37388417,0.49220162,1.1368074,-0.81774258,-1.3862621,0.092626877,-0.23583028,-0.78153974,0.55241222,1.4605835,0.3943711,-1.0256881,-0.33255013,-0.61877153,0.69049234,-1.4779012,0.27421236
-689.43122,0.77522262,0.28368223,4,15,0,706.33293,0.3936365,2.4573564,-0.54416954,0.25509919,-0.46192188,0.28349006,-0.13041847,0.39928229,-0.14312544,0.4147283,-0.16539261,-0.69437795,-0.85977057,-0.067193181,-1.3787453,0.42738795,0.28868393,0.10714749,1.1477066,0.99948775,-0.92106694,-1.0943033,-0.15062723,0.10327394,0.74433333,-0.19043306,1.0721062,-0.76267809,0.20466257,0.93485663,-0.70418162,-1.7570752,0.35274139,0.083668236
-691.84418,0.48057999,0.28368223,4,15,0,712.74227,0.39808969,2.5152604,-0.51250092,0.26004888,-0.50187574,0.2495817,-0.14635001,0.39504443,-0.15535973,0.38788674,-0.204679,-0.64925977,-1.1149091,-0.26522839,-1.5405668,0.3790986,-0.12780612,-0.14378322,0.88576591,1.3047118,-0.72512341,-1.4176539,0.013318344,0.046048816,0.46491749,0.1353783,1.693956,-0.69425647,0.62815647,0.48145128,-0.45099825,-2.1145122,-0.0099579168,0.52947669
-689.25479,0.88147072,0.28368223,4,15,0,703.24982,0.4410424,2.3603174,-0.5038747,0.19065083,-0.38434094,0.24314952,-0.10795486,0.31649839,-0.11447512,0.45050714,-0.2921639,-0.28709344,-1.5342894,0.37628531,-0.10851285,0.23479843,0.31941029,-0.14563946,0.68103558,1.2472751,-0.65624226,-1.0764319,-0.18692398,0.1580702,-0.78834926,-0.45210466,1.9437821,-0.70250041,-1.2544018,-0.6344067,-1.3607241,-0.22121025,-0.26042725,-0.78227444
-691.68311,0.81965874,0.28368223,4,15,0,706.3325,0.36691316,2.5227894,-0.5485801,0.2996733,-0.36688632,0.2246964,-0.19349291,0.38415203,-0.088413729,0.37871014,-0.18782192,-0.1896102,-1.1790364,-0.21600055,-0.29324937,0.5529695,0.1094587,-0.42575104,0.39682965,0.49839596,-0.78325801,-0.87361472,-0.18682966,-0.48156206,-0.15454732,-0.81356443,0.89444912,0.67033821,0.047377973,1.6897264,-0.27282792,-0.87370403,-0.049403791,1.7877098
-695.37314,0.83804691,0.28368223,4,15,0,706.08237,0.4021905,2.5110217,-0.55953994,0.25155182,-0.45415537,0.24284314,-0.11556181,0.42300571,-0.14638533,0.39958372,-0.21593718,-0.7336307,-2.1392751,0.2918665,-1.3139891,0.23445553,-0.019661559,-0.20545727,1.4760327,1.7897777,-1.2957044,-1.893129,-0.50807495,0.1169813,-0.094245222,-0.96096056,1.7103154,-1.5475655,-1.77757,-0.70865618,-1.3549326,0.33169584,0.10391564,0.641315
-696.1973,0.81048857,0.28368223,4,15,0,712.31446,0.38142864,2.4933373,-0.56854526,0.25660937,-0.37876279,0.26019497,-0.11671498,0.37164324,-0.12553406,0.33785399,-0.23306872,-0.96303301,-1.8286006,0.1589911,-0.46175406,0.84621484,0.96742246,-0.7948419,1.3265177,1.6296091,-1.1656863,-1.7389326,-0.32561268,-0.45127797,-0.77860818,-0.6078826,0.29200077,-0.81753895,-0.11014192,-0.049503693,-1.0254726,-1.1719487,0.68240486,1.8478512
-697.54428,0.85180796,0.28368223,4,15,0,728.95223,0.37823949,2.466632,-0.70735881,0.26950313,-0.37054452,0.25529049,-0.11743398,0.34888412,-0.17020605,0.3325712,-0.20814301,-0.77484691,-2.1129781,0.19113429,-0.37717014,0.90132263,0.96642073,-0.56888776,1.3335976,1.6568553,-0.90764743,-1.6416838,-0.2161935,-0.50021376,-0.34717872,-0.73740316,0.73271277,-0.65749212,-0.37200471,-0.030044591,-0.74668979,-1.0334614,0.7593404,2.3665051
-700.95606,0.96012915,0.28368223,4,15,0,714.26572,0.41017606,2.4312747,-0.55311787,0.25175674,-0.36864325,0.20451932,-0.02427543,0.33618251,-0.14211133,0.3000839,-0.1920663,-0.6452976,-1.166775,-0.22705743,-0.6764196,0.22794703,-0.13865489,-0.83111652,0.83429559,1.3673338,-0.68522697,-1.7896921,-0.51301081,-0.55572866,0.47898382,-0.4217015,2.1804546,-0.43955587,-0.44754468,-0.50961498,-1.4315469,-0.42580838,0.26872054,1.5265405
-704.01608,0.94526052,0.28368223,4,15,0,721.20993,0.37333639,2.7928302,-0.68149507,0.22237855,-0.398778,0.1828148,-0.18818173,0.37996735,-0.1320549,0.4817219,-0.2937895,-0.80152323,-2.8767919,0.19407067,-1.7047448,0.20716072,0.45841738,-0.83992413,0.92605379,1.0329907,-2.2573266,-2.3620211,-0.099871794,-0.1186785,-0.87031746,0.49748642,-0.60879897,0.32227177,0.17243874,-0.69962205,-0.36382331,-1.1774319,0.94602834,-1.1196128
-697.69123,0.93289811,0.28368223,4,15,0,720.8735,0.39368023,2.5732338,-0.6276354,0.30209174,-0.41523691,0.3091725,-0.094927992,0.33616802,-0.17297678,0.35188204,-0.30159558,-0.54342603,-2.3908874,0.31641086,-1.0398893,0.44648643,0.40975537,-0.2141256,0.79337962,1.4406248,-1.284516,-1.6677411,-0.7415786,-0.077179121,0.73538509,-0.60060435,2.046072,-0.85472179,0.079356315,1.6158733,0.23028859,-0.59414997,-1.2456656,1.2646965
-696.52799,0.98410449,0.28368223,4,15,0,713.09769,0.43332141,2.2103621,-0.64139131,0.26771119,-0.43022796,0.1806167,-0.16659062,0.40037408,-0.078625544,0.47470988,-0.23992945,-0.54149909,-1.5467933,0.63484212,-0.36043189,0.43563053,0.8686854,0.063371923,1.864124,1.3660114,-0.39645641,-0.95533505,0.48696014,0.78253322,0.0052130951,1.1057348,-0.0096392816,1.1256986,-1.3842693,-0.77219912,-0.91397164,-0.80867032,0.16662401,-0.47949639
-701.16096,0.92919976,0.28368223,4,15,0,715.03151,0.43688859,2.4026567,-0.51524551,0.2363447,-0.415735,0.3260891,-0.1107923,0.30838355,-0.11202596,0.3437752,-0.23266247,-0.81192872,-2.2539437,0.37543064,-1.2217511,0.14275235,0.30218354,-0.40665672,1.1714885,1.8499271,-0.97466922,-2.1058339,-0.4581814,-0.054728525,1.9293261,-0.15762787,2.0549545,-0.43058243,0.11499608,1.697085,0.46642495,1.5628449,-0.10469869,1.403098
-700.90806,0.97224139,0.28368223,4,15,0,714.71975,0.38484745,2.5106343,-0.57320387,0.33268215,-0.37566938,0.23665466,-0.16010458,0.4286014,-0.05319445,0.50116891,-0.29797955,-0.73994354,-1.1356086,0.024712428,-0.41937301,0.55224386,0.46875377,-0.26367718,0.28451309,1.7506629,-1.4458132,-1.4450189,-0.16584311,0.20924765,-2.2990987,0.21950682,0.53222747,-0.51061401,0.48871859,-0.89006878,-0.75861075,-1.0474772,0.90866901,-0.039206134
-703.42182,1,0.28368223,4,15,0,719.88361,0.37331506,2.4858719,-0.65584361,0.33040541,-0.34189479,0.24637823,-0.15030089,0.41859137,-0.033012278,0.49074024,-0.27931628,-0.66391803,-1.5659486,-0.070649805,-0.16407452,0.88580148,0.66299879,-0.075454325,0.020116724,1.9170333,-1.3832671,-1.3353926,-0.2185817,0.3832108,-1.7933786,0.24755764,0.92892828,-0.55428612,0.12390655,-1.2719558,-1.6407575,-0.99878404,0.64117289,-0.026603412
-705.68893,1,0.28368223,4,15,0,719.72042,0.35157084,2.2917699,-0.60192613,0.29473967,-0.44244502,0.26024059,-0.15000867,0.27273983,-0.12640675,0.38226526,-0.21548549,-0.87561869,-1.407927,0.17494216,-1.4763808,0.53498658,-0.094543985,0.16136196,2.3804796,1.219137,-0.52039922,-1.8418963,-0.28371297,1.1402907,2.3479081,0.71831989,2.3296205,-1.1562386,0.25800205,1.7891233,-0.440216,0.13254228,0.15082982,0.31600374
-699.75268,0.99204004,0.28368223,4,15,0,722.87347,0.40408504,2.3532306,-0.53953272,0.26102677,-0.32034756,0.227067,-0.18136972,0.42374675,-0.089154436,0.4467041,-0.28313995,-1.1831331,-1.2794526,0.64111046,-0.10022067,1.039196,1.1390868,-0.84697046,1.1772894,2.4940249,-1.4386242,-0.81421105,0.11840998,0.44175961,-2.1036082,-0.98298045,0.75400249,1.3624133,-0.82923603,-0.80818923,-0.76362951,-2.4056143,-0.32571959,-0.27734067
-700.91568,0.81650669,0.28368223,4,15,0,717.20686,0.36823628,2.3547781,-0.5759021,0.27408729,-0.4723557,0.24240054,-0.10706741,0.34221481,-0.18493822,0.4158414,-0.3498594,-0.96935853,-1.4999423,0.34739868,-0.51821548,1.1139731,0.75708803,-0.55937951,1.4507315,1.6035669,-1.3103944,-1.2592835,0.039847934,1.3844177,0.09199739,-0.99621841,0.48589611,0.95581751,1.4108986,0.39457652,1.0974029,-1.5231222,-1.0694812,-0.89761183
-697.48589,0.85492021,0.28368223,4,15,0,720.98058,0.37189718,2.4021507,-0.39201321,0.24166566,-0.41027406,0.25360803,-0.099544365,0.40219159,-0.053914612,0.43062487,-0.19634144,-1.0384412,-1.3093052,0.20022076,-0.92727669,0.18632965,-0.18130129,0.57974075,1.6947007,1.8271215,-0.88411452,-2.0802097,-0.17704743,-0.39973462,-0.088563831,0.26941756,1.3973206,-2.2512571,-2.6172687,0.15749273,-1.9655868,-0.19066976,0.2210628,0.46112446
-693.66428,0.99010958,0.28368223,4,15,0,708.01431,0.35808295,2.544154,-0.77165588,0.26873861,-0.43211743,0.20042618,-0.13200691,0.37353437,-0.080782897,0.4672936,-0.22040774,-0.62997045,-1.0388191,0.31467178,-1.0289662,0.29024047,-0.17967488,0.15308725,1.1612183,1.0539729,-0.97778417,-1.2240715,-0.81091193,0.22460639,0.7784923,-0.5286453,2.378724,0.57352911,-0.44044168,1.5414783,-0.55567377,-0.090340642,1.7739224,-0.1363841
-692.918,0.97214541,0.28368223,4,15,0,707.04177,0.37626245,2.5387432,-0.69596429,0.29282113,-0.39704137,0.22497313,-0.17044123,0.39719706,-0.060145754,0.39894296,-0.28373228,-0.92942756,-1.2592904,-0.35517774,-0.93968048,0.8485274,0.56859999,-0.34700305,1.2917338,1.2640323,-1.5880434,-2.0491832,-0.61722643,-0.42589808,0.12103696,0.19152122,1.2291982,0.18884712,-0.42985658,1.500787,-0.99543148,-1.3734224,-0.28926745,1.8154125
-695.99524,0.82518441,0.28368223,4,15,0,707.06009,0.35447072,2.4454683,-0.51736059,0.27362726,-0.43229217,0.1879674,-0.13041804,0.43534605,-0.17780417,0.43046036,-0.25655443,-0.9036398,-2.1264301,0.61359508,-0.74986838,0.46212522,0.615906,-0.57022696,0.8431198,1.7811599,-0.9337509,-2.1667449,-0.54408099,0.41239,-0.030650744,-0.2138067,1.7400984,-1.2460838,1.2927318,-0.7757997,-0.83313368,-0.23241616,1.4284066,0.067680304
-692.48896,0.98903387,0.28368223,4,15,0,708.48973,0.41898474,2.5156881,-0.72938228,0.29114529,-0.37550696,0.28544745,-0.14177589,0.30064175,-0.027761124,0.3938841,-0.26199439,-0.68317456,-1.4145749,0.15769687,-0.97832165,0.5606775,0.27743166,0.077490075,0.96298177,0.96387689,-1.2270364,-1.0793217,-0.26269713,-0.28285802,0.71450771,0.10822536,1.0698505,0.2264999,-0.96412365,1.4509302,-0.56235002,-0.89486706,-0.36198044,0.38522124
-693.45242,0.97594839,0.28368223,4,15,0,707.56336,0.43791744,2.5074644,-0.6528412,0.27431969,-0.42216411,0.2218832,-0.067050062,0.30861028,-0.11467084,0.36007651,-0.25963676,-0.77626397,-0.79787826,-0.28889786,-0.74120659,0.60929658,-0.76619684,-0.0063553113,0.91716699,1.4546981,-0.86680535,-1.4922898,-0.66865098,-0.35803875,-0.29585931,-0.55128785,2.507645,0.37604993,0.52279096,0.68393827,-0.45517471,-1.4489972,0.4415598,0.74129415
-699.76185,1,0.28368223,4,15,0,712.48646,0.46625385,2.4447485,-0.69067351,0.26263812,-0.36791778,0.20051976,-0.13368329,0.36806121,-0.060975975,0.52273505,-0.1835485,-1.138378,-1.2448217,0.0045170422,-0.66836828,0.75993494,-0.44543849,0.093116695,1.5898763,1.558259,-1.1285979,-2.4537234,-0.45812072,-0.024115003,0.63018075,0.57168638,2.0917149,0.31486837,0.39644034,1.9127256,-1.6647783,0.0090753106,0.21178678,1.0374837
-701.57841,0.93941331,0.28368223,4,15,0,712.93723,0.41523165,2.5082903,-0.30157237,0.26188402,-0.43369075,0.26229254,-0.17152423,0.30793222,-0.1279324,0.30384422,-0.30998731,-0.75743274,-1.2476558,0.40589056,-1.4552738,0.031713162,0.69004198,-0.59098473,1.0890973,1.7754668,-1.4733844,-1.5359134,-0.1216197,0.055767289,0.052817088,-0.20001198,0.018663402,-0.14408583,-0.20715073,-0.32559773,-1.6578635,-0.90668167,-1.3680354,-0.27053604
-701.31389,0.90256902,0.28368223,4,15,0,723.41271,0.43213581,2.5054332,-0.5016946,0.25930734,-0.39955246,0.20668022,-0.17438143,0.4036669,-0.10626581,0.5526501,-0.19834221,-0.62177668,-1.5394663,0.17228362,-0.18984958,0.77826388,-0.019736327,-0.16014543,1.5971996,1.3064473,-0.92278008,-1.8596927,-0.2694686,-0.20674553,-0.62206992,-0.97462591,1.2247124,-0.38371363,-1.4621598,0.40889163,0.15123913,-0.13928993,0.36221853,1.6464363
-703.63951,0.96314031,0.28368223,4,15,0,715.96933,0.35000696,2.3645371,-0.47623593,0.25758007,-0.42866385,0.25950383,-0.13522113,0.3484291,-0.098941799,0.26281056,-0.32223389,-0.87765604,-2.0536333,0.43817882,-0.29458388,0.43533795,0.62763346,-0.2353108,0.90451214,2.0081039,-1.4190118,-1.5767448,-0.016303958,0.46315074,0.33090739,0.89720378,0.2941668,0.02487732,1.2479245,-0.041199479,-1.1530793,-1.9220245,0.055007643,-2.1768495
-700.83882,0.99662432,0.28368223,4,15,0,721.26956,0.50319635,2.4630992,-0.68029687,0.26112182,-0.4151527,0.2545266,-0.090947891,0.3877444,-0.17326756,0.50090112,-0.2026531,-0.51678467,-1.5723528,-0.034175061,-0.54079004,0.63214282,0.66240829,-0.18391736,0.80317875,1.0089851,-0.46462308,-1.4919524,-0.26808876,-0.057124448,-0.99823163,-0.42981533,-0.14196405,-0.37473222,0.65949356,1.743945,-0.46846124,-1.0457805,0.14271086,1.3631082
-700.57887,0.94164022,0.28368223,4,15,0,717.68042,0.41877458,2.6051761,-0.65099297,0.24996093,-0.4243974,0.26251442,-0.082090174,0.37169904,-0.17855006,0.50818476,-0.16719794,-0.77509795,-2.516925,0.088019818,-0.80099886,0.75297606,0.53723531,-0.20765539,0.78144968,0.73020173,-1.4252718,-1.9327116,-0.52280792,-0.073660526,-0.8216453,-0.67400356,0.50435587,-0.52323021,0.9066436,2.6008577,-0.46963758,-1.24365,-0.5544513,0.25806856
-700.91565,0.93697563,0.28368223,4,15,0,721.66542,0.34982809,2.4118828,-0.56717293,0.26390654,-0.38273555,0.22518486,-0.18697693,0.38732095,-0.08058661,0.3373736,-0.37727672,-0.83642743,-0.73963655,0.54197591,-1.2511049,0.080496634,0.21367077,-0.034637764,0.70899987,2.2807413,-0.88864672,-1.3483435,0.0042684562,0.66214536,1.8129592,0.5137972,2.3617928,-0.73212161,-0.15930169,-1.6762999,0.13564132,-0.26348228,0.72771794,-0.47726211
-703.70894,0.686306,0.28368223,4,15,0,717.97637,0.3791627,2.4457584,-0.37537189,0.2540625,-0.353625,0.21615159,-0.1797498,0.38814713,-0.056792113,0.33884164,-0.41280776,-0.99350092,-1.0321345,0.65294892,-1.5691465,-0.071297621,-0.010496688,-0.22808687,0.88797765,2.2739686,-1.1142059,-1.4955023,-0.14661655,0.056960511,1.2273604,0.56478326,2.0575282,-0.7812176,-0.99640699,-2.3520514,-0.56467165,-0.89443071,0.63846675,0.36431435
-699.91486,0.98881877,0.28368223,4,15,0,720.13144,0.45296843,2.3417579,-0.77082779,0.22966817,-0.40593724,0.26171585,-0.1327857,0.38061091,-0.22540287,0.45539366,-0.18789963,-1.0666458,-1.0285058,0.36970622,-1.0360297,1.2967849,0.91178883,0.77349567,1.3589795,1.7240147,-0.071375225,-1.9834137,0.042703029,0.44625706,0.58617537,-0.83461834,0.83856975,-0.50888951,0.39025694,1.6614226,-0.60712084,0.63225028,-0.31673464,0.25368693
-702.71828,0.81810903,0.28368223,4,15,0,722.314,0.41285042,2.4003865,-0.47829183,0.25948402,-0.4010013,0.2255361,-0.11703237,0.34067335,-0.087755632,0.38185616,-0.37869391,-0.94061304,-1.9557937,0.2755198,-0.94842625,0.01060159,0.72441995,0.34655144,1.721077,2.0916191,-1.4433998,-1.5449386,-0.12781797,1.20079,-1.1556308,1.4943138,1.1417277,-1.0604888,-1.3029982,0.060310902,0.15503582,-1.5348099,0.092136987,-2.1082794
-705.2231,0.96983938,0.28368223,4,15,0,725.36689,0.30527085,2.6583467,-0.5708957,0.29430269,-0.37133686,0.23852272,-0.17869564,0.43997131,-0.17898304,0.44183384,-0.23975522,-0.9054426,-1.4119785,0.099853208,-2.026581,0.16196902,-0.29420166,-1.0052696,-0.17712162,0.79140793,-0.99240041,-2.0553155,-1.0671562,-0.59718219,1.2987427,-0.6131457,1.2004815,0.26324661,1.5122117,2.0692311,-1.6697595,-0.28664026,0.45258546,1.8325644
-698.7927,0.97921851,0.28368223,4,15,0,718.19518,0.33615534,2.4358487,-0.52312416,0.28487268,-0.33802063,0.20288645,-0.065137889,0.31626188,-0.092709155,0.42953851,-0.33648529,-1.0736389,-1.422522,0.57827865,-1.0628306,0.54970862,-0.15916495,-0.2419899,0.85519702,1.789023,-1.7995777,-1.9943696,-0.82736333,-0.72895201,-0.10239686,-0.71863799,1.0888764,0.18780557,-0.13283679,0.18721457,0.41778015,-0.23380267,0.96322236,1.5637252
-695.40117,0.97681345,0.28368223,4,15,0,714.50677,0.44365717,2.504737,-0.69254065,0.25312352,-0.45799017,0.31810209,-0.1990676,0.39601125,-0.1364094,0.42427678,-0.16477417,-0.84815851,-1.6337014,0.33959796,-0.93296132,0.63252715,0.32466799,-0.26724336,1.3440638,1.5496857,-1.0717109,-1.7913407,0.35545364,0.59216597,1.0227244,-0.27401037,1.5086037,-0.86526164,-0.64801465,-0.01425817,-1.1580518,-0.38853474,-1.4053975,-0.25928081
-693.88201,0.92802296,0.28368223,4,15,0,712.35866,0.32148683,2.4415674,-0.45601296,0.2196657,-0.32246732,0.13479425,-0.077259556,0.38960655,-0.064880652,0.44283548,-0.3095391,-0.53717879,-0.82281435,0.35915537,-0.58510394,0.12028605,-0.1103652,0.06810806,0.70272762,1.454256,-0.78018061,-0.86874575,-0.62757185,-0.14751956,-0.22302098,0.73127525,1.8201585,-0.24613857,-0.69542104,-1.0012115,-0.74730877,-0.91138398,0.82832923,0.076014087
-697.63313,0.83968916,0.28368223,4,15,0,712.39052,0.40803741,2.2899932,-0.52250998,0.27502,-0.46299852,0.28693429,-0.15708004,0.31249702,-0.06389556,0.33796952,-0.23736715,-1.0062942,-1.7632394,0.36402856,-0.34547573,1.5231269,0.76426848,-0.39416905,1.393245,1.9605187,-0.63539487,-2.2855242,0.36101032,0.26146052,-1.0186253,-0.62639323,0.91540993,-0.22041807,-0.49435295,-0.15503913,-0.78021822,-0.019661928,-0.90995911,-0.49578353
-693.23561,0.89297285,0.28368223,4,15,0,712.49005,0.34738246,2.0673329,-0.39805885,0.25549717,-0.35312651,0.19424942,-0.12500956,0.38069877,-0.052345544,0.46174079,-0.25876819,-0.46624491,-1.2475764,-0.032703108,-0.031310028,0.52955258,0.23563931,0.49868443,1.1684949,2.0931442,-0.28855577,-0.64037741,0.13418622,0.21735856,0.1855057,0.61029992,1.1685877,-0.65184925,-0.91385331,-0.10119162,-1.0071497,-0.12885483,-0.018450999,1.1115324
-694.96831,0.99570812,0.28368223,4,15,0,708.94351,0.41496105,2.9969823,-0.77884342,0.22671372,-0.42164048,0.26392916,-0.12640341,0.3877643,-0.1718633,0.40645755,-0.24324959,-0.61309509,-1.619933,0.28649746,-1.8652163,0.092607423,-0.16273589,-1.1537449,0.21281755,0.41556347,-1.8787378,-2.5136981,-1.0057227,-0.26592861,0.23442518,-0.99228811,2.2961736,0.22684924,0.21594095,0.22101053,-0.5841879,0.45631,0.76088543,-0.45260268
-701.03911,0.87280097,0.28368223,4,15,0,717.29582,0.39636607,2.4866008,-0.71037687,0.32089162,-0.42261049,0.2414483,-0.15429695,0.37061218,-0.12311979,0.39721377,-0.35418789,-0.077568032,-4.1862008,-0.068585849,-0.59448232,0.55559432,0.28734707,0.0514471,0.80100061,0.93398437,-0.77341434,-0.78923973,0.035017526,0.26372348,1.0102825,-0.034137065,-0.42597305,0.20379424,0.62984286,1.3719714,1.6583335,-1.5705232,-0.13077246,0.82481376
-704.29125,0.91556888,0.28368223,4,15,0,714.03853,0.3784728,2.3707337,-0.61391786,0.21455274,-0.3623469,0.21093706,-0.097355638,0.36567951,-0.15843869,0.44867433,-0.18673476,-0.73683017,-3.3371892,0.11922609,-0.85540031,0.69315357,0.46719045,-0.39402286,0.73123234,1.5971393,-0.64686825,-2.148383,-0.44238898,0.63308966,-1.3558465,-0.27413877,0.56412803,-0.49462093,-1.2805671,-0.7132706,-0.23001104,1.4159761,-1.5187196,-0.52148269
-701.70456,0.99551773,0.28368223,4,15,0,719.88014,0.37463855,2.5615506,-0.64854553,0.31002704,-0.47010571,0.2583329,-0.13776302,0.36902715,-0.14158211,0.42578819,-0.33191677,-0.49987757,-2.3799299,0.25590418,-1.0409893,0.53181788,0.45844844,-0.30476211,1.5606495,1.2421726,-1.273104,-1.0931672,0.036653933,-0.23136244,-0.56925048,0.69910444,0.23076198,0.017261963,1.2887986,0.30947468,-0.30270742,-0.85235767,-0.5647937,1.9561645
-700.04974,0.94906574,0.28368223,4,15,0,715.55372,0.32084315,2.4279075,-0.4555984,0.25184458,-0.38062873,0.15287381,-0.13887298,0.38355446,-0.14082619,0.41464315,-0.27063749,-0.55206167,-2.1282552,0.28879021,-0.47696463,-0.046981627,0.1112772,-0.31348944,0.30885918,0.98173341,-0.67521268,-1.704975,-0.44858791,0.080722223,-0.93040424,2.2772982,0.93193105,-0.48629617,1.2089495,-0.38950292,-1.1328746,-0.32350743,1.7925063,0.062376359
-698.38398,0.91488267,0.28368223,4,15,0,713.48298,0.33580136,2.3870993,-0.58688153,0.28097099,-0.38790448,0.17268307,-0.14076141,0.40544879,-0.14717033,0.41188378,-0.28540289,-0.84742256,-1.9300362,0.34160204,-0.40201272,0.11978222,0.49308817,-0.35523291,0.88454283,1.7347958,-0.83735238,-1.8526369,-0.58746946,0.38192298,-0.65886713,2.4664598,0.97427679,-0.46636962,1.1915211,-0.46956826,-0.85420681,-0.072668085,2.3377347,0.37943452
-698.07466,0.86486705,0.28368223,4,15,0,717.00558,0.38797239,2.6296263,-0.67225539,0.23416851,-0.45184205,0.29679954,-0.10865218,0.40191234,-0.10272497,0.40551952,-0.25735695,-0.68494188,-1.763907,0.11278967,-1.2649132,0.62637995,0.10797875,-0.72544747,0.93847746,1.0071029,-1.2557559,-1.5308121,-0.33069825,0.30309541,0.93261127,-1.8723604,2.5595786,-0.010128706,-1.6167383,1.4621308,-0.60674801,-1.1907954,-2.120501,-0.58404007
-697.53556,0.98728391,0.28368223,4,15,0,713.65351,0.40950664,2.0110457,-0.58974018,0.3541446,-0.3733901,0.25446402,-0.20120222,0.3193847,-0.075557987,0.38751482,-0.19077972,-0.9858351,-1.3811516,0.55172262,0.56193996,1.4857269,1.2150587,0.45114354,2.0742769,3.0155797,-0.32776947,-0.95599678,0.68180984,0.44317983,-0.24780875,0.17503145,1.0686882,0.8184174,-0.56123861,-0.10472299,-0.87800943,-0.091610104,0.25922048,1.9592397
-698.65924,0.81879457,0.28368223,4,15,0,718.2464,0.50806282,2.1293737,-0.68143349,0.28698856,-0.44637905,0.23305547,-0.2176659,0.393904,-0.12713693,0.38707172,-0.26338536,-0.77470992,-1.337178,0.093226799,0.695483,1.5411498,0.73969214,0.27179473,1.6465528,2.7776515,-0.064945245,-0.94003692,0.52908303,0.25506607,-1.0341531,-0.00060242278,1.8533066,0.58016337,0.77787794,0.31422347,-0.9368732,0.064423544,0.16229023,2.3510198
-701.60253,0.6651288,0.28368223,4,15,0,718.37989,0.30425794,2.417327,-0.37352873,0.29550344,-0.36633338,0.26612039,-0.10270127,0.43339016,-0.10469513,0.47576951,-0.2472157,-0.7865187,-1.5774062,0.40948683,-1.6941227,0.73388827,-0.024644492,-0.21811534,1.1427829,1.4305178,-1.5619304,-0.85183833,-0.051115462,0.53733434,1.2098434,-0.78866378,1.3361993,-0.85882717,-1.5373664,0.09458558,0.26906455,-2.8336779,-0.0968441,-2.040455
-696.29936,0.96977079,0.28368223,4,15,0,716.84456,0.3529189,2.342819,-0.35423946,0.28249496,-0.40640044,0.19555636,-0.12319146,0.38039058,-0.023211057,0.45871675,-0.25266067,-1.2794106,-0.99782638,0.48427331,-1.6354177,1.0838679,0.16932322,0.11769625,1.5366287,1.7973833,-1.5218406,-1.5652828,-0.1957791,0.53671995,-0.26388394,-1.1428427,0.78403533,-1.1807941,-1.1472043,0.51234072,-0.76364033,-1.9068601,0.077773763,-0.60026275
-701.99124,0.077615266,0.28368223,4,15,0,723.26377,0.36199421,2.3415944,-0.26635975,0.28483387,-0.41061442,0.18880309,-0.13387252,0.37193922,0.0028740101,0.46131982,-0.23732746,-1.2712877,-0.89617223,0.51825994,-1.7424483,0.9285572,-0.035694996,-0.017913594,1.2216041,1.6764455,-1.5741167,-1.6926385,-0.40615369,0.23241125,-0.69322285,-1.2131431,1.1039809,-1.1557493,-0.99127192,0.18707215,-1.0898367,-1.9104312,0.06443091,-0.55186884
-698.79416,0.93836294,0.28368223,4,15,0,715.63114,0.31436801,2.3436318,-0.43770634,0.28183087,-0.40561503,0.18185717,-0.12305402,0.37643903,-0.016970048,0.47108529,-0.25936531,-1.3381328,-1.5765041,0.10967762,-1.6466507,1.0235726,0.46032546,0.10264047,1.5847533,2.0492259,-1.7215735,-1.7920147,-0.40717113,0.7916362,-0.46592946,-0.42135252,0.72968228,-0.53589934,-0.31596466,0.1070682,-1.269659,-2.0386256,0.2281614,-0.8767353
-696.1117,0.98718221,0.28368223,4,15,0,709.84883,0.37135247,2.5421004,-0.53375407,0.24982719,-0.40172996,0.25458501,-0.10092276,0.4271627,-0.10275545,0.39151284,-0.22315581,-0.45410602,-0.71162038,-0.13275992,-1.6578652,0.36910195,-0.43872805,-0.5608186,1.1427965,1.2402857,-0.80672727,-1.1150284,-0.53283042,0.91156975,0.89459199,-0.1111316,1.8798093,-0.10607277,-0.8366283,0.79685359,-0.51796899,-0.4163222,-0.19530635,-0.17748511
-698.22173,0.99719822,0.28368223,4,15,0,709.17425,0.44806013,2.351352,-0.44859488,0.24478926,-0.39174067,0.21400555,-0.19274858,0.33809913,-0.14618224,0.38992172,-0.27788126,-0.76047228,-2.4900977,-0.2321091,-0.042090865,0.76417065,0.56654474,-0.29222781,1.2297112,1.4270425,-1.0785719,-2.0691474,-0.095642032,0.069516029,-1.1978169,-0.5886481,1.0523765,0.033669707,0.51428818,-0.34682827,-1.9565676,-2.1804367,0.33458174,-0.42174649
