# stan_version_major = 2
# stan_version_minor = 37
# stan_version_patch = 0
# model = survival_model
# start_datetime = 2026-03-12 17:43:02 UTC
# method = sample (Default)
#   sample
#     num_samples = 2000
#     num_warmup = 1000 (Default)
#     save_warmup = false (Default)
#     thin = 1 (Default)
#     adapt
#       engaged = true (Default)
#       gamma = 0.05 (Default)
#       delta = 0.8 (Default)
#       kappa = 0.75 (Default)
#       t0 = 10 (Default)
#       init_buffer = 75 (Default)
#       term_buffer = 50 (Default)
#       window = 25 (Default)
#       save_metric = false (Default)
#     algorithm = hmc (Default)
#       hmc
#         engine = nuts (Default)
#           nuts
#             max_depth = 10 (Default)
#         metric = dense_e
#         metric_file =  (Default)
#         stepsize = 1 (Default)
#         stepsize_jitter = 0 (Default)
#     num_chains = 1 (Default)
# id = 3
# data
#   file = /Users/dansprague/Documents/PhaseSkate/benchmarks/scaling/data/data_H50.json
# init = 2 (Default)
# random
#   seed = 42
# output
#   file = /Users/dansprague/Documents/PhaseSkate/benchmarks/scaling/stan_output/survival-20260312134302_3.csv
#   diagnostic_file =  (Default)
#   refresh = 100 (Default)
#   sig_figs = 8 (Default)
#   profile_file = profile.csv (Default)
#   save_cmdstan_config = false (Default)
# num_threads = 1 (Default)
# stanc_version = stanc3 v2.37.0
# stancflags = --filename-in-msg=survival.stan
lp__,accept_stat__,stepsize__,treedepth__,n_leapfrog__,divergent__,energy__,log_alpha,beta_0,trt_effect,beta.1,beta.2,beta.3,beta.4,beta.5,beta.6,beta.7,beta.8,log_sigma_int,log_sigma_slope,rho,z_int.1,z_int.2,z_int.3,z_int.4,z_int.5,z_int.6,z_int.7,z_int.8,z_int.9,z_int.10,z_int.11,z_int.12,z_int.13,z_int.14,z_int.15,z_int.16,z_int.17,z_int.18,z_int.19,z_int.20,z_int.21,z_int.22,z_int.23,z_int.24,z_int.25,z_int.26,z_int.27,z_int.28,z_int.29,z_int.30,z_int.31,z_int.32,z_int.33,z_int.34,z_int.35,z_int.36,z_int.37,z_int.38,z_int.39,z_int.40,z_int.41,z_int.42,z_int.43,z_int.44,z_int.45,z_int.46,z_int.47,z_int.48,z_int.49,z_int.50,z_slope.1,z_slope.2,z_slope.3,z_slope.4,z_slope.5,z_slope.6,z_slope.7,z_slope.8,z_slope.9,z_slope.10,z_slope.11,z_slope.12,z_slope.13,z_slope.14,z_slope.15,z_slope.16,z_slope.17,z_slope.18,z_slope.19,z_slope.20,z_slope.21,z_slope.22,z_slope.23,z_slope.24,z_slope.25,z_slope.26,z_slope.27,z_slope.28,z_slope.29,z_slope.30,z_slope.31,z_slope.32,z_slope.33,z_slope.34,z_slope.35,z_slope.36,z_slope.37,z_slope.38,z_slope.39,z_slope.40,z_slope.41,z_slope.42,z_slope.43,z_slope.44,z_slope.45,z_slope.46,z_slope.47,z_slope.48,z_slope.49,z_slope.50
# Adaptation terminated
# Step size = 0.307596
# Elements of inverse mass matrix:
# 0.000501701, -0.000131669, -3.41189e-05, -1.62507e-05, 3.9863e-05, -7.91882e-06, -4.58247e-06, -3.61502e-05, -5.42615e-06, -4.72231e-05, 4.17756e-05, 1.48119e-05, 0.000222465, -0.000593341, -0.000363304, 0.000218526, 7.58079e-05, -0.000119566, 0.000147946, -0.000222777, -0.000175599, 0.000304844, 3.26003e-05, -0.000293968, 0.000253619, 0.000308513, 0.000173603, 0.000344288, -0.000161739, 0.000635445, 0.000409891, 0.000270019, 0.000129753, 0.000181801, 9.78211e-06, 0.000212798, 7.06065e-05, -0.000540567, -0.000156665, 7.24112e-05, -0.000168079, 0.000185057, -0.000206947, 1.29734e-05, 0.000116856, -0.000328696, -2.37524e-05, -7.80955e-05, -0.000826095, 0.000703259, 0.000292903, -5.82191e-05, 9.50762e-05, -4.56349e-05, 0.000710422, 0.000214888, 0.000135322, 9.41089e-05, -9.71091e-05, 0.000227574, -8.39572e-05, 0.000780245, 0.000380262, 0.00025988, 0.000821303, -0.000777368, -0.000269915, 0.000511288, -0.000153361, 0.000862925, 0.00152433, -0.000896394, 0.00099118, 0.00173278, -0.00144043, 3.8596e-05, -0.000666967, -0.000867367, 0.000287197, -0.000798317, -9.54248e-05, -0.000345541, -0.000927765, 0.000235509, 0.000862943, -5.87308e-05, 0.00153148, -3.73132e-05, 9.46676e-05, 0.000715984, 0.000702824, -0.000771062, 0.000751957, -8.00008e-05, 0.000260306, -8.40985e-05, -0.000188568, -0.000358174, 0.00101837, -0.0022647, -0.000329978, -0.000110358, -0.000592955, 0.000404985, -0.00195426, -0.000602187, -0.00103772, 0.000316304, -0.000574856, 0.000171428, 0.000488396, -0.000788967, 0.000207937, 0.000231074
# -0.000131669, 0.00837738, 0.000392957, -2.05769e-05, -0.000249397, 0.000165594, 3.24554e-05, 0.000177268, -0.000140823, 0.000128763, 0.000165082, 0.0012001, -0.000306359, -0.00572649, -0.0112235, -0.0114715, -0.0113047, -0.0116042, -0.0139177, -0.0115892, -0.0107995, -0.00997657, -0.00958704, -0.0119463, -0.0115606, -0.0103169, -0.0120176, -0.010293, -0.011471, -0.0115732, -0.0128013, -0.0121344, -0.0113998, -0.010283, -0.011388, -0.00999455, -0.0123709, -0.0120064, -0.0131643, -0.0111667, -0.0136559, -0.0105087, -0.0150018, -0.0117087, -0.0108268, -0.0120533, -0.0124231, -0.0110829, -0.0096442, -0.0107053, -0.0109562, -0.0099952, -0.0115611, -0.0102835, -0.0128491, -0.0108453, -0.0118216, -0.0100913, -0.0127647, -0.0112292, -0.0136032, -0.0105224, -0.00972155, -0.0140159, -0.00131274, 0.00124176, -0.00250516, 0.00046293, 0.00487251, 0.00259599, -0.00314109, -0.00377279, -0.00360792, -0.000223313, 0.00262571, -0.00320917, 0.00338649, -0.000917568, -0.00364904, 0.000622235, 0.00193166, 9.84128e-05, -0.00283423, -0.0027155, -0.00536608, -0.000689549, 0.000868528, 0.00873477, -0.000114427, -0.00633254, 0.000703903, -0.000725621, 0.00289528, -0.0037947, -0.00380188, 0.00492779, 0.00347671, -0.00239732, -0.00349318, -0.00052018, 0.00195015, -0.000608838, -0.00462365, -0.00339409, 0.00193331, 6.71293e-05, -0.00476216, -0.00943375, 0.00134947, -0.000292307, 0.00376691, -0.00173086, -0.00468215, 0.00811677
# -3.41189e-05, 0.000392957, 0.00382651, -0.000151224, 4.55561e-05, 1.67288e-05, -0.000144878, -8.857e-05, -3.34562e-05, -8.68081e-05, -6.63334e-05, 0.000175357, 0.00141266, 0.00216475, -0.00293582, -0.00232995, -0.00116597, -0.00262632, -0.00184064, -0.00149523, -0.00155682, -0.000895214, -0.000252582, -0.00425825, -0.00195674, -0.00257668, -0.0029598, -0.00037306, -0.0017279, -0.00250691, -0.00226046, -0.00228664, -0.00458313, -0.0020943, -0.00116486, -0.00116592, -0.00301261, -0.000312329, -0.00278928, -0.000977902, -0.00284469, -0.000662997, -0.00243932, -0.00197873, -0.00130016, -0.00418489, -0.0038766, -0.00190959, -0.0020642, -0.00215577, -0.00353008, -0.00170203, -0.0024204, -0.000695346, -0.000967224, -0.000649104, -0.00121106, -0.00241234, -0.00162384, -0.000671511, -0.00203902, -0.0018043, -0.00151022, -0.00276793, -0.00528079, -0.00522568, -0.00778103, -0.00380632, -0.00835999, -0.0105993, -0.00675986, -0.00516278, -0.00445498, -0.00487267, -0.00708411, -0.00976168, -0.0039186, -0.00821783, -0.00620485, -0.00543158, -0.00531192, -0.00395685, -4.15128e-05, -0.00625806, -0.00840393, -0.00296042, -0.00586662, -0.0065609, -0.00756398, -0.00601233, -0.00641559, -0.00833518, -0.0039609, -0.00329604, -0.00665467, -0.00295952, -0.00316686, -0.00545723, -0.00497116, -0.000605647, -0.00437358, -0.00439024, -0.00421733, -0.00809814, -0.0067681, -0.00701739, -0.00794865, -0.00489907, -0.00824188, -0.005472, -0.00815859, -0.00555168, -0.0059264, -0.00526229
# -1.62507e-05, -2.05769e-05, -0.000151224, 0.000427015, -4.82339e-05, -1.60054e-05, 1.72418e-05, -7.05482e-06, -4.02261e-05, -2.53608e-05, -3.98618e-06, -0.00027232, 0.000385019, -0.000248764, -0.000510415, 0.000342046, 0.000193714, 0.000157157, -0.000133387, 4.35008e-05, -0.000275559, 0.000135319, -0.000414365, 0.000404309, -2.15527e-05, 0.000282611, 0.000528022, -1.87194e-05, 0.000439551, 0.000567971, 7.39329e-05, 0.000334016, 0.000391994, -5.71362e-06, 0.000559623, -0.000351362, 0.00037013, 0.000628139, 0.000156042, 0.000402631, 0.00104013, 0.000191862, 0.000515588, 0.000500852, 0.00011744, 0.000209187, 0.000807996, 0.00039744, 0.000138616, -0.000151599, 0.00032552, 4.22674e-05, 0.000226851, -0.000347471, -9.15623e-05, 0.000170224, 0.000341601, 6.85049e-05, 7.74171e-05, -0.000137445, 0.000109486, 0.000546039, 0.000232186, 0.00015249, 0.00172628, -0.000461231, 0.000408286, -0.00086275, 0.00152906, -0.000302806, -0.000723959, -0.000233496, 0.000602164, -0.00102695, 0.00109542, 0.000230766, -0.000116487, 0.000936625, 0.00023778, 0.000286026, 2.0874e-05, -0.000734438, 0.000483931, 0.00080972, -0.000238729, 0.000907438, 0.000297624, -0.0011049, 0.00110388, 0.000550157, -0.000403508, 0.000294746, -5.04866e-05, -0.00101789, 0.000347266, 0.0011212, 0.000192923, 0.000686117, 0.000186661, 0.000663591, 0.000774387, 0.000271378, -6.68512e-05, 0.00102888, 0.000407041, -1.87996e-05, 0.000359012, 0.000356747, 0.000142595, 0.000430961, -0.000107244, 0.000295811, 0.00065473, -3.41686e-05
# 3.9863e-05, -0.000249397, 4.55561e-05, -4.82339e-05, 0.000468768, -3.18692e-06, -3.62692e-05, 2.05696e-05, 2.32075e-05, -2.6785e-05, 5.77884e-06, -0.000162417, -0.000221472, 2.17152e-05, -0.000248086, 0.000415659, -0.0003663, -1.2475e-05, 8.05231e-05, -0.000346569, -4.99866e-05, 0.000556269, 0.000243103, -0.000155132, 0.00025997, -0.00021468, 0.00026673, -0.000185984, -3.43999e-07, -0.000222473, 0.000770162, -0.000149527, 0.000455443, -0.000121997, 0.000199882, -0.000215025, 0.0005301, 0.000543554, -4.52137e-05, 0.000148433, 0.000446027, -1.72561e-05, 0.000553152, 0.000453245, -0.00050113, -0.000141633, 0.000199555, 0.000541946, -0.000416357, 0.000528561, 0.00029418, 0.000562948, -2.98716e-05, 0.000391049, 0.000772731, 0.000437827, 0.00034958, -1.56916e-05, 0.000518149, 0.000730705, 0.000811376, 6.36934e-05, 4.90835e-05, 0.000396573, -5.12905e-05, -0.000243593, 0.000327975, 0.0006234, 0.000478919, 0.000860999, 0.000985398, -0.00153427, -0.000291306, -0.000660751, -0.000292871, 0.000216258, -9.06596e-05, 0.00108008, 0.000459968, -0.000623253, -0.000311408, 0.000610617, 0.00157254, 0.00116258, -0.000872064, -0.000154754, 6.35296e-06, -0.00184624, 0.00101056, 0.000638029, 9.40584e-05, 0.000293487, -0.00209442, -0.000564877, 0.00148208, 0.00079648, 0.000709314, -0.000268538, 0.000553723, -0.00103359, 0.00039937, -0.000650884, 0.000729854, -0.000525227, -4.67987e-06, 0.000333238, 0.000768799, 0.000301196, -0.000222958, -0.00126723, -0.000972422, 0.000254135, 4.88906e-05, -0.000133974
# -7.91882e-06, 0.000165594, 1.67288e-05, -1.60054e-05, -3.18692e-06, 0.00043237, -2.64169e-05, 5.79877e-05, -1.79755e-05, -2.59248e-05, -2.73498e-05, -9.03346e-05, -0.000259959, 6.73793e-05, -0.000487695, 0.000617395, -0.000659027, -0.000131618, 0.00043921, 0.000287765, -0.000450826, -0.000174959, -0.000398966, -0.000227861, -0.000513953, 0.000479383, 6.94483e-05, -0.000300001, -0.000418169, -0.000359285, 0.00022772, -0.000408461, -0.000674135, -0.000101445, -0.000448474, -0.000219169, -6.83747e-05, -0.000203105, -0.000331615, 0.000297237, 3.60277e-05, -0.000191629, -8.19202e-05, -0.000214747, -0.000427467, 0.000321342, 4.50469e-05, -0.000224003, 0.000503831, -0.000478114, 2.03567e-05, -0.000267525, -0.000311646, -0.000453035, -0.000995403, 6.20396e-06, -0.000312041, 9.98111e-05, -0.000146218, -0.000660608, -0.00024847, -0.000739025, -0.000429125, -0.000310141, 0.000872434, -0.000775495, 0.000253648, 0.00045868, -0.00115807, -0.000153681, -0.000429824, 0.000688711, 0.00055006, -0.000537236, -0.000384292, -0.00134962, -0.000853649, -0.000455517, -1.17734e-05, 0.000821174, 0.00024254, 2.11663e-05, -0.00114591, -0.000375391, -3.69076e-05, 0.000332035, -0.000156758, 0.000644643, 0.00039959, -0.000479407, 0.000231175, -0.000174695, -0.000453408, 0.000751539, 0.000615718, -0.000436373, 0.00051056, 0.000728189, -0.00158362, 0.000204329, -0.000309247, 9.31474e-05, -0.000116437, -3.46718e-05, 0.000342543, -0.000616969, 0.000192984, -0.00052967, -0.000638286, 0.000587559, -0.00108484, -0.000295387, -0.000231079, -0.000176678
# -4.58247e-06, 3.24554e-05, -0.000144878, 1.72418e-05, -3.62692e-05, -2.64169e-05, 0.000401748, -1.19955e-05, 1.04561e-05, 3.69823e-05, -1.05493e-06, 0.000107135, -0.000136415, -0.000280203, 0.000268665, 0.000128699, 0.000253628, 0.000349419, 0.000105778, -9.2694e-06, 0.000701154, 4.59898e-05, 0.000142673, -0.000176538, 0.000243339, 6.60653e-05, -9.13965e-05, 4.28615e-05, -7.21719e-07, 0.000119949, 0.000206708, -0.000668363, 2.30363e-05, -0.000175075, -0.000475923, -7.79009e-05, -0.000178671, -0.000617963, 6.15862e-05, 5.88151e-05, 0.000297431, 0.000369924, -0.000752065, -0.000206565, 2.68019e-05, -0.000194653, -0.000240022, -0.00015297, -0.000261715, -0.000392047, -0.000285477, 0.000199257, 7.13655e-06, 9.34496e-05, 0.000124069, 8.79873e-05, -0.000597917, 1.58966e-05, 8.94496e-05, -0.000477896, -0.000149536, 0.000359035, 0.000235692, 5.18998e-05, -0.000482623, 0.000821195, 5.25176e-06, -0.000861584, 0.000563632, 0.000214088, -0.00081881, 6.04078e-05, 9.58375e-05, 0.00111602, 0.000661503, 0.000412433, 0.000680261, -0.000729498, -0.00063538, 0.000118899, -0.00143287, 0.00095515, -0.000290041, 0.00136034, -0.000388037, 0.000144857, -0.000409373, 0.00057146, 0.000631386, 0.000284491, -0.000698095, -0.000219951, 0.00136988, 0.000625932, -0.000714678, 0.000158197, 4.93047e-05, -0.000117588, -0.000344555, -0.000114701, 0.00142104, 0.000108418, 0.000524307, 0.00114972, -0.000526485, -0.000495486, 0.000778004, 0.000186315, 8.42203e-05, 3.52948e-05, 0.000388716, 4.98817e-05, 0.000185314, -0.000468359
# -3.61502e-05, 0.000177268, -8.857e-05, -7.05482e-06, 2.05696e-05, 5.79877e-05, -1.19955e-05, 0.000412645, 5.72094e-06, 7.27618e-06, 7.46232e-07, -2.0275e-05, -0.00013601, -2.744e-05, -0.000226592, -0.000532089, -0.000601934, -0.000395567, 0.000115657, -8.51977e-05, -0.000238469, -0.000317119, -0.000331725, -0.000289566, -3.34471e-05, 5.20753e-05, -9.09582e-05, -0.000224217, -0.000226178, -0.000144439, -0.000255555, -0.000695135, 0.000486261, -6.31767e-05, -0.000367176, 7.6746e-05, -0.000610285, -0.000246422, -0.000544446, 0.000290725, -4.52135e-05, -3.53266e-05, 0.00027654, 0.000106773, -0.000708341, 0.000436163, -0.000371168, 0.000413177, 0.000601289, -0.0004283, 0.000171905, -0.000472119, -6.41853e-05, -0.000345071, 0.000133852, -0.000650349, 0.000230153, -0.000473411, 0.000472933, 2.81915e-05, -0.000511648, 0.000190999, -0.000318188, 8.82341e-06, 0.0002964, 0.00153003, 0.00133635, 0.000906831, -0.000357634, 0.000592741, 0.000202759, 0.000223219, -0.000411278, 0.000576686, 0.000161432, -9.95493e-05, -0.000365133, 0.00126772, -0.00130337, 0.000190461, -4.30971e-05, 0.000998981, -0.00125606, -0.000199725, 0.000183498, 0.000157201, 0.000744924, 0.00138169, 0.00041829, -0.00110907, 0.000133444, 0.000137282, -0.000652629, -0.000455369, 0.000798833, 0.000767387, 0.00135242, -8.80698e-05, -0.000518387, -0.000137052, -0.000539147, -0.00025136, -0.000271194, -0.000602973, -3.15253e-05, 0.000852109, -0.000567439, 0.000272253, -0.00167693, 0.000195494, 0.00026102, -0.000232526, 0.000345634, 0.00127071
# -5.42615e-06, -0.000140823, -3.34562e-05, -4.02261e-05, 2.32075e-05, -1.79755e-05, 1.04561e-05, 5.72094e-06, 0.000467361, -2.50057e-05, 3.41724e-05, 0.00011393, -0.000251326, -0.000361964, 0.000742614, -0.000225465, 0.000534003, 0.000679698, -0.000185923, -0.000479506, 0.000549057, 0.000532761, 0.000356887, 0.000543675, 0.000292414, -0.000809538, 0.000145938, 0.000786786, 2.6585e-05, 0.000636356, 0.000289399, 0.000223808, -7.39736e-05, 0.000192596, 0.000571751, 0.000532678, 0.00029876, -0.00016579, 0.000701256, -9.21468e-05, -0.000377061, -2.15386e-05, -0.000340979, 0.000319512, 0.000176786, 1.60055e-05, 0.000492714, -2.70285e-05, 0.000574668, -9.24457e-05, -8.68978e-05, 0.000466657, 0.000386115, 0.000432682, -0.000218277, -0.000136989, -0.000308528, 0.000622575, 0.000528964, 3.80453e-05, 0.000172477, -0.000127159, 0.000253365, 0.000337323, -0.000183369, -4.80919e-05, -0.000456571, -0.000997925, -0.000594469, 0.0011062, -0.000407532, -0.000402138, -0.000774384, -0.000628475, 0.000810377, 0.000255922, 0.000188729, -0.0011475, 0.000122827, -0.000555941, -0.000261278, 0.000487674, 0.000744056, -0.000942331, -0.000185144, -0.000749202, 0.00044846, 0.000314487, -0.000881872, 0.000193057, 0.00196655, 0.000164439, -0.00145305, -0.00051763, 0.00119518, 0.000633479, -0.0013698, 0.000406168, -4.4931e-05, -0.000346261, 0.000562523, -0.00100575, 0.000590559, -0.000114478, 0.00138845, 0.00117695, 0.000529833, -0.000469685, -0.000893649, 0.000295954, 0.000854275, -0.000639909, 0.000330748, 0.000180525
# -4.72231e-05, 0.000128763, -8.68081e-05, -2.53608e-05, -2.6785e-05, -2.59248e-05, 3.69823e-05, 7.27618e-06, -2.50057e-05, 0.000483549, 1.9076e-05, 0.000185045, 7.89662e-05, -0.000263099, 0.000329961, 0.000315883, 0.00026238, -0.000110904, -0.000750897, 5.59316e-05, 0.000119728, 0.000247626, 0.000319138, -0.000334616, 0.000281847, 0.00012981, 0.000178356, -0.000227348, -0.000417398, -0.00046863, -0.000455076, -0.000771397, 6.19433e-05, 9.83045e-05, -0.00018409, 0.000505821, -0.000690155, -0.000498224, -9.57737e-05, -0.000343688, -0.000243143, -0.00023157, -0.000448212, -0.000519241, -0.000153638, 0.000248849, -0.000191161, -0.000315876, -0.000342196, -2.69788e-05, -0.000223428, -0.00022688, -0.000120787, 7.70525e-05, 0.000920041, -0.000127521, -0.000357768, -9.50416e-05, 0.000435492, -0.000185985, -0.000402085, 0.000205217, 8.90775e-05, -0.000356952, 0.000354505, -0.00142109, 0.000253511, 0.000566208, 0.00181506, -0.000835585, -0.00049055, -0.000939878, -0.000122708, 0.000875945, 0.000665286, 4.41368e-05, -0.000372431, -3.999e-05, 0.000155293, 0.00115814, 0.000474925, 0.00155466, 0.000345263, 0.000566805, 0.000824124, -0.000888597, -0.000451192, 0.000615919, -0.000408, 0.0013306, 0.000419412, 0.0016714, 0.00194621, 0.000282172, 0.000487318, -0.000200297, -0.000639141, -0.00070894, 0.000517016, -0.000258108, 0.000246107, 0.000159526, 0.000658705, 0.000356995, -1.41067e-05, -0.000114143, 0.000400227, 0.000952752, 0.00061632, 0.000581476, 7.28013e-05, -0.000640773, -2.83307e-05, 0.000174861
# 4.17756e-05, 0.000165082, -6.63334e-05, -3.98618e-06, 5.77884e-06, -2.73498e-05, -1.05493e-06, 7.46232e-07, 3.41724e-05, 1.9076e-05, 0.00043588, -0.000134869, -0.00013853, 0.000127802, -5.77948e-05, -8.40866e-05, 3.20938e-05, 0.000641083, -0.00023406, -0.000245925, -0.000403447, -0.000223349, -0.000719485, -9.78179e-05, -0.00079556, -0.0008606, -7.71169e-06, -0.000382608, 5.64651e-05, -6.91653e-05, -1.67435e-05, -0.000350298, -0.000126609, 2.02822e-05, -0.000566869, -0.000172797, -0.000146255, 5.61835e-05, -0.000181361, -0.000270628, -0.000328373, -0.000341206, -0.0010102, 3.89742e-05, -0.000331136, -0.000656306, 0.00014606, -0.000137958, 0.000114891, 0.000304104, 0.000419206, -0.000369549, -0.000710095, -0.000440779, -0.000172945, 0.000179653, -0.000370107, -0.000367422, -0.000824954, -0.00023734, 0.000225576, -0.000163765, -0.000319231, -0.000200723, -0.000407377, -0.000946425, 7.99485e-05, -0.00134798, 0.000647029, -0.000294, 0.000546034, -0.000366711, 0.000266865, 0.000508835, 0.00102099, 0.000803731, -0.000125678, 0.000242951, -0.000253002, -0.00069271, -0.000458061, -0.000262007, 2.57894e-05, 1.63455e-05, 0.000964787, -0.00124491, 0.000960655, -0.000750799, 0.000275558, 0.000373462, 0.0011241, 0.00162431, 0.000373755, -0.000899517, -0.000142958, -2.19575e-05, 4.94787e-05, -0.00107846, 0.000227975, -0.00108735, -0.00035527, -0.000366359, 0.000470999, 0.000360884, 0.000103115, -0.00106835, 0.000171485, 0.000434376, 0.000390408, -0.00058188, -0.000792238, 0.00162444, 0.00083015, 0.000275709
# 1.48119e-05, 0.0012001, 0.000175357, -0.00027232, -0.000162417, -9.03346e-05, 0.000107135, -2.0275e-05, 0.00011393, 0.000185045, -0.000134869, 0.013862, 4.34377e-05, -0.00585798, 0.00634507, -0.00517573, 0.00440363, 0.00262596, -0.00942443, -0.0087907, 0.0121425, 0.0143787, 0.0272741, -0.00607922, 0.0100285, -0.00745322, -0.00231493, 0.00813885, -0.00842291, -0.00507029, -0.00166506, 0.0105677, -0.0187271, 0.00125797, 0.0101835, 0.0133369, -0.0151186, -0.0183328, -0.0130614, -0.00563392, -0.00587687, -0.00358494, -0.0162986, -0.00682624, 0.00173314, -0.0138565, -0.0187184, 0.000739873, -0.000706728, 0.00533893, -0.00631338, 0.000415527, 0.00778297, 0.00774192, -2.29134e-05, -0.000266002, -0.0123283, 0.00142496, 8.04095e-05, 0.00600072, 0.00354732, 0.000701198, 0.00231357, 0.00169726, -0.00677699, 0.0043702, 0.00044434, 0.0041455, 0.00480623, 0.00400903, -0.00356093, -0.00544197, -0.00620391, 0.00507112, -0.000223338, 0.000659618, -0.00463372, 0.000330175, 0.0036584, 0.00164258, 0.000503414, -0.000979726, -0.00581189, -0.00315845, -0.000355995, -0.00104097, 0.00295889, -0.00198868, -0.00885445, -0.00194831, 0.00155355, 0.000949232, 0.000650939, 0.00930715, -0.000250428, -0.004219, -0.00299627, -0.00816228, 0.000127957, 0.000817671, 5.74229e-05, 0.00169587, 0.00135154, 0.00252815, -0.00390528, 0.00576685, 0.00134561, -0.000692171, -0.00118035, -0.00668274, 0.000938953, -0.00448581, -0.00029967, -0.00505393
# 0.000222465, -0.000306359, 0.00141266, 0.000385019, -0.000221472, -0.000259959, -0.000136415, -0.00013601, -0.000251326, 7.89662e-05, -0.00013853, 4.34377e-05, 0.0336478, -0.0032711, -0.00345935, 0.00363137, 0.00407913, -0.00448825, -0.00137258, -0.00963939, -0.00599102, 0.00954137, 0.00784093, -0.00734953, 0.00849385, -0.000139803, 0.000831514, 0.0157614, -0.00389577, 0.00441022, -0.00520393, -0.00729927, -0.0116642, -0.00023916, -0.00106865, 0.0048585, -0.00784484, -0.00297975, -0.0109702, -0.00268002, -0.00857164, 0.00558085, -0.00034614, -0.000109906, 0.00450712, -0.00321254, 0.00925693, -0.00305607, 0.00391737, 0.00458251, -0.002342, -0.00684383, -0.00500735, 0.000814524, 0.00872902, 0.00593789, -0.00245185, -0.00101841, -0.00273436, 0.00484227, -0.0057482, 0.00483797, 0.00926504, -0.00982011, -0.00248561, -0.00512611, -0.00162159, -0.00222194, -0.00755433, -0.00464922, -0.00412691, 0.0103017, 0.0208846, -0.00499923, 0.000696937, -0.00494666, -0.00741618, 0.0076062, 0.0133186, -0.00767797, 0.00712597, 0.0038216, 0.00209009, 0.00188172, 0.00798564, 0.0137528, -0.00232236, -0.00602975, 0.00167624, -0.00340256, -0.00259515, 0.00405989, 0.00456446, -0.0045064, -8.98392e-05, 0.000828529, -0.018684, -0.00256827, -0.00353241, 0.0098241, -0.00854876, -0.00362546, 0.00107474, -0.00184944, 0.0062545, 0.00242212, -0.00778814, 0.00324663, 0.000126688, 0.00152477, -0.00152956, 0.00582838, -0.00578521, -0.00599265
# -0.000593341, -0.00572649, 0.00216475, -0.000248764, 2.17152e-05, 6.73793e-05, -0.000280203, -2.744e-05, -0.000361964, -0.000263099, 0.000127802, -0.00585798, -0.0032711, 0.191485, 0.0155542, -0.0141188, 0.00136387, 0.0183239, 0.00515525, 0.0251902, 0.0209222, -0.0035992, 0.00128879, 0.0155941, -0.00154266, -0.00531918, -0.00104438, -0.0101796, 0.00523126, -0.00335744, 0.00552022, 0.0273995, 0.00871153, 0.00387304, 0.0204085, 0.00359798, 0.00511903, 0.00171907, -0.00519367, -0.000552874, 0.0075623, -0.00325884, -0.00681684, -0.000613766, -0.00334381, -0.000880254, -0.0283705, 0.00976243, 0.00567101, 0.00150208, 0.00172146, 0.0217391, 0.0260205, 0.0171222, -0.00913744, -0.00693907, -0.00122692, 0.000329085, 0.0253096, 0.00802963, 0.0215642, 0.000340675, -0.00910304, 0.0399183, 0.0461208, 0.00937322, 0.0370075, 0.00457568, -0.0436558, -0.0556996, 0.0684619, 0.0751319, 0.111515, -0.0316128, 0.0668914, -0.00638993, -0.035786, 0.0551175, -0.00164647, -0.0127905, 0.00499021, 0.0225424, -0.0671436, 0.00651171, 0.0414945, 0.0590035, -0.0632152, -0.0584317, -0.0468525, -0.0122905, -0.0107024, -0.0042481, -0.0248061, 0.0116046, 0.0124077, -0.0505417, -0.0230166, 0.0234283, 0.0166016, 0.0231908, -0.0403293, 0.00769213, 0.0198663, 0.0254974, 0.018478, -0.0169256, -0.0327777, 0.019305, -0.0283967, 0.0228351, -0.0163616, 0.0186348, 0.0206723, -0.0614514
# -0.000363304, -0.0112235, -0.00293582, -0.000510415, -0.000248086, -0.000487695, 0.000268665, -0.000226592, 0.000742614, 0.000329961, -5.77948e-05, 0.00634507, -0.00345935, 0.0155542, 0.0946546, 0.0122659, 0.0265582, 0.0224813, 0.00946931, 0.0108186, 0.0292198, 0.0219016, 0.0261308, 0.0184496, 0.0172973, 0.0111859, 0.0146384, 0.0153385, 0.0124397, 0.0177287, 0.0220296, 0.0257143, 0.0154896, 0.0173551, 0.0260642, 0.0225038, 0.00996996, -0.0057808, 0.0185857, 0.00871474, 0.0168666, 0.0125806, 0.0055783, 0.0131269, 0.018734, 0.01407, 0.00689519, 0.0161095, 0.0144987, 0.0147407, 0.0138918, 0.01787, 0.0212899, 0.0249494, 0.016267, 0.0114326, 0.011009, 0.0227101, 0.0225716, 0.0199812, 0.0184469, 0.0209702, 0.0149669, 0.0239861, -0.111655, 0.00208739, 0.00746275, -0.00622468, 0.0067264, 0.0052363, 0.0017661, 0.00738576, 0.012535, 0.000551795, 0.0238339, 0.0176492, -0.00138634, 0.0106176, 0.00453639, -0.00562007, -0.00932052, 0.00801438, -0.00714121, 0.00554534, 0.000179199, -0.00628511, 0.00515472, -0.00394444, -0.00357904, 0.018708, 0.0105643, 0.000526948, -0.00801047, 0.00200557, -0.0119053, -0.0176424, -0.0126384, -0.000464237, 0.0104593, 0.00116786, -0.00265142, 0.00494143, 0.0194475, 0.0139969, 0.00671414, -0.00519706, 0.0100263, 0.0134457, -0.0119525, 0.000770874, -0.000229731, 0.000566331, 0.00934544, -0.0285561
# 0.000218526, -0.0114715, -0.00232995, 0.000342046, 0.000415659, 0.000617395, 0.000128699, -0.000532089, -0.000225465, 0.000315883, -8.40866e-05, -0.00517573, 0.00363137, -0.0141188, 0.0122659, 0.097007, 0.0193763, 0.0138039, 0.0261536, 0.0191031, 0.00951713, 0.0108558, 0.00461169, 0.0156785, 0.0169728, 0.0280695, 0.0207655, 0.00920683, 0.0141429, 0.0127005, 0.0177114, 0.0124992, 0.0237786, 0.0127971, 0.00482183, 0.0156707, 0.0191682, 0.0192122, 0.024728, 0.0141849, 0.0225993, 0.018071, 0.0317311, 0.0196651, 0.0115762, 0.022705, 0.037461, 0.0170003, 0.0179569, 0.0160427, 0.0235327, 0.00602831, 0.0115294, 0.0101768, 0.0213445, 0.0218191, 0.0195048, 0.0126579, 0.00867671, 0.0159079, 0.0143297, 0.0119146, 0.0177522, 0.0107868, -0.00187021, -0.116354, -0.00372556, -0.00854297, 0.00135756, -0.0100231, -0.00259675, -0.00285685, 0.00222966, -0.00132912, -0.00908655, 0.00577858, 0.00439799, 0.0108028, 0.00189741, 0.00171311, 0.000211029, 0.000556568, 0.0160059, 0.0147365, 0.00693234, -0.00919656, 0.0101037, 0.00210638, 0.0116547, 0.0207267, -0.00417516, 0.00234098, -0.00633587, 0.00662282, 0.0140566, 0.000115267, -0.0285405, 0.0074838, -0.0116595, -0.00541151, -0.00317952, 0.00753165, 0.00474629, 0.00415329, 0.00981088, -0.00408525, 0.0150508, 0.0254212, 0.00946382, 0.0013157, -0.00257031, 0.0134348, 0.00610897, 0.00200679
# 7.58079e-05, -0.0113047, -0.00116597, 0.000193714, -0.0003663, -0.000659027, 0.000253628, -0.000601934, 0.000534003, 0.00026238, 3.20938e-05, 0.00440363, 0.00407913, 0.00136387, 0.0265582, 0.0193763, 0.077143, 0.0224996, 0.0119515, 0.00845368, 0.0222402, 0.021183, 0.0245307, 0.0121026, 0.0208589, 0.0126047, 0.0189653, 0.0207565, 0.0126667, 0.0186071, 0.0101281, 0.0196164, 0.0104709, 0.0158838, 0.0192969, 0.0222391, 0.0070058, 0.00233646, 0.0141746, 0.00510493, 0.0209421, 0.0110844, 0.0155701, 0.0120434, 0.0129649, 0.0136385, 0.0154857, 0.0110267, 0.0154553, 0.0170643, 0.0198922, 0.0119312, 0.0177554, 0.0165615, 0.0170996, 0.0167938, 0.00537194, 0.0169818, 0.0153497, 0.0183685, 0.0189786, 0.0196163, 0.0188083, 0.0235278, -0.00963544, -0.0191446, -0.0880909, -0.00905441, 0.00103233, 0.00765821, -0.00613622, 0.00245816, 0.00458049, 0.0117744, 0.0055932, 0.0218889, -0.0085555, 0.00230493, -0.00429509, 0.00110209, 0.00176204, 0.00249898, 0.00375238, 0.0040621, 0.012976, 0.00165287, 0.00511144, -0.00684269, -0.00900463, 0.0190804, -0.00518132, 0.0112973, -0.00108186, 0.00413534, 0.00759794, -0.00503132, -0.0197939, 0.00413077, 0.00533252, 0.00305541, -0.00835132, -0.00153665, 0.00992318, 0.00343428, 0.0130207, -0.0120785, 0.021419, 0.018035, 0.00385087, -0.0079562, -0.000530611, -0.00459755, -0.00232524, -0.0170104
# -0.000119566, -0.0116042, -0.00262632, 0.000157157, -1.2475e-05, -0.000131618, 0.000349419, -0.000395567, 0.000679698, -0.000110904, 0.000641083, 0.00262596, -0.00448825, 0.0183239, 0.0224813, 0.0138039, 0.0224996, 0.100964, 0.0233407, 0.0193615, 0.0202899, 0.0208883, 0.0243392, 0.0134201, 0.0207479, 0.0113263, 0.0168747, 0.0143267, 0.0141841, 0.0207443, 0.0218121, 0.0245249, -0.00312643, 0.0151089, 0.0188898, 0.0243753, 0.0168728, 0.0119024, 0.0219342, 0.0175088, 0.0213937, 0.0111468, 0.0145459, 0.00976424, 0.0181292, 0.0095978, 0.0100171, 0.02361, 0.0161185, 0.0197185, 0.0252421, 0.0142323, 0.0218884, 0.0206238, 0.0135972, 0.0138639, 0.0154474, 0.0217127, 0.0183969, 0.0256139, 0.025445, 0.0202013, 0.0129013, 0.0231548, 0.00728354, 0.00495429, 0.00796693, -0.130769, -0.0209339, -0.00631475, 0.0113468, 0.000301982, 0.00211454, 0.0134421, 0.00455611, 0.00686445, 0.00421718, 0.00513347, -0.00288724, -0.00580586, -0.00715352, 0.00501189, 0.0110526, 0.0044737, 0.0280652, -0.0218002, -0.00389513, -0.0174141, -0.0138485, 0.00206682, 0.0137171, 0.00406137, 0.0038605, 0.015467, 0.0214948, -0.0146097, -0.00609436, -0.0061945, 0.0124636, -0.00837465, -0.0189781, 0.00718934, 0.0110206, 0.00362192, 0.0109428, 0.0140952, -0.00284221, -0.000172249, 0.00550135, -0.0147819, -0.00610711, -0.00547373, 0.0143457, -0.0109867
# 0.000147946, -0.0139177, -0.00184064, -0.000133387, 8.05231e-05, 0.00043921, 0.000105778, 0.000115657, -0.000185923, -0.000750897, -0.00023406, -0.00942443, -0.00137258, 0.00515525, 0.00946931, 0.0261536, 0.0119515, 0.0233407, 0.100707, 0.0252395, 0.00840316, 0.00585852, -0.00245466, 0.0170875, 0.0122209, 0.0276678, 0.0206448, 0.0133403, 0.0230087, 0.0293359, 0.0180144, 0.0103172, 0.0249825, 0.0204514, 0.0112685, 0.0080917, 0.0297259, 0.0331549, 0.0292029, 0.0265742, 0.0255997, 0.0152665, 0.0387295, 0.0226689, 0.0187355, 0.0281802, 0.0302505, 0.0185809, 0.0171162, 0.0154232, 0.0197103, 0.0162945, 0.0131589, 0.0103649, 0.0234575, 0.0140275, 0.0286166, 0.0147426, 0.0215933, 0.0156079, 0.0144631, 0.0170429, 0.0143348, 0.0250646, 0.00798581, -0.00775971, 0.0135184, -0.00860193, -0.120527, -0.00602443, 0.0130516, 0.0194457, 0.00768018, 0.0219275, -0.00803525, 0.00199578, 0.000316613, -0.005262, 0.000594925, -0.0123238, 0.008783, 0.0128162, 0.0220443, -0.000231863, 0.00884594, 0.0114404, 0.00601221, -0.0166826, 0.00229658, 0.00744715, 0.000633248, -0.00354044, -0.0122224, 0.0122497, 0.00178331, 0.00224705, 0.00275658, 0.00546215, 0.000348464, -0.000347047, 0.00641025, -0.00913351, 0.00229715, -0.00324475, 0.000933371, 0.00314711, 0.0116391, 0.0254128, -0.00560206, -0.00116485, 0.00872086, 0.0153254, 0.00521969, -0.0155397
# -0.000222777, -0.0115892, -0.00149523, 4.35008e-05, -0.000346569, 0.000287765, -9.2694e-06, -8.51977e-05, -0.000479506, 5.59316e-05, -0.000245925, -0.0087907, -0.00963939, 0.0251902, 0.0108186, 0.0191031, 0.00845368, 0.0193615, 0.0252395, 0.116323, 0.0138743, -0.00209852, -0.0021229, 0.018093, 0.00567722, 0.0291741, 0.0191996, -2.43189e-05, 0.0227731, 0.0153539, 0.0199905, 0.0182795, 0.0234394, 0.00907505, 0.0117893, 0.00843131, 0.0248528, 0.0214946, 0.0264991, 0.0164816, 0.0204355, 0.0102962, 0.0331074, 0.019259, 0.0167719, 0.0242362, 0.0180184, 0.019949, 0.0161347, 0.0117464, 0.0187399, 0.0184315, 0.0154542, 0.0149753, 0.00861665, 0.00916005, 0.0256114, 0.0170115, 0.0254934, 0.00903679, 0.012203, 0.0114598, 0.00946908, 0.019713, 0.0135791, -0.00237045, 0.0147216, -0.00675228, 0.00997835, -0.162245, -0.000934602, 0.0167465, 0.0020241, -0.00808765, 0.00886219, -0.00861752, -0.0120125, 0.0112057, -0.0221878, -0.00686859, -0.00707408, -0.0117397, 0.013414, 0.0154832, 0.0167163, 0.00195827, 0.00732299, -0.0275335, -0.00514803, 0.00945232, 0.00231348, -0.00145833, -0.0115885, 0.00513076, -0.00397145, -0.005987, -0.000561047, 0.00710463, 0.00510084, -0.00828929, -0.0153398, 0.00482447, 2.46315e-05, 0.00374503, 0.00587572, 0.00387366, -0.0104173, 0.00295521, -0.00823662, 0.00538905, 0.010412, 0.00770705, 0.00864656, -0.00878682
# -0.000175599, -0.0107995, -0.00155682, -0.000275559, -4.99866e-05, -0.000450826, 0.000701154, -0.000238469, 0.000549057, 0.000119728, -0.000403447, 0.0121425, -0.00599102, 0.0209222, 0.0292198, 0.00951713, 0.0222402, 0.0202899, 0.00840316, 0.0138743, 0.0877332, 0.0256618, 0.043007, 0.0192697, 0.0243912, 0.00840277, 0.0141071, 0.0204203, 0.00803088, 0.00669922, 0.0182974, 0.0297512, 0.00606142, 0.0111071, 0.024281, 0.0223609, 0.00188758, -0.00225562, 0.00162239, 0.0101076, 0.0121527, 0.011762, -0.0015924, 0.0144385, 0.0189622, 0.00199954, -0.00262036, 0.0181098, 0.0163144, 0.022015, 0.0089174, 0.0144571, 0.0284316, 0.0257752, 0.0155875, 0.0094909, 0.00106151, 0.0143421, 0.0208006, 0.0176216, 0.0217663, 0.0177718, 0.0179539, 0.0252943, -0.0123753, 0.0108126, 0.0142029, 0.00494505, -0.00137804, -9.68377e-05, -0.0846428, 0.0046234, 0.00886153, -0.00277562, 0.0179298, 0.0100423, -0.017281, 0.0148606, 0.00885457, 0.0145397, -0.0120629, 0.00163929, -0.0126348, 0.0189785, 0.0204451, 0.0185629, -0.00199389, -0.0311763, -0.00714502, 0.0220988, -0.00206433, 0.00179451, -0.00133233, 0.00472131, 0.00848226, -0.0111837, 0.000552188, 0.000445892, 0.00868234, -0.00238923, 0.00451991, -0.00168556, 0.0221728, 0.0157751, -0.00508324, 0.00608992, 0.0253031, 0.0199999, -0.00744371, 0.00309768, 0.00560716, -0.00953424, 0.00788631, -0.0181935
# 0.000304844, -0.00997657, -0.000895214, 0.000135319, 0.000556269, -0.000174959, 4.59898e-05, -0.000317119, 0.000532761, 0.000247626, -0.000223349, 0.0143787, 0.00954137, -0.0035992, 0.0219016, 0.0108558, 0.021183, 0.0208883, 0.00585852, -0.00209852, 0.0256618, 0.0863544, 0.0452657, 0.00608077, 0.0286448, 0.00345131, 0.012855, 0.027708, 0.00932103, 0.00693447, 0.0102302, 0.0249775, -0.0173916, 0.0173523, 0.0283689, 0.0309023, -0.0058248, -0.00181905, 0.00259474, 0.0104242, 0.010768, 0.0107431, 0.00170828, 0.00805492, 0.0196125, -0.000116304, 0.000172896, 0.00925496, 0.0151638, 0.0211639, 0.0106338, 0.0163442, 0.0239355, 0.0207711, 0.0198952, 0.018024, -0.0018238, 0.0165956, 0.0126785, 0.0263241, 0.0208097, 0.0129079, 0.0221692, 0.0223701, 0.00268883, -0.00717091, -0.00246712, -0.00455672, 0.00378212, -0.000950707, 0.00066377, -0.09758, 0.0130383, 0.0151313, -0.0048975, 0.0103326, -0.00978904, 0.0157356, 0.00617202, 0.00732826, -0.00860133, 0.0150217, 0.0237871, 0.00832443, 0.0123729, 0.00144368, 0.018355, -0.0263543, -0.0111978, 0.00260103, -0.00143358, 0.0126585, 0.00452677, 0.0187141, 0.0247155, -0.00705009, -0.0245614, 0.0150379, 0.00250234, 0.00453826, -0.00844982, -0.00401726, 0.00224047, 0.0262653, -0.00097858, -0.000576889, 0.0215513, 0.0154074, 0.00190018, -0.0104195, -0.0073187, 0.011258, 0.00216803, -0.03068
# 3.26003e-05, -0.00958704, -0.000252582, -0.000414365, 0.000243103, -0.000398966, 0.000142673, -0.000331725, 0.000356887, 0.000319138, -0.000719485, 0.0272741, 0.00784093, 0.00128879, 0.0261308, 0.00461169, 0.0245307, 0.0243392, -0.00245466, -0.0021229, 0.043007, 0.0452657, 0.119165, 0.00947973, 0.0426988, 0.0057867, 0.0136782, 0.0388873, 0.00428505, 0.0103552, 0.0156856, 0.039161, -0.0227462, 0.0152287, 0.0365701, 0.0443923, -0.00872816, -0.0219309, -0.0121516, 0.00501435, 0.00833689, 0.00621265, -0.010731, 0.00621811, 0.0236973, -0.00754487, -0.024278, 0.0181247, 0.0132685, 0.0269355, 0.00312149, 0.0171205, 0.0341326, 0.0323812, 0.0236286, 0.0150926, -0.0152865, 0.0156684, 0.0173587, 0.030203, 0.0263815, 0.0197458, 0.0207681, 0.0208001, 3.78238e-05, 0.0128679, 0.00262324, -0.000598971, 0.00913027, 0.00350207, -0.00558118, 0.000627301, -0.0797053, -0.0138214, -0.00782729, -0.00774605, -0.0268656, -0.00328314, 0.00747208, -0.00265509, -0.0095049, 0.00586353, -0.0314039, 0.00313258, 0.0108838, 0.000340839, -0.00670829, -0.0277557, -0.0269525, -0.0084607, 0.00450447, 0.00436202, -0.00917657, 0.0151775, 0.00949468, -0.0312485, -0.00570059, -0.0119936, 0.00168525, -0.00459393, 0.005637, -0.00588656, 0.00637249, 0.0135433, -0.0156994, 0.0148185, 0.0135583, 0.0140728, 0.00276344, -0.017225, -0.00792031, -0.0110009, -0.00199284, -0.0161336
# -0.000293968, -0.0119463, -0.00425825, 0.000404309, -0.000155132, -0.000227861, -0.000176538, -0.000289566, 0.000543675, -0.000334616, -9.78179e-05, -0.00607922, -0.00734953, 0.0155941, 0.0184496, 0.0156785, 0.0121026, 0.0134201, 0.0170875, 0.018093, 0.0192697, 0.00608077, 0.00947973, 0.110541, 0.012114, 0.0213966, 0.0258774, 0.0097508, 0.022827, 0.0204979, 0.0275084, 0.0179578, 0.0225974, 0.0183212, 0.0206198, 0.00646608, 0.0292314, 0.0298137, 0.0234387, 0.0224895, 0.0225837, 0.00993629, 0.0327091, 0.0268308, 0.0129759, 0.0228226, 0.0290094, 0.0155205, 0.0210371, 0.0152388, 0.0236651, 0.0234504, 0.0179762, 0.0109431, 0.014583, 0.00932064, 0.0145055, 0.00819134, 0.0210929, 0.0179314, 0.0263863, 0.0148753, 0.0152888, 0.0224734, 0.0154212, 0.00619719, 0.0119147, 0.00191431, -0.00220767, 0.0170539, 0.00459504, 0.0159863, 0.0135173, -0.135739, 0.00626591, -0.000301678, -0.0162989, 0.00446088, 0.00376405, 0.0068324, -0.0111943, 0.00420735, 0.00938641, 0.00456179, 0.00802454, 0.0143116, 0.00652477, -0.0151976, 0.00829437, 0.0111767, 0.00574273, 0.0270666, -0.0244217, 0.00753295, 0.0290541, -0.00284203, 0.0184332, 0.00334247, 0.00381049, -0.00878889, 0.00654417, -0.00867987, 0.016924, 0.0155038, 0.0178413, 0.0122717, 0.00439488, 0.017872, -0.000321689, -0.010899, 0.00366115, 0.0105098, 0.0146021, 0.00467156
# 0.000253619, -0.0115606, -0.00195674, -2.15527e-05, 0.00025997, -0.000513953, 0.000243339, -3.34471e-05, 0.000292414, 0.000281847, -0.00079556, 0.0100285, 0.00849385, -0.00154266, 0.0172973, 0.0169728, 0.0208589, 0.0207479, 0.0122209, 0.00567722, 0.0243912, 0.0286448, 0.0426988, 0.012114, 0.0916717, 0.00923257, 0.0215055, 0.0286931, 0.0106021, 0.0131312, 0.0101765, 0.0258126, 0.00316101, 0.0185803, 0.0206955, 0.0266323, -0.000319411, 0.00709095, -0.00198216, 0.0119442, 0.0182368, 0.01861, 0.00737021, 0.011018, 0.017471, 0.0111237, -0.00160985, 0.0149143, 0.020197, 0.0196511, 0.0105538, 0.0167242, 0.025834, 0.0170114, 0.0193528, 0.0233471, 0.00686392, 0.0112918, 0.0193612, 0.0231464, 0.0276087, 0.0189167, 0.0161467, 0.0189831, 0.0137191, 0.0116078, 0.0053898, 0.00264457, -0.00567876, 0.0108589, 0.010464, 0.00347911, -0.00233701, 0.00202264, -0.117019, 0.00984425, -0.0125876, -0.00302077, 0.0172416, 0.0110491, 0.00953341, 0.00768995, -0.0137767, 0.0118394, 0.0159945, 0.0126097, 0.0151112, -0.0278882, 0.00530103, 0.00619987, -0.00227388, -0.00292452, 0.0104199, 0.0102997, 0.0182329, -0.0208827, -0.0034369, -0.00139588, -0.00936571, -0.00247446, -0.00110142, -0.00495896, 0.00716273, 0.0145708, 0.00716483, -0.00277712, -0.00131173, 0.0313814, 9.84307e-05, -0.000266175, -0.0147149, 0.00354347, 0.0158349, -0.0165905
# 0.000308513, -0.0103169, -0.00257668, 0.000282611, -0.00021468, 0.000479383, 6.60653e-05, 5.20753e-05, -0.000809538, 0.00012981, -0.0008606, -0.00745322, -0.000139803, -0.00531918, 0.0111859, 0.0280695, 0.0126047, 0.0113263, 0.0276678, 0.0291741, 0.00840277, 0.00345131, 0.0057867, 0.0213966, 0.00923257, 0.116644, 0.0192233, 0.0102938, 0.0217355, 0.0228903, 0.0166556, 0.00644227, 0.0341735, 0.0110192, 0.0089953, 0.00785586, 0.025733, 0.0220605, 0.0227046, 0.0181358, 0.0157234, 0.0141713, 0.0383529, 0.0203226, 0.0109654, 0.0267454, 0.0279677, 0.0115228, 0.0243733, 0.0153383, 0.0203142, 0.00370163, 0.0106937, 0.0118461, 0.019469, 0.0105578, 0.0158743, 0.0132859, 0.0185664, 0.0101143, 0.0124225, 0.0143995, 0.00319312, 0.0142465, 0.00308636, -0.00608202, 0.0115134, -0.00272524, -0.00628211, -0.0185312, -0.0174101, 0.0117099, -0.00779949, -0.0133543, -0.000714205, -0.147137, 0.00186101, -0.0128863, -0.00255121, -0.00966072, -0.00298388, -0.00127618, -0.00424886, 0.000932441, -0.00188263, -0.00885328, 0.0125336, -0.00906894, 0.0104465, 0.0256811, -0.00358769, -0.00749773, 0.00155597, -0.00659748, 0.0205493, -0.00334651, 0.000434582, 0.0160231, -0.0240851, -0.0228984, -0.00320137, 0.0197467, 0.00244622, -0.00242863, -0.00904976, 0.00986888, 0.0145705, 0.00947108, 0.0151301, -0.0033234, 0.00225281, 0.00759307, 0.0204802, 0.0134188
