# stan_version_major = 2
# stan_version_minor = 37
# stan_version_patch = 0
# model = survival_model
# start_datetime = 2026-03-12 12:15:43 UTC
# method = sample (Default)
#   sample
#     num_samples = 2000
#     num_warmup = 1000 (Default)
#     save_warmup = false (Default)
#     thin = 1 (Default)
#     adapt
#       engaged = true (Default)
#       gamma = 0.05 (Default)
#       delta = 0.8 (Default)
#       kappa = 0.75 (Default)
#       t0 = 10 (Default)
#       init_buffer = 75 (Default)
#       term_buffer = 50 (Default)
#       window = 25 (Default)
#       save_metric = false (Default)
#     algorithm = hmc (Default)
#       hmc
#         engine = nuts (Default)
#           nuts
#             max_depth = 10 (Default)
#         metric = dense_e
#         metric_file =  (Default)
#         stepsize = 1 (Default)
#         stepsize_jitter = 0 (Default)
#     num_chains = 1 (Default)
# id = 3
# data
#   file = /Users/dansprague/Documents/PhaseSkate/benchmarks/scaling/data/data_H50.json
# init = 2 (Default)
# random
#   seed = 42
# output
#   file = /Users/dansprague/Documents/PhaseSkate/benchmarks/scaling/stan_output/survival-20260312081543_3.csv
#   diagnostic_file =  (Default)
#   refresh = 100 (Default)
#   sig_figs = 8 (Default)
#   profile_file = profile.csv (Default)
#   save_cmdstan_config = false (Default)
# num_threads = 1 (Default)
# stanc_version = stanc3 v2.37.0
# stancflags = --filename-in-msg=survival.stan
lp__,accept_stat__,stepsize__,treedepth__,n_leapfrog__,divergent__,energy__,log_alpha,beta_0,beta.1,beta.2,beta.3,beta.4,beta.5,beta.6,beta.7,beta.8,log_sigma_int,log_sigma_slope,rho,z_int.1,z_int.2,z_int.3,z_int.4,z_int.5,z_int.6,z_int.7,z_int.8,z_int.9,z_int.10,z_int.11,z_int.12,z_int.13,z_int.14,z_int.15,z_int.16,z_int.17,z_int.18,z_int.19,z_int.20,z_int.21,z_int.22,z_int.23,z_int.24,z_int.25,z_int.26,z_int.27,z_int.28,z_int.29,z_int.30,z_int.31,z_int.32,z_int.33,z_int.34,z_int.35,z_int.36,z_int.37,z_int.38,z_int.39,z_int.40,z_int.41,z_int.42,z_int.43,z_int.44,z_int.45,z_int.46,z_int.47,z_int.48,z_int.49,z_int.50,z_slope.1,z_slope.2,z_slope.3,z_slope.4,z_slope.5,z_slope.6,z_slope.7,z_slope.8,z_slope.9,z_slope.10,z_slope.11,z_slope.12,z_slope.13,z_slope.14,z_slope.15,z_slope.16,z_slope.17,z_slope.18,z_slope.19,z_slope.20,z_slope.21,z_slope.22,z_slope.23,z_slope.24,z_slope.25,z_slope.26,z_slope.27,z_slope.28,z_slope.29,z_slope.30,z_slope.31,z_slope.32,z_slope.33,z_slope.34,z_slope.35,z_slope.36,z_slope.37,z_slope.38,z_slope.39,z_slope.40,z_slope.41,z_slope.42,z_slope.43,z_slope.44,z_slope.45,z_slope.46,z_slope.47,z_slope.48,z_slope.49,z_slope.50
# Adaptation terminated
# Step size = 0.364849
# Elements of inverse mass matrix:
# 0.00048974, -6.1577e-05, -4.66052e-05, -5.34525e-06, -5.74631e-05, 3.80048e-05, -8.7759e-05, 4.94717e-05, -6.99013e-05, 1.50871e-05, -2.06671e-05, -6.23166e-05, 3.60051e-05, 5.88023e-05, 0.000112933, 0.000526986, -2.64201e-05, -9.0078e-05, -0.000429396, -7.93121e-05, -0.000207651, 0.000461042, -0.000514868, 0.000163364, -0.000228072, -7.5067e-05, 5.84914e-05, -0.000345543, 0.000421259, -0.000164756, -0.000418612, -0.00111943, -0.000311985, -0.000789221, -0.000612157, -0.000180569, 0.000429562, 2.32807e-05, 0.000294068, 0.000152872, -2.30284e-05, 4.7812e-05, -1.3256e-05, 8.96467e-05, -0.000273687, 0.000411138, 4.08962e-05, -0.000152141, 0.000286844, 0.000434057, 5.57441e-05, -0.000698043, -0.000379506, 0.000297241, 0.000246927, 0.000470396, -2.91664e-05, -0.000356441, -6.14265e-05, -0.000644137, -5.7588e-06, -0.000402501, 3.4753e-05, -0.000575186, -0.00129409, -0.00146255, -0.000125275, 8.52224e-05, 0.000881948, 0.00127281, 0.00107643, -0.000640066, 0.00143496, 0.000291425, -0.000353148, 0.000137344, 0.000245128, -0.000575633, -0.0014151, 0.000701871, 0.000647593, 0.00088354, 0.000285177, 0.00159104, 0.000587197, 0.000449366, 0.000518757, -0.000411019, -0.00129171, -0.000683971, 0.000425888, 0.000937665, 0.000932936, -0.000309608, 4.4559e-05, -0.00125624, -0.000457127, 0.000435108, -2.49505e-05, -0.000257005, -1.99643e-05, 0.00156019, 0.000517092, -0.000148563, -0.000540806, -0.000975547, 0.00017099, 0.00150078, 0.00164491, 0.00224346, 0.000184953, 0.000576478, 0.000627762
# -6.1577e-05, 0.00846983, 9.40765e-06, -0.000187152, 2.89012e-05, 1.86467e-05, 1.57419e-05, -0.00020989, 3.27482e-06, -5.74687e-05, 0.000583654, 0.000227349, 0.00389662, -0.0138954, -0.0136209, -0.0119906, -0.0110074, -0.0145782, -0.0114616, -0.0112321, -0.0102841, -0.0122362, -0.0114216, -0.0116916, -0.0128671, -0.0124959, -0.0124715, -0.0122525, -0.0140934, -0.0133017, -0.0114446, -0.0125016, -0.0117405, -0.0113147, -0.0104392, -0.0126677, -0.0119322, -0.0100011, -0.0132837, -0.0105872, -0.012746, -0.0119249, -0.0116033, -0.012802, -0.0114611, -0.0123304, -0.0123627, -0.0108895, -0.0110848, -0.0101374, -0.0137913, -0.0102535, -0.0114982, -0.0126792, -0.0119527, -0.01199, -0.0114098, -0.0119512, -0.0101489, -0.0121528, -0.0125249, -0.0120961, -0.0105306, 0.00351397, 0.00231888, 0.00288721, -0.000133028, 0.00129859, -0.00348715, 0.00019372, -0.00236208, 0.00748395, 0.00209201, 0.000358239, 0.000679078, 0.00260702, 0.000315952, -0.00119639, -0.000439665, -0.00190733, 0.00307904, -0.00117104, 0.00102605, -0.000941382, 0.000660767, -0.00791691, 0.000600756, -0.0113569, 0.000223308, -0.000851087, 0.00573032, 0.000175742, 0.00109353, 0.00269652, -0.000319621, -0.00395148, 0.00341441, -0.00318116, -0.00439684, -0.00333076, 0.00120877, 0.00022001, -0.000493947, 0.00251215, 0.00221899, -0.00556197, -0.0030114, 0.0019659, 0.00147239, 0.00354653, -9.97825e-05, 0.00429298, -0.000844161
# -4.66052e-05, 9.40765e-06, 0.000396544, -2.76608e-05, 1.66865e-05, -8.17326e-06, 1.86678e-05, -4.29113e-05, 2.92873e-05, -6.99186e-05, 4.48542e-05, 0.000237065, -0.00103931, -0.000219954, 0.000306055, 0.000198299, 0.000388559, -0.000100948, -0.00039479, -0.00022047, 0.000102062, 3.15902e-05, -0.000380997, 0.000153343, -4.91761e-05, 0.000331044, 0.000192382, -0.00025338, -0.000300568, -0.000435107, 1.29239e-05, -0.000274069, 0.000106377, 0.000249015, 0.00031735, -7.73803e-05, 0.000597662, 0.000423651, 7.15067e-05, 0.000145209, 0.000276416, 0.000278279, -0.000165222, -0.000267087, -0.000325875, 3.62171e-05, 0.000103429, -0.000131254, 0.000146071, 0.000579646, -0.000153614, 0.000341963, 0.000398387, 3.42727e-05, 0.000236972, 0.00055104, -0.000205576, 0.00014433, 2.6422e-05, 0.00022123, 0.00039646, 0.000313187, -0.000595841, 0.000575694, -0.000823098, -0.00120928, -0.00139392, 0.000765389, -5.72533e-05, -0.000590771, 4.26523e-06, -0.00116061, 0.000222404, -0.00034095, 1.52532e-06, -0.000497699, -0.000674986, 0.00059284, 0.000512603, 0.000759231, -5.20576e-05, 0.000348749, 0.000157336, 0.000440801, -0.000372399, 0.000572276, 0.000211978, 0.000815323, 0.00142338, 0.000317351, -0.00154653, -0.000534825, 0.000465212, 7.3502e-05, 0.00161593, 0.000704353, 0.000990905, 0.000817823, -0.000688921, -0.000446521, 0.000692491, -0.00153769, -0.00119306, -0.000386439, -0.000213245, -0.00180292, 0.000687906, -0.000467906, -0.000263407, -0.000875672, 0.000125988, -0.000404921, 0.00049595
# -5.34525e-06, -0.000187152, -2.76608e-05, 0.000415926, -5.28403e-07, -5.30155e-05, 2.60325e-05, 3.92177e-05, -4.10343e-06, 2.60335e-06, -0.00015171, -0.000213501, 0.000490279, -7.13144e-05, 0.000109667, -6.115e-05, -0.000343177, -9.24919e-05, -6.8423e-06, 0.000294047, 0.000209606, 0.000130631, 0.0003049, 0.000507773, 0.000567245, 8.97949e-05, 1.34936e-05, 0.000147147, -0.000591875, 0.000614848, 0.000500714, 0.000961805, 0.000106312, 0.000296948, -0.000284381, 0.000332076, 0.000101478, 0.000122273, 0.000804112, 0.000249054, -9.20139e-05, 0.000401466, 0.000235822, 0.000172259, -0.000407616, 4.19883e-05, -0.000206833, -0.000376998, -0.000466141, 0.000422197, 0.000521192, 0.000299028, 0.000234775, 0.0006833, 0.000466797, -2.00019e-05, 0.000247326, 0.000418306, 3.55624e-06, 0.000745668, -0.000405829, -6.27546e-05, 0.000654249, 0.00105778, -0.000450932, 7.85367e-05, -0.000397971, 0.00071093, 0.000460784, -0.00035409, -0.00035844, -0.00051319, -0.000821389, -0.0013804, -3.62669e-05, -0.000940697, -0.000510331, 0.00116019, 0.000741244, 0.000797702, -0.00152736, 0.00130201, 0.000194988, -0.000322455, 0.00239555, -0.00176987, -0.0006416, 0.00028991, -0.00145173, -6.61783e-05, -0.000137386, 0.000198298, -0.000141822, -0.000514234, 0.0013513, 3.27236e-05, 5.30844e-05, 0.000443254, 0.00171696, -0.000564216, 0.000438983, -2.9662e-05, 0.000165883, -0.000710879, -0.000319364, 0.000710769, -0.000400698, -0.0004536, 0.000204488, -0.00114124, -0.000431369, 0.000192223, 0.000679554
# -5.74631e-05, 2.89012e-05, 1.66865e-05, -5.28403e-07, 0.00039282, -3.74905e-05, 4.11651e-05, 1.15745e-05, -7.96789e-06, 2.50411e-06, 0.000104463, -3.38166e-05, -0.000108305, -0.000196485, 0.00049257, -0.000278614, -0.000275443, 0.000161734, 0.000466207, 1.89694e-05, 0.000255457, -0.00024594, -0.000222708, -0.0001425, 0.000568706, -4.0649e-05, 0.000294262, 0.000375442, 6.47609e-05, -0.000552851, -0.000146647, -0.000396578, 0.000413714, -0.000133203, 0.000258671, -0.000130017, -5.45985e-05, 9.45764e-05, 0.000486934, 2.37385e-05, -1.73018e-05, 2.99547e-05, 4.08676e-05, -0.000177013, -0.000531545, -5.39266e-05, -0.000306013, 0.000317416, 4.04814e-06, 0.000273374, -0.000116032, 0.000724595, 0.000442397, -0.000506408, 0.000125353, -0.000647446, 0.000368116, 0.00017994, 0.000116592, -0.000440376, 0.000162167, -0.000280205, 0.000388971, 0.00064398, 0.00103234, 0.000234985, 0.000607524, -0.000450786, -0.000324563, 5.8065e-05, -7.43294e-05, 0.00175331, 0.000105056, 9.86395e-06, -0.000891991, -0.000296061, -0.000200303, 0.000172034, 0.00060994, 0.00113717, 0.00150743, -0.000501486, 0.000499115, 0.00119798, 0.000540824, 0.00114148, 5.72863e-05, -0.000436483, -0.00143509, -0.000440792, -0.000306161, -0.00069698, -0.000584866, 4.07123e-05, 0.00151402, 0.000411945, -0.000137854, 0.000374411, 0.000849729, 0.000284907, -0.00136039, -0.00204453, -0.00105944, 0.00162982, -0.000694322, 0.0012149, -7.42953e-05, -0.000253337, -0.00056369, 0.000740752, -0.000305811, 0.00054305, -0.00174319
# 3.80048e-05, 1.86467e-05, -8.17326e-06, -5.30155e-05, -3.74905e-05, 0.000426916, -5.6302e-05, -9.71915e-06, -6.04915e-05, 2.19383e-05, 4.32666e-05, 0.000203953, -0.000216406, -0.000175662, -0.000128092, 0.000195367, 0.000130785, 0.000442756, -0.000301035, 0.000218925, -0.000355374, -0.000215788, 0.000174429, 0.000227032, 0.000174763, -0.000387762, -1.97815e-06, -0.000104678, 0.000268471, 7.18263e-05, -4.32126e-05, -4.08032e-05, -0.000456403, 8.48955e-06, 0.000145574, -0.000622518, -0.000533371, -1.75922e-05, -5.58406e-05, 0.000197509, 5.3411e-06, -0.000140455, 9.74573e-05, 5.05445e-05, -0.000175376, 2.68715e-05, 0.000223784, -0.00060357, -0.000115889, -0.000317865, 0.00029268, -0.000514834, 0.00017594, -5.44714e-05, 0.000207471, 0.000267509, -0.000195755, -0.000413405, 0.00069255, -0.000418829, -0.000174294, -0.000476522, -0.000237253, -0.000577435, 0.000189435, -0.000420819, -8.05732e-06, -0.000991529, 0.00147382, 0.000427574, 0.00122205, 0.000747927, 0.000275724, -0.000941945, -0.000606749, 0.000271099, -0.00045706, -8.38157e-05, -0.000404939, -0.000129296, 4.64371e-05, -0.000422118, 0.00124224, -0.00155036, -0.000496327, -6.54103e-05, 0.00216837, 0.000878952, 0.000139639, -0.0010656, 0.00211724, -0.000892172, 0.000311569, -0.000106242, -0.000854788, 0.000260619, 0.000693604, 0.000890643, -0.000669302, 0.00124023, -0.000125692, 0.000463438, 0.000323904, 0.000876677, 0.000315971, -0.000857505, 0.000358455, -6.27379e-05, -0.00165453, 0.000868338, -2.63043e-05, 0.00170155, -0.000116301
# -8.7759e-05, 1.57419e-05, 1.86678e-05, 2.60325e-05, 4.11651e-05, -5.6302e-05, 0.000468777, 3.26294e-05, 4.50865e-05, -4.76534e-06, -3.68553e-05, 8.31926e-05, -7.55276e-05, 0.000302605, 0.000343763, -6.3215e-05, -0.000147424, -2.4144e-05, 0.000311492, -6.26367e-05, -0.000113411, 0.000158288, 0.000551037, 0.000184519, 0.00127073, 0.000505572, 0.000522091, 0.000336461, -7.91513e-05, -0.000114972, -0.000255939, 0.000638792, 0.000310711, -0.000212284, 0.000357239, -7.96679e-05, 0.000604815, 0.000327206, -0.00054475, -0.000198456, 0.000250804, 0.000426529, -0.000215901, 0.00018601, 0.000409772, -1.65711e-05, -5.49725e-05, 0.000254708, 0.00017164, 0.000129477, -0.000351616, -0.000235976, 2.66302e-05, -4.66535e-05, -1.78308e-05, 0.000227154, 9.15121e-05, 0.00017897, -0.000178892, 0.000157148, -0.000242009, 7.13644e-05, -7.26751e-05, 1.685e-06, -0.000829515, 0.000780944, 0.000634103, 0.00028678, -6.84999e-05, -4.82302e-05, 0.000448702, -0.00131559, -0.000698335, -0.000953735, -0.00201248, 0.000690076, -0.000156339, 8.95689e-07, 0.00134675, -0.00037138, 0.00100314, 0.000947591, -0.000811113, -2.14965e-06, -0.00102663, -0.00173379, -0.000644625, 0.000553985, 0.000709791, 0.00150182, -0.00190204, 0.000992022, -0.000842038, -0.0011778, -0.000830154, 0.000480261, 0.000201564, -0.000945587, -1.17515e-06, 3.16259e-05, -0.000625104, -0.00114106, -0.00126344, 0.000755854, -0.000717648, 0.00155044, 8.23406e-05, -0.000249401, 0.000640408, -0.00141097, 0.0011303, 0.000327341, 0.000114052
# 4.94717e-05, -0.00020989, -4.29113e-05, 3.92177e-05, 1.15745e-05, -9.71915e-06, 3.26294e-05, 0.000436672, -1.65362e-05, 5.95401e-05, -0.000154486, -0.000276841, 4.03548e-05, 0.000880893, 0.000101213, 0.000557088, 0.000236609, 8.208e-05, 0.000730521, 0.000371733, -0.000473496, -0.000190018, 0.000242283, 0.000622663, 0.000306249, 0.001156, 0.000384418, 0.000218219, 0.00101965, 0.00109016, -0.000174409, 0.000573789, 0.000275484, 0.000255842, 8.94782e-05, 0.000121037, 0.000161891, 0.000126091, 0.000272692, 0.000484657, 0.000253447, 0.000276777, 0.000736324, -4.25134e-06, 0.000365062, 0.000633507, 0.000349091, 0.000396333, -0.000161867, 2.90571e-05, 0.000633766, 0.000142664, 6.93547e-05, 0.000424997, -5.68986e-05, 0.000252304, 0.000477944, -6.57468e-05, -0.000285032, 0.000561201, 0.000412917, -0.000361956, 0.000791959, -0.000412245, 0.000171859, -0.000815507, 0.00149514, 0.000249911, -0.000946839, -0.000687588, 0.000686537, 0.000457698, 0.000332332, -0.00089475, 0.00053476, -0.000236557, -0.000624377, 0.00113446, -1.92043e-05, -0.000895727, 0.00027497, -0.00172079, -0.000731522, -0.000154179, -0.000213121, 0.000392769, -0.000604283, -0.00035129, -9.40724e-05, -0.00032653, 0.000818919, 0.000358059, -0.00173952, -0.000887992, 0.000361932, 0.000267082, -0.000835102, 0.000643701, 0.0019159, -0.000779732, 0.000321444, 0.000463713, -0.00014639, 0.000211813, 0.000609388, 0.000398135, -0.000605488, 0.00144903, 0.0014662, -0.000570335, -3.69337e-05, -0.000336837, -0.000971101
# -6.99013e-05, 3.27482e-06, 2.92873e-05, -4.10343e-06, -7.96789e-06, -6.04915e-05, 4.50865e-05, -1.65362e-05, 0.000418357, -2.89788e-05, 0.00012801, 0.000151322, 0.000204003, 0.000122127, 0.000655122, 0.000473188, 0.000331804, 6.02126e-05, -0.000223583, -0.000122852, 0.000949481, 0.000408507, 0.000492606, 0.00014957, 0.00018077, 0.000503656, 0.000344464, -3.50303e-05, -0.00031701, -0.000549901, -0.000181282, 0.000837948, 0.000187246, 0.000146409, 0.000666295, 0.000209327, -0.000570243, -0.000356532, -6.05325e-05, 0.00015156, 0.000213865, -0.00047534, 3.84489e-05, -1.73824e-05, 0.000575706, -4.25242e-05, 0.000138199, -0.000528037, 0.00027769, 5.84171e-05, 0.000468109, 8.6128e-05, 0.000895191, 0.000281021, 0.000279536, -0.00031718, 4.59225e-06, 0.000284561, 5.66658e-06, 0.00071904, 0.00016414, 0.000783935, 7.66628e-05, 0.000876242, -0.000279449, 0.000239191, -0.000845136, -0.00130621, 0.000496648, -9.36816e-05, -0.00120148, -0.000563131, -0.00111274, 0.000110916, -0.000935051, -0.00137003, -0.0016366, -0.000103112, 0.000563657, 0.000368026, 0.000138396, -0.000780011, -0.000633927, 2.74635e-05, -0.00112664, -0.00161245, -0.00067403, 0.000644917, 0.0010121, 0.000158314, -0.000341807, 0.000859218, -0.000968078, 0.00113234, -0.000369156, -0.000551993, -0.000268261, 0.000282737, -0.000194675, 0.000188734, -0.000368147, 0.000756523, -0.00118421, -0.000473557, -0.00149819, -0.00050206, 0.00110759, 0.000538129, -0.000128718, -0.00191324, 0.000677505, -0.00156517, -0.000423258
# 1.50871e-05, -5.74687e-05, -6.99186e-05, 2.60335e-06, 2.50411e-06, 2.19383e-05, -4.76534e-06, 5.95401e-05, -2.89788e-05, 0.000432251, -0.000172755, -0.000447436, 0.000811499, 0.000352533, 0.000117733, -0.00014895, 0.000157345, 0.000187459, 0.000599688, -7.54109e-05, -0.000239463, -0.00113888, 0.000550665, -0.000180975, -0.000614939, -0.000264082, -6.12379e-05, 0.000267698, 0.000517976, 0.000500208, 0.000211837, 0.00111157, -0.000280868, 8.95584e-05, -9.88868e-05, -0.000195718, -0.000633081, -0.000744322, -0.000544641, 0.000412492, 0.000261402, -0.000377168, -8.08524e-05, -4.28341e-05, -6.22233e-05, 0.000766752, 0.000199304, 0.000198466, -7.35261e-05, 0.000174285, 0.000479296, 0.000229582, 9.61161e-05, -0.000274446, 0.000214236, -0.00020382, -0.000186132, 0.000351082, 0.000678214, 0.00028715, -2.87111e-06, -0.000573477, 0.00012482, -0.000654043, -1.93812e-05, 0.000640113, 0.000802202, -0.00100478, 0.000215469, 0.00117191, 9.64583e-05, 0.00167978, -0.000747177, 0.00070118, 0.00109936, 0.00160993, 0.000881268, -0.00109587, 0.000228339, -0.0016808, -0.000841854, 5.09429e-06, -0.000611724, -0.0010085, -0.000450785, 0.000539108, 5.39455e-05, -4.03701e-05, 0.00139978, -0.00151734, 0.000422378, 0.000342582, 0.000193829, -5.15493e-06, -0.00124003, -0.000417558, -0.0012627, 0.000433362, 0.000651318, 0.000511015, -0.0016312, -0.000113365, -0.00085541, -5.28964e-08, -0.000643778, -3.3239e-05, 6.68948e-05, -8.59892e-05, -0.000368908, -0.000141699, 0.000952573, 0.000435988, -0.000477578
# -2.06671e-05, 0.000583654, 4.48542e-05, -0.00015171, 0.000104463, 4.32666e-05, -3.68553e-05, -0.000154486, 0.00012801, -0.000172755, 0.0135884, 0.00114186, -0.00718757, 0.00738925, -0.00258624, 0.00694316, 0.0017433, -0.00828763, -0.00391955, 0.0124889, 0.0168941, 0.0279991, -0.000591373, 0.0106002, -0.00699987, -0.00337624, 0.00891971, -0.00764384, -0.00357954, -0.00289773, 0.00650288, -0.0137473, 0.00150851, 0.0104706, 0.0139958, -0.0129565, -0.0189585, -0.0153784, -0.00796766, -0.00889836, -0.00401023, -0.0124698, -0.00492235, 0.00520716, -0.0155814, -0.0198758, -9.68628e-05, 0.00276686, 0.00712226, -0.00625222, -0.00385829, 0.00982264, 0.00796421, 0.00161123, 0.00242564, -0.0119816, 0.00196674, 0.0018392, 0.00876355, 0.00554692, -0.000298986, 0.00671292, 0.00108248, 0.0012363, 0.00259536, -0.000359728, -0.00288099, 0.00444827, -0.000311491, 0.000570481, -0.00201223, -0.00536596, 0.000754356, 0.00101357, 0.000491601, 0.00382588, 0.00430857, -0.00409217, 0.00071847, -0.00185006, 0.00568057, -0.00805414, 0.00588595, 0.00290492, 0.000655248, 0.00337562, -0.00952639, -0.00705034, 0.00396969, 0.00126985, 0.00459118, -0.00514395, -0.000565651, -0.000481605, 0.0049459, -0.00503743, 7.28325e-05, -0.00304799, -0.00528906, 0.00386546, -0.00682969, -0.000723922, 0.00116471, -0.00356198, 0.00316609, 0.00288352, 0.00209637, -0.00259596, -0.00494867, 0.000876044, 0.00774885, -0.00263647, 0.00148362
# -6.23166e-05, 0.000227349, 0.000237065, -0.000213501, -3.38166e-05, 0.000203953, 8.31926e-05, -0.000276841, 0.000151322, -0.000447436, 0.00114186, 0.0303796, -0.0158204, -0.00603328, 0.00328357, 0.00143956, -0.00478435, -0.00318822, -0.00694595, -0.00589661, 0.00474822, 0.014484, -0.0106622, 0.00867561, -0.000698393, -0.00243904, 0.00956482, -0.00281556, 0.00657704, -0.00307662, -0.00214086, -0.00484712, -0.000684733, -0.00441462, 0.00613943, -0.00548677, -0.00584299, -0.00438149, 0.00505728, -0.00692281, 0.00763275, 0.00410184, -0.000448176, 0.00094816, 0.000299054, 0.00681568, 0.00316617, 0.00193024, 0.00496198, -0.00374813, -0.00655072, -0.00313228, 0.00157014, 0.0050128, 0.00225046, -0.00316764, 0.0050826, -0.00372036, 0.00352937, -0.00292965, 0.00376402, 0.00942888, -0.00967155, 0.0103694, -0.00390067, 0.000915009, 0.0147367, 0.0129395, -0.00301888, -0.00624056, 0.00676889, 0.00473871, 0.00557384, -0.00116413, -0.00419195, 0.00353558, 0.00681297, 0.00753484, -0.00249136, 0.0114741, -0.0149954, 0.0134457, -0.00679698, -0.0090186, 0.00141905, 0.00109867, 0.00405996, 0.00332708, -0.00385114, 0.00283982, -0.000197538, -0.00175716, 0.00217277, -0.00118313, 0.00304916, -0.00966364, -0.000549435, -0.000852115, 0.00526413, -0.00118417, 0.0033156, -0.00692616, -0.00237202, 0.00251462, 0.000596662, 0.00210949, 0.00798468, -0.000401858, -0.0083875, -0.00720306, -0.00995979, 0.00306653, -0.00405706
# 3.60051e-05, 0.00389662, -0.00103931, 0.000490279, -0.000108305, -0.000216406, -7.55276e-05, 4.03548e-05, 0.000204003, 0.000811499, -0.00718757, -0.0158204, 0.187485, -2.85378e-05, -0.00838643, -0.0081666, 0.00140765, -0.0154281, -0.00431565, 0.0227054, -0.0198075, -0.02143, 0.00597221, -0.0190245, -0.0164079, 0.00391879, -0.0261785, 0.00446409, -0.0265969, -0.000811759, 0.00492533, -0.00144438, -0.00230433, 0.0059334, -0.00581134, -0.0100118, -0.0228711, -0.021408, -0.0124829, 0.00363821, -0.0150042, -0.013916, -0.00577767, -0.00487085, -0.0101411, -0.0327055, -0.00795347, -0.0134299, -0.0153789, 0.00568805, 0.00996138, 0.0155945, 0.00159829, -0.0167231, -0.0160911, -0.000962674, -0.0213424, 0.00424267, 0.000252086, -0.000658636, -0.00432164, -0.0241708, 0.019717, 0.025843, 0.00326035, 0.0318707, 0.00341271, -0.0306424, 0.0200264, 0.034517, 0.0940224, 0.14449, -0.00818887, 0.0857951, -0.00997787, -0.040167, 0.0424289, -0.0231263, 0.0140308, 0.00116322, 0.0542965, -0.0606134, 0.0164486, 0.0369657, 0.0483678, -0.0558465, -0.0195714, -0.023068, -0.0233268, -0.0313348, -0.00395005, -0.0654717, -0.0213539, -0.00114598, -0.0260929, -0.0442007, -0.00569378, 0.031317, 0.0508478, -0.0442739, -0.00632449, 0.0253845, 0.0377826, 0.0294536, 0.0301753, -0.0389139, 0.0101247, -9.55953e-05, 0.0267442, 0.034645, 0.00739248, 0.0191604, 0.00549331
# 5.88023e-05, -0.0138954, -0.000219954, -7.13144e-05, -0.000196485, -0.000175662, 0.000302605, 0.000880893, 0.000122127, 0.000352533, 0.00738925, -0.00603328, -2.85378e-05, 0.0990731, 0.0247649, 0.02748, 0.0284815, 0.0143947, 0.0189228, 0.0313916, 0.0236501, 0.0395326, 0.0200095, 0.0246147, 0.020991, 0.0232283, 0.025357, 0.0177302, 0.0203587, 0.0222692, 0.0204747, 0.00223635, 0.0219011, 0.0197275, 0.0252434, 0.0163989, 0.0065993, 0.0101745, 0.0134749, 0.00720175, 0.0152297, 0.0129998, 0.0169477, 0.027456, 0.0129584, 0.00848169, 0.0155245, 0.0197835, 0.0302022, 0.0157033, 0.0195902, 0.0261301, 0.0292706, 0.0239133, 0.0200116, 0.00833754, 0.0224883, 0.026114, 0.0200578, 0.030344, 0.0195775, 0.0184558, 0.0249989, -0.120292, 0.00116788, -0.0128714, -0.0102874, 0.0138574, 0.00282921, 0.00210885, 0.00974462, -0.0181514, 0.00799118, 0.00342156, -0.00826158, 0.00234739, -0.00776108, -0.00667764, 7.46144e-05, -0.00555817, 0.00509512, 0.00375451, -0.00108506, 0.0169668, -0.00293291, 0.0105605, -0.0227706, 0.00693894, -0.00656725, 0.0113577, -0.00968636, 0.00337102, 0.0025705, -0.0193122, -0.022392, -0.00569052, 0.0035008, 0.00753736, -0.00591192, 0.00145124, -0.00865722, 0.00105276, -0.00262737, -0.00720529, 0.00422419, 0.0344584, -0.00958086, -0.024434, 0.00575275, -0.0251437, 0.0106479, 0.00101049, 0.000137869
# 0.000112933, -0.0136209, 0.000306055, 0.000109667, 0.00049257, -0.000128092, 0.000343763, 0.000101213, 0.000655122, 0.000117733, -0.00258624, 0.00328357, -0.00838643, 0.0247649, 0.0975728, 0.0127193, 0.020663, 0.0297914, 0.0117816, 0.0168485, 0.0221735, 0.0155025, 0.0206494, 0.0143675, 0.0377703, 0.0232509, 0.0228757, 0.0233458, 0.0282763, 0.0153273, 0.0237692, 0.0143613, 0.0198932, 0.00471215, 0.0176899, 0.0287474, 0.0203877, 0.0165628, 0.0231541, 0.0196067, 0.0239279, 0.0157876, 0.014829, 0.0205748, 0.0246418, 0.0243281, 0.0249478, 0.014262, 0.024957, 0.0186445, 0.0222659, 0.0205554, 0.0293907, 0.0166892, 0.0231429, 0.0208776, 0.0178224, 0.0221901, 0.0194331, 0.0271691, 0.0326173, 0.0187135, 0.0168533, -0.0102294, -0.114929, 0.00323646, 0.0040101, -0.00605956, 0.0175309, 0.0012012, 0.00291518, -0.00738373, -0.00116144, 0.0095446, -0.0285189, -0.0134186, -0.0102531, -0.00307719, 0.000461465, 0.000127527, -0.0215842, 0.0213849, 0.0071898, 0.0156874, -0.00388547, -0.00493771, -0.0107474, 0.03904, 0.00138914, -0.0171659, -0.0128284, 0.00353362, 0.0178356, -0.000271893, -0.00678832, 0.00726166, -0.0105663, -0.000368307, -0.00956191, 0.00742927, -0.00408867, -0.0192212, -0.0171113, 0.0117714, -0.0205858, 0.0162267, 0.00091382, 6.47061e-05, -0.00606931, -0.0250149, -0.0214942, 0.0158322, -0.0166867
# 0.000526986, -0.0119906, 0.000198299, -6.115e-05, -0.000278614, 0.000195367, -6.3215e-05, 0.000557088, 0.000473188, -0.00014895, 0.00694316, 0.00143956, -0.0081666, 0.02748, 0.0127193, 0.0860487, 0.0218504, 0.0166449, 0.011104, 0.0234501, 0.0291416, 0.0355975, 0.0130738, 0.0227015, 0.0136675, 0.0225716, 0.0260668, 0.0113137, 0.0226919, 0.0123375, 0.0183637, 0.0126052, 0.017302, 0.0273602, 0.0219419, 0.0081856, 0.00618511, 0.00929582, 0.0229113, 0.0146779, 0.0147546, 0.0160261, 0.0151457, 0.0192642, 0.0106554, 0.000656044, 0.019639, 0.0152809, 0.0199662, 0.0140769, 0.0164659, 0.0218327, 0.0141251, 0.0200505, 0.0183573, 0.0124393, 0.0189436, 0.01957, 0.0215517, 0.0192166, 0.0208557, 0.0230825, 0.0102239, -0.015651, 0.00967556, -0.108311, -0.0081356, 0.00968132, 0.00441694, 0.000103262, -0.00156531, -0.0154122, 0.00319356, 0.00739439, -0.00923756, -0.0140781, -0.00688022, -0.00720764, -0.011805, 0.000316359, -1.88813e-05, -0.0178971, 0.00170535, 0.00265536, 0.00232307, 0.01927, 0.000343575, 0.00864004, 0.00968174, 0.0028669, -0.00107826, -0.00403655, -0.00357558, 0.00128785, -0.00298771, -0.00400037, -0.00439411, 0.0110439, 0.00473379, 0.00209516, -0.00522798, 0.00626519, 0.00372633, -0.0111741, -0.000319774, -0.000626108, 0.0117304, -0.009676, -0.00199323, -0.00160636, 0.00766299, -0.00762562, 0.0173979
# -2.64201e-05, -0.0110074, 0.000388559, -0.000343177, -0.000275443, 0.000130785, -0.000147424, 0.000236609, 0.000331804, 0.000157345, 0.0017433, -0.00478435, 0.00140765, 0.0284815, 0.020663, 0.0218504, 0.0946236, 0.0193203, 0.0110674, 0.0166763, 0.0223797, 0.0209978, 0.0194978, 0.0208086, 0.0154958, 0.0229902, 0.021548, 0.0200555, 0.0132142, 0.0130313, 0.0200586, 0.0259642, 0.0137048, 0.0165932, 0.0150359, 0.0165923, 0.0126687, 0.0115465, 0.0106796, 0.00557265, 0.0184949, 0.0145859, 0.0125069, 0.0123881, 0.00633718, 0.0138691, 0.0170167, 0.0196513, 0.0138074, 0.00980959, 0.0200115, 0.0174712, 0.0180891, 0.0167576, 0.014789, 0.0152809, 0.0131244, 0.0184048, 0.0182675, 0.0260273, 0.0215962, 0.010932, 0.0104437, -0.0257386, -0.00859956, -0.0111217, -0.126806, -0.0113689, 0.00967025, 0.00346124, -0.00331355, -0.0104476, -0.0175336, -0.00946515, -0.00355164, -0.00550515, -0.0115163, -0.005324, 0.00440252, -0.013419, -0.0074306, -0.0124855, 0.00471761, 0.0128784, -0.00146733, 0.0135029, 0.00428902, 0.0220004, 0.00918266, 0.0204144, -0.00535865, -0.000702689, 0.00309495, 0.012123, 0.00268004, -0.0103589, -0.00900238, -0.0121924, -0.00373662, 0.0166245, -0.0128957, 0.00457667, -0.0046799, 0.00173762, 0.00140579, 0.0120459, -0.00172031, 0.00480294, -0.0124815, -0.0219241, 0.00192029, -0.00518044, 0.0071103
# -9.0078e-05, -0.0145782, -0.000100948, -9.24919e-05, 0.000161734, 0.000442756, -2.4144e-05, 8.208e-05, 6.02126e-05, 0.000187459, -0.00828763, -0.00318822, -0.0154281, 0.0143947, 0.0297914, 0.0166449, 0.0193203, 0.113771, 0.0238965, 0.0129415, 0.00712952, 0.0010144, 0.0223795, 0.0123959, 0.0333623, 0.0224567, 0.0135205, 0.0269238, 0.0289028, 0.0241504, 0.0191632, 0.0409529, 0.0222539, 0.00986945, 0.0167792, 0.0379512, 0.033364, 0.0250754, 0.0207378, 0.0202811, 0.0279112, 0.0191381, 0.0198304, 0.0186251, 0.0346978, 0.0325101, 0.0259388, 0.0198151, 0.0146049, 0.0242363, 0.0294802, 0.010143, 0.0137805, 0.0211903, 0.0193989, 0.0298811, 0.0179974, 0.0254753, 0.00886163, 0.0186269, 0.0163453, 0.019769, 0.0134383, -0.00622034, -0.00391373, 0.00528075, -0.0014762, -0.114432, 0.0123578, -0.00434612, -0.00192, -0.0181934, -0.00628629, 0.0030637, -0.017049, 0.00272486, -0.0151103, -0.000725134, -0.00932312, 0.0080793, -0.0210719, 0.0147982, 0.0045746, 0.000847965, -0.0240427, 0.0115805, 0.00495851, 0.0401587, 0.000275599, -0.00317052, -0.0235885, 0.0216853, -0.000718236, -0.00553093, 0.00359366, 0.0159299, -0.0162715, 0.0061501, -0.00807202, 0.00669964, 0.0005949, -0.00689029, -0.0118686, -0.0166943, -0.0119976, 0.0084098, -0.00427283, -0.0146751, 0.0066752, -0.0121402, 0.0131834, -0.0128425, -0.00310907
# -0.000429396, -0.0114616, -0.00039479, -6.8423e-06, 0.000466207, -0.000301035, 0.000311492, 0.000730521, -0.000223583, 0.000599688, -0.00391955, -0.00694595, -0.00431565, 0.0189228, 0.0117816, 0.011104, 0.0110674, 0.0238965, 0.104829, 0.0192354, 0.0164087, 0.00411141, 0.0186037, 0.0211255, 0.0216199, 0.0231622, 0.0134348, 0.028461, 0.0196571, 0.0252075, 0.0139679, 0.0216546, 0.0196219, 0.0080045, 0.00866837, 0.0243923, 0.0203008, 0.0227611, 0.0153295, 0.0186896, 0.0182193, 0.0131961, 0.0117583, 0.0181415, 0.0266504, 0.0238655, 0.017463, 0.0246705, 0.0113154, 0.011146, 0.0234981, 0.0211708, 0.00479579, 0.0150439, 0.0150436, 0.0152642, 0.0183651, 0.0119723, 0.00742153, 0.0162398, 0.013341, 0.0179693, 0.00767315, -0.0218624, 0.00124741, 0.00103415, 0.0239434, -0.00480957, -0.128877, -0.00459312, -0.0186826, -0.0117978, -0.00257909, -0.0199806, 0.00183713, -0.0119404, 0.0114058, -0.00242693, 0.026001, -0.00845561, -0.0148179, 0.0134104, -0.0114021, 0.0222875, 0.00350242, 0.00471106, -0.0187079, 0.004195, -0.0117295, -0.00710514, -0.028112, 0.0250544, 8.37574e-07, -0.0213461, -0.00737666, 0.00451173, -0.00658674, -0.0116121, 0.0167076, 0.011848, 0.00806926, -0.0128716, 0.00410106, -0.00268745, -0.00228311, -0.00375783, -0.0111212, 0.00724725, -0.00566817, -0.00636138, 0.0121334, -0.0253487, 0.00936449
# -7.93121e-05, -0.0112321, -0.00022047, 0.000294047, 1.89694e-05, 0.000218925, -6.26367e-05, 0.000371733, -0.000122852, -7.54109e-05, 0.0124889, -0.00589661, 0.0227054, 0.0313916, 0.0168485, 0.0234501, 0.0166763, 0.0129415, 0.0192354, 0.0879216, 0.0315818, 0.0402822, 0.0210565, 0.0245159, 0.0103079, 0.0160041, 0.0231353, 0.0109665, 0.00843029, 0.0151241, 0.0342504, -0.00111139, 0.0233446, 0.0326205, 0.0297631, 0.00258778, -0.00616926, -0.0119762, 0.00772048, 0.00510345, 0.0111768, 0.00367141, 0.00987917, 0.0239938, -0.00718738, -0.0135649, 0.0171619, 0.0134975, 0.02181, 0.00604639, 0.0247346, 0.0346088, 0.0286051, 0.0155007, 0.0242587, -0.000281026, 0.021205, 0.0192147, 0.0256832, 0.021172, 0.0162489, 0.0220105, 0.0211115, -0.00484991, -0.00343319, -0.00181833, 0.00326631, 0.000181597, 0.00633093, -0.0787471, 0.0117965, 0.0155095, 0.00147057, 0.0139848, -0.00521217, -0.00386781, 0.0051868, -0.0182714, 0.013461, -0.00616986, -0.00633102, -0.00888042, -0.00523285, 0.00111305, 0.0101999, 0.000635296, -0.0302748, 0.0216272, -0.00616195, -0.00422134, -0.00915422, -0.0223268, 0.0142615, -0.0159392, 0.012717, -0.00109695, -0.0090096, 0.0145499, 0.0146605, 0.00990404, -0.00774587, -0.00321614, 0.00592445, -0.00277759, -0.00404419, 0.00950222, 0.0020818, -0.0087542, -0.00369963, 0.0139215, 0.0182208, -0.0040924, 0.00753668
# -0.000207651, -0.0102841, 0.000102062, 0.000209606, 0.000255457, -0.000355374, -0.000113411, -0.000473496, 0.000949481, -0.000239463, 0.0168941, 0.00474822, -0.0198075, 0.0236501, 0.0221735, 0.0291416, 0.0223797, 0.00712952, 0.0164087, 0.0315818, 0.0923982, 0.0569945, 0.0156485, 0.0277522, 0.00839298, 0.0157918, 0.0330782, 0.00586238, 0.0234782, 0.0143706, 0.0290097, 0.00716045, 0.0230145, 0.0282177, 0.0289653, -0.00237019, -0.00260029, -0.010066, 0.0106142, 0.00292598, 0.0138247, 0.00161262, 0.00587266, 0.0194805, -0.00148205, -0.0110663, 0.0223955, 0.0160214, 0.027195, 0.00529, 0.00775727, 0.0314031, 0.0329761, 0.0207124, 0.0217529, -0.00764233, 0.0119884, 0.0175274, 0.0242696, 0.0245472, 0.0151484, 0.0354718, 0.0139927, -0.00361799, -0.0168985, -0.0135424, -0.0169808, 0.00372335, -0.00866036, 0.00100463, -0.101335, -0.0238841, -0.0081767, -0.00291022, -0.000400762, -0.00500869, -0.00777468, -0.00857095, -0.000589666, -0.0143914, -0.0139051, -0.00290412, -0.003492, 0.0109115, 0.00858875, 0.009371, -0.0201419, 0.0199895, -0.0064427, -0.000484924, -0.00791457, 0.0085056, -0.00405319, 0.00738825, -0.00670378, 0.00711742, -0.0139867, 0.0118957, -0.00248254, 0.00544123, 0.00121773, -0.0104023, -0.0148092, -0.0135959, -0.00592064, 0.0280574, 0.0173174, -0.00343234, -0.00469648, -0.00633547, 0.00663079, -0.0270379, -0.00474207
# 0.000461042, -0.0122362, 3.15902e-05, 0.000130631, -0.00024594, -0.000215788, 0.000158288, -0.000190018, 0.000408507, -0.00113888, 0.0279991, 0.014484, -0.02143, 0.0395326, 0.0155025, 0.0355975, 0.0209978, 0.0010144, 0.00411141, 0.0402822, 0.0569945, 0.131869, 0.0177563, 0.0422492, 0.00658937, 0.014257, 0.0438817, 0.00674866, 0.0176483, 0.011442, 0.0347551, -0.00694516, 0.0254159, 0.0383957, 0.0495131, -0.011412, -0.0203643, -0.0119012, 0.00287726, -0.0042932, 0.0155237, -0.00787885, 0.0123338, 0.0292168, -0.0178444, -0.024739, 0.0158191, 0.0265786, 0.035888, -0.000977853, 0.013608, 0.037763, 0.0356917, 0.0331908, 0.0266028, -0.00671452, 0.027723, 0.0189328, 0.0356062, 0.0334263, 0.0218676, 0.040537, 0.0193032, 0.00279786, 0.00911781, -0.00692499, -0.0123603, 0.0143317, 0.0142241, 0.0169027, 0.00390658, -0.103429, -0.0062047, 0.00673892, -0.00518172, 0.00546989, 0.00266616, -0.0162887, 0.00196984, 0.00574873, -0.00993019, -0.0186206, 0.00564696, 0.00954901, -0.00357139, 0.0227929, -0.0196239, -0.00908937, 0.0236667, 0.0174276, -0.00778029, -2.61115e-05, -0.0171197, -0.00871155, 0.00125409, -0.00259457, 0.00904491, -0.00501668, 0.0021622, 0.0193982, -0.0164522, -0.010589, 0.00745954, -0.0260889, -0.00352162, 0.02475, 0.00862975, -0.00459734, -0.0149347, -0.00635261, 0.00564105, -0.0122743, -0.000292272
# -0.000514868, -0.0114216, -0.000380997, 0.0003049, -0.000222708, 0.000174429, 0.000551037, 0.000242283, 0.000492606, 0.000550665, -0.000591373, -0.0106622, 0.00597221, 0.0200095, 0.0206494, 0.0130738, 0.0194978, 0.0223795, 0.0186037, 0.0210565, 0.0156485, 0.0177563, 0.108326, 0.0186198, 0.0246357, 0.019233, 0.0207084, 0.021149, 0.0217763, 0.0141486, 0.0196398, 0.0216984, 0.0182062, 0.0215632, 0.0135708, 0.0221247, 0.0165093, 0.0152621, 0.0178482, 0.017022, 0.0178584, 0.0228603, 0.0214688, 0.0127217, 0.0215682, 0.0165384, 0.0185336, 0.0105854, 0.0120092, 0.00827061, 0.0159599, 0.0123587, 0.0162163, 0.0163812, 0.0192002, 0.0174405, 0.0151917, 0.0235425, 0.0121565, 0.021564, 0.017929, 0.0217337, 0.0206795, 0.00192287, -0.00731396, -0.00320945, -0.00775439, -0.0231225, 0.00905798, -0.001497, 0.000435201, -0.0127692, -0.146987, -0.00732361, -0.0143129, -0.00584687, -0.00467602, -0.0158251, -0.00170748, 0.00919361, -0.00177785, -0.00311625, 0.00452289, -0.00593496, 0.00496558, 0.00181579, 0.00270638, 0.00633997, 0.014201, 0.0183717, -0.00937078, -0.00894316, -0.00778185, -0.0143746, -0.00721307, -0.00029581, -0.0112462, 0.00907974, 0.00288613, 0.013337, -0.00240586, -0.00552103, -0.000719522, -0.0148146, -0.00319249, 0.0104446, 0.0163672, -0.000910445, 0.0181678, -0.0114835, 0.00259839, -0.0186938, -0.0154072
# 0.000163364, -0.0116916, 0.000153343, 0.000507773, -0.0001425, 0.000227032, 0.000184519, 0.000622663, 0.00014957, -0.000180975, 0.0106002, 0.00867561, -0.0190245, 0.0246147, 0.0143675, 0.0227015, 0.0208086, 0.0123959, 0.0211255, 0.0245159, 0.0277522, 0.0422492, 0.0186198, 0.0869378, 0.0190251, 0.0172917, 0.0287524, 0.00958431, 0.0202306, 0.0209335, 0.0195413, 0.00284019, 0.0110002, 0.0268897, 0.0237474, 0.00762784, -0.00585195, 0.00579846, 0.00951362, 0.00660086, 0.0182976, 0.00430844, 0.0107166, 0.0221485, 0.00382755, 0.0113393, 0.0182728, 0.022862, 0.0226643, 0.00981401, 0.016419, 0.0153486, 0.0231443, 0.0227149, 0.02252, 0.0037417, 0.0173374, 0.013943, 0.0203926, 0.0296981, 0.0157709, 0.0249649, 0.00996878, -0.00683278, 0.00116563, 0.00543689, -0.0085086, 0.0128654, -0.00261486, -0.013821, 0.000500872, -0.0169993, -0.00863969, -0.104378, -0.00982558, -0.00458477, 0.00812956, -0.0135473, 0.00441945, 0.00553283, -0.00133432, 0.00196129, 0.0123271, -0.00218914, 0.00899078, -0.00688675, -0.0181435, 0.0054977, 0.000290918, -0.00307668, -0.00816185, 0.00718762, -0.000697105, -0.00520697, 0.0214006, -0.00760796, -0.00070399, -0.00749451, 0.016424, 0.0108519, -0.00751489, 0.00587522, 0.00827523, -0.00467507, 0.00171287, 0.019888, 0.00910301, -0.000683494, -0.00800937, -0.0242941, 0.00777978, -0.01833, 0.0138631
# -0.000228072, -0.0128671, -4.91761e-05, 0.000567245, 0.000568706, 0.000174763, 0.00127073, 0.000306249, 0.00018077, -0.000614939, -0.00699987, -0.000698393, -0.0164079, 0.020991, 0.0377703, 0.0136675, 0.0154958, 0.0333623, 0.0216199, 0.0103079, 0.00839298, 0.00658937, 0.0246357, 0.0190251, 0.124814, 0.0270311, 0.0218645, 0.0238377, 0.0240474, 0.0221512, 0.0134747, 0.0116272, 0.021748, 0.0055606, 0.00591895, 0.0241734, 0.0289303, 0.0306483, 0.0284366, 0.02254, 0.0214523, 0.0205212, 0.0186406, 0.0116542, 0.0311948, 0.0322866, 0.0175065, 0.0127274, 0.0148239, 0.0137669, 0.0163218, 0.00733121, 0.018173, 0.0251904, 0.0159698, 0.0168153, 0.0159783, 0.0200746, 0.00255031, 0.0198816, 0.0195313, 0.0141853, 0.0115642, -0.0172002, -0.025486, -0.0147418, -0.00673782, -0.0196822, 0.00556519, -0.00230003, 0.00958934, -0.0113221, -0.0051752, -0.0265325, -0.15441, -0.0361741, -0.0151011, 0.00718507, 0.00579267, 0.00629016, -0.00793559, 0.0443405, -0.0118589, 0.0101207, 0.00614911, 0.00888456, -0.0181801, 0.0136821, -0.0141317, 0.0124087, -0.0120978, 0.0123811, -0.00790827, -0.00508192, -0.00477588, 0.0138507, -0.0154486, -0.00438871, 0.00741018, 0.0122519, 0.00404734, -0.00224163, -0.00980975, -0.0132546, 0.00151568, 0.012172, 0.0207243, -0.00384574, 0.00874408, -0.0183813, -0.00258959, -0.00720708, 0.00976285
# -7.5067e-05, -0.0124959, 0.000331044, 8.97949e-05, -4.0649e-05, -0.000387762, 0.000505572, 0.001156, 0.000503656, -0.000264082, -0.00337624, -0.00243904, 0.00391879, 0.0232283, 0.0232509, 0.0225716, 0.0229902, 0.0224567, 0.0231622, 0.0160041, 0.0157918, 0.014257, 0.019233, 0.0172917, 0.0270311, 0.123098, 0.0191571, 0.0205814, 0.0198984, 0.016777, 0.0145421, 0.025492, 0.0201831, 0.0147156, 0.0138052, 0.0216784, 0.0169481, 0.0205177, 0.0193738, 0.0206338, 0.0192039, 0.0239108, 0.0157004, 0.0180524, 0.02371, 0.0200723, 0.0170619, 0.0147322, 0.0158971, 0.0234878, 0.0125577, 0.0206431, 0.0139047, 0.0216359, 0.0142947, 0.0262098, 0.0171746, 0.0209426, 0.00384433, 0.0213651, 0.0224663, 0.0182328, 0.0165101, -0.00202154, -0.00655548, -0.00442513, -0.014316, -0.00667469, -0.00728636, -0.00587101, 0.00798608, -0.00978959, -0.00214741, -0.00881816, -0.00612307, -0.152914, 0.00336899, 0.012878, 0.0024903, 0.00281482, 0.00577834, -0.00880567, 0.00390746, 0.0126943, 0.00648252, 0.0077559, -0.00856947, 0.0119571, -0.00911638, -0.0103386, -0.0107177, 0.00997717, 0.0104318, -0.0114653, 0.00725252, -0.00556477, 0.00821326, 0.0127846, 0.00397241, -0.0182198, -0.00221162, -0.0132471, -0.0192295, -0.00669894, 0.00717309, -0.024649, 0.000893415, -0.00578225, 0.0178775, -0.00533686, -0.00211651, -0.0168906, -0.00776751
