# stan_version_major = 2
# stan_version_minor = 37
# stan_version_patch = 0
# model = survival_model
# start_datetime = 2026-03-12 18:16:36 UTC
# method = sample (Default)
#   sample
#     num_samples = 2000
#     num_warmup = 1000 (Default)
#     save_warmup = false (Default)
#     thin = 1 (Default)
#     adapt
#       engaged = true (Default)
#       gamma = 0.05 (Default)
#       delta = 0.8 (Default)
#       kappa = 0.75 (Default)
#       t0 = 10 (Default)
#       init_buffer = 75 (Default)
#       term_buffer = 50 (Default)
#       window = 25 (Default)
#       save_metric = false (Default)
#     algorithm = hmc (Default)
#       hmc
#         engine = nuts (Default)
#           nuts
#             max_depth = 10 (Default)
#         metric = dense_e
#         metric_file =  (Default)
#         stepsize = 1 (Default)
#         stepsize_jitter = 0 (Default)
#     num_chains = 1 (Default)
# id = 4
# data
#   file = /Users/dansprague/Documents/PhaseSkate/benchmarks/scaling/data/data_H10.json
# init = 2 (Default)
# random
#   seed = 42
# output
#   file = /Users/dansprague/Documents/PhaseSkate/benchmarks/scaling/stan_output/survival-20260312141636_4.csv
#   diagnostic_file =  (Default)
#   refresh = 100 (Default)
#   sig_figs = 8 (Default)
#   profile_file = profile.csv (Default)
#   save_cmdstan_config = false (Default)
# num_threads = 1 (Default)
# stanc_version = stanc3 v2.37.0
# stancflags = --filename-in-msg=survival.stan
lp__,accept_stat__,stepsize__,treedepth__,n_leapfrog__,divergent__,energy__,log_alpha,beta_0,trt_effect,beta.1,beta.2,beta.3,beta.4,beta.5,beta.6,beta.7,beta.8,log_sigma_int,log_sigma_slope,rho,z_int.1,z_int.2,z_int.3,z_int.4,z_int.5,z_int.6,z_int.7,z_int.8,z_int.9,z_int.10,z_slope.1,z_slope.2,z_slope.3,z_slope.4,z_slope.5,z_slope.6,z_slope.7,z_slope.8,z_slope.9,z_slope.10
# Adaptation terminated
# Step size = 0.212656
# Elements of inverse mass matrix:
# 0.00204171, -0.00130451, -0.000125229, -0.000165067, 0.000128175, -0.000117432, 0.000239927, -0.000276592, -0.00011986, -0.000262167, 7.44078e-05, 0.0010227, -0.000215332, -0.0013527, -9.75966e-05, 0.00115817, 0.00139286, 0.0017047, -0.000131781, -0.000947243, 0.00182023, 0.00343087, 0.00328071, 0.000630681, 0.00338864, 0.00233305, 0.00406401, 0.000446319, 0.00283522, -0.00168164, 0.00454364, 4.66371e-05, 0.0036449, 0.00121053
# -0.00130451, 0.0335592, -0.00374144, 0.000198576, -0.000688992, -0.000107843, 4.0316e-05, 0.000702619, -0.000164541, 0.000793853, 0.000109125, 0.00187955, -0.00135938, -0.0198303, -0.0498206, -0.0480959, -0.0549318, -0.0518276, -0.0505114, -0.0437757, -0.0531755, -0.054263, -0.0530901, -0.049849, 0.00445069, 0.00170481, -0.00327178, 0.0106124, -0.00311807, 0.000474558, 0.0177594, 0.0026315, 0.00234347, 0.00329891
# -0.000125229, -0.00374144, 0.0139519, 0.00035589, 0.00032271, 0.000417306, -0.000155127, -0.000182502, 0.000853757, -0.000277187, -0.000281066, -0.00151364, 0.000179475, 0.0149937, -0.00864743, -0.00181048, -0.000870994, -0.00189596, -0.00202776, -0.00676003, -0.00118464, -9.07262e-05, 0.00156921, -0.00368966, -0.0267447, -0.0163238, -0.0237192, -0.0231995, -0.0269548, -0.0135142, -0.0212317, -0.0181144, -0.0192342, -0.0141475
# -0.000165067, 0.000198576, 0.00035589, 0.00219139, 3.52577e-05, 0.000177235, -0.000658034, 0.000142622, 0.000422123, 0.000167728, -3.62516e-05, -0.00268263, -0.000197546, -0.000346699, -0.00194101, 0.000946691, -0.000330194, -0.000791926, 0.00195252, 0.00279134, -0.00197133, -0.00352143, 0.000511412, 0.000490517, -0.00156953, -0.000624044, 0.00516308, -0.00102712, -0.00109166, 0.00152666, 0.0021296, 0.00285569, -0.00266, -0.000437057
# 0.000128175, -0.000688992, 0.00032271, 3.52577e-05, 0.00218627, -0.000141071, -6.41262e-05, 0.000144098, 0.000304765, 5.00644e-05, 0.000392082, 0.000269213, 0.000621738, 0.00517607, 0.000604915, -0.000472413, 0.00194366, -0.0011331, -0.00250072, -0.00100557, -0.000868069, 0.00225425, -0.000277008, 0.00155285, -0.000229133, -0.000290061, -0.00568285, 0.00153416, 0.000680474, -0.000462904, 0.00216731, 0.00274266, 0.00116214, -0.00206042
# -0.000117432, -0.000107843, 0.000417306, 0.000177235, -0.000141071, 0.00188879, -0.0001395, 1.96441e-06, 2.02971e-05, 0.000278041, -0.000167623, -0.000579306, 0.000183093, 0.00275311, 0.00123992, 0.00188381, 0.000614265, -7.05212e-05, 5.57762e-06, 0.000757609, 0.000115332, 0.00010773, 0.000158866, 0.000610559, -0.00291251, 0.00124623, 0.00351909, 0.00159756, -0.00362293, -0.000283554, 0.00264193, -0.00206092, -0.00516306, -0.00233027
# 0.000239927, 4.0316e-05, -0.000155127, -0.000658034, -6.41262e-05, -0.0001395, 0.00193169, -0.000191131, -0.000263142, -0.000277848, 9.86465e-05, 0.000645179, -0.00211874, 0.0015588, -0.000917203, 0.00148611, 0.00113404, -8.49194e-05, -0.00313331, -0.00157041, 0.00183948, -0.000110513, 0.00111666, -0.00217382, 0.00343131, -0.000523761, -0.00359313, 0.00240313, 0.000766065, 0.00203453, -0.000334718, 0.00108242, 0.00211611, 0.00317183
# -0.000276592, 0.000702619, -0.000182502, 0.000142622, 0.000144098, 1.96441e-06, -0.000191131, 0.00216924, -6.23376e-05, 0.000157135, -2.14774e-07, 0.0010925, -0.000519274, -0.00186291, -0.00124584, -0.00124312, 0.00103363, 0.000316776, -0.000501557, -6.24505e-05, -0.000962325, -0.00114192, -0.000138903, -0.00194076, -3.14827e-05, 0.00178273, 0.000198359, -0.000247176, -0.00299279, -0.000105573, 0.0010555, -0.00189262, 0.000606461, 0.000816551
# -0.00011986, -0.000164541, 0.000853757, 0.000422123, 0.000304765, 2.02971e-05, -0.000263142, -6.23376e-05, 0.00210907, -0.000134773, 5.27797e-05, -0.000850881, 0.00263027, -0.000838409, -0.000677323, -0.00123956, -0.000736331, -0.00147046, -0.00160147, -0.000728213, -0.00103431, 0.0017577, -0.000905533, -0.0020256, -0.00272591, -0.00194652, -0.00317983, 0.00349519, 0.00224852, 0.000891983, -0.00195357, -0.00108219, -0.0022759, 0.00347997
# -0.000262167, 0.000793853, -0.000277187, 0.000167728, 5.00644e-05, 0.000278041, -0.000277848, 0.000157135, -0.000134773, 0.00182792, 0.000103547, 0.000320638, 0.00260014, 0.000385063, -0.0025631, 0.000869441, 0.000166507, 6.58509e-05, -4.28693e-05, -0.000573097, -0.000757673, -0.000168186, -0.00171785, 0.000496943, 0.00282094, -0.000544527, 0.000534043, 0.00279482, 0.00036481, -0.000332844, -0.000105828, 0.00356292, -0.00199477, 0.00118953
# 7.44078e-05, 0.000109125, -0.000281066, -3.62516e-05, 0.000392082, -0.000167623, 9.86465e-05, -2.14774e-07, 5.27797e-05, 0.000103547, 0.00247392, -0.00140469, 0.000476161, 0.00269152, 0.000834964, 0.00181241, -0.00225365, -0.000121612, -0.00202381, -9.95908e-05, -0.00241122, -0.00275838, 0.00156308, -5.49951e-05, 0.0031645, -0.00349068, 0.00483402, 0.000245425, 0.00114881, 0.000504576, 0.00489434, 0.00578996, -0.00204897, -0.00437459
# 0.0010227, 0.00187955, -0.00151364, -0.00268263, 0.000269213, -0.000579306, 0.000645179, 0.0010925, -0.000850881, 0.000320638, -0.00140469, 0.0829729, -0.0148214, -0.0486203, 0.0306428, -0.027751, -0.0111599, 0.0136981, -0.0607738, -0.0780839, 0.054997, 0.0844962, 0.00665157, -0.00761084, 0.0174515, 0.0011466, -0.0123469, 0.00497753, -0.0197211, -0.023433, 0.00313417, -0.00676171, 0.0110113, 0.0228554
# -0.000215332, -0.00135938, 0.000179475, -0.000197546, 0.000621738, 0.000183093, -0.00211874, -0.000519274, 0.00263027, 0.00260014, 0.000476161, -0.0148214, 0.356378, -0.0719007, 0.015308, 0.00206491, -0.100175, 0.0155114, 0.0293283, -0.00918884, 0.0411835, 0.0480238, -0.0136974, -0.0161217, -0.00213638, -0.0278107, 0.176159, -0.0240673, -0.037157, 0.0535415, -0.102827, -0.0844519, -0.0519034, 0.000337595
# -0.0013527, -0.0198303, 0.0149937, -0.000346699, 0.00517607, 0.00275311, 0.0015588, -0.00186291, -0.000838409, 0.000385063, 0.00269152, -0.0486203, -0.0719007, 1.05879, 0.0313145, 0.0196717, 0.122062, -0.0038512, -0.0373096, 0.0235951, -0.0442075, -0.0264692, 0.0383177, 0.0426525, -0.00468302, -0.0797173, -0.23218, 0.0742314, -0.115918, -0.247933, 0.178676, 0.250771, 0.02095, -0.0467822
# -9.75966e-05, -0.0498206, -0.00864743, -0.00194101, 0.000604915, 0.00123992, -0.000917203, -0.00124584, -0.000677323, -0.0025631, 0.000834964, 0.0306428, 0.015308, 0.0313145, 0.23451, 0.0612622, 0.0780755, 0.108379, 0.0579321, 0.0590251, 0.108555, 0.133367, 0.0962141, 0.0867037, -0.0881958, 0.0330295, 0.00127445, -0.00569109, 0.0175726, -0.0120179, -0.00147179, 0.0025541, 0.000440747, 0.0118804
# 0.00115817, -0.0480959, -0.00181048, 0.000946691, -0.000472413, 0.00188381, 0.00148611, -0.00124312, -0.00123956, 0.000869441, 0.00181241, -0.027751, 0.00206491, 0.0196717, 0.0612622, 0.204394, 0.106306, 0.0719996, 0.0990956, 0.0938915, 0.0706043, 0.0554671, 0.0949768, 0.0938103, 0.0392336, -0.154094, 0.0217099, 0.0232221, 0.0352802, 0.00108052, -0.00665288, 0.0140591, -0.0145817, -0.0125146
# 0.00139286, -0.0549318, -0.000870994, -0.000330194, 0.00194366, 0.000614265, 0.00113404, 0.00103363, -0.000736331, 0.000166507, -0.00225365, -0.0111599, -0.100175, 0.122062, 0.0780755, 0.106306, 0.250536, 0.085977, 0.101913, 0.103433, 0.0622659, 0.064875, 0.0852837, 0.1069, 0.0345968, -0.0174498, -0.164413, 0.025444, 0.0341268, -0.0450812, 0.0293007, 0.064704, 0.00967776, -0.0186822
# 0.0017047, -0.0518276, -0.00189596, -0.000791926, -0.0011331, -7.05212e-05, -8.49194e-05, 0.000316776, -0.00147046, 6.58509e-05, -0.000121612, 0.0136981, 0.0155114, -0.0038512, 0.108379, 0.0719996, 0.085977, 0.184656, 0.089147, 0.054986, 0.113715, 0.113697, 0.0878943, 0.0921665, 0.00869153, 0.0271958, 0.0187969, -0.114006, 0.00236469, 0.00676511, -0.00429051, -0.00692503, 0.00252047, -0.0226777
# -0.000131781, -0.0505114, -0.00202776, 0.00195252, -0.00250072, 5.57762e-06, -0.00313331, -0.000501557, -0.00160147, -4.28693e-05, -0.00202381, -0.0607738, 0.0293283, -0.0373096, 0.0579321, 0.0990956, 0.101913, 0.089147, 0.254917, 0.152312, 0.0537178, 0.0242508, 0.0763357, 0.0888647, 0.0135093, -0.00502672, 0.0261424, -0.0359735, -0.0382278, 0.0196869, -0.0554093, -0.0122801, -0.000885944, -0.00560717
# -0.000947243, -0.0437757, -0.00676003, 0.00279134, -0.00100557, 0.000757609, -0.00157041, -6.24505e-05, -0.000728213, -0.000573097, -9.95908e-05, -0.0780839, -0.00918884, 0.0235951, 0.0590251, 0.0938915, 0.103433, 0.054986, 0.152312, 0.275071, 0.0161355, -0.0150124, 0.0602309, 0.0970607, -0.0176342, 0.0389156, 0.0373952, 0.0100008, 0.0452381, -0.0795507, -0.0120279, 0.0329717, 0.0235153, -0.0417616
# 0.00182023, -0.0531755, -0.00118464, -0.00197133, -0.000868069, 0.000115332, 0.00183948, -0.000962325, -0.00103431, -0.000757673, -0.00241122, 0.054997, 0.0411835, -0.0442075, 0.108555, 0.0706043, 0.0622659, 0.113715, 0.0537178, 0.0161355, 0.233609, 0.172863, 0.111546, 0.0809836, 0.0051002, 0.00560832, 0.0441499, -0.0250208, -0.00470125, 0.00540711, -0.122262, -0.0251423, -0.0125469, 0.0325417
# 0.00343087, -0.054263, -9.07262e-05, -0.00352143, 0.00225425, 0.00010773, -0.000110513, -0.00114192, 0.0017577, -0.000168186, -0.00275838, 0.0844962, 0.0480238, -0.0264692, 0.133367, 0.0554671, 0.064875, 0.113697, 0.0242508, -0.0150124, 0.172863, 0.286026, 0.109603, 0.0926694, 0.0201321, 6.2328e-07, 0.0420096, -0.00572827, -0.00975196, -0.0240453, -0.0392583, -0.12324, -0.00973928, 0.00823663
# 0.00328071, -0.0530901, 0.00156921, 0.000511412, -0.000277008, 0.000158866, 0.00111666, -0.000138903, -0.000905533, -0.00171785, 0.00156308, 0.00665157, -0.0136974, 0.0383177, 0.0962141, 0.0949768, 0.0852837, 0.0878943, 0.0763357, 0.0602309, 0.111546, 0.109603, 0.205442, 0.0961757, 0.038179, -0.00364808, 0.0260317, -0.0145746, 0.0264544, -0.00264982, -0.0223939, -0.00216805, -0.102814, -0.00985435
# 0.000630681, -0.049849, -0.00368966, 0.000490517, 0.00155285, 0.000610559, -0.00217382, -0.00194076, -0.0020256, 0.000496943, -5.49951e-05, -0.00761084, -0.0161217, 0.0426525, 0.0867037, 0.0938103, 0.1069, 0.0921665, 0.0888647, 0.0970607, 0.0809836, 0.0926694, 0.0961757, 0.204995, 0.0129675, -0.00400931, 0.0117389, -0.00823981, 0.0467992, -0.0367997, -0.0031284, 0.0231634, 0.0135619, -0.134651
# 0.00338864, 0.00445069, -0.0267447, -0.00156953, -0.000229133, -0.00291251, 0.00343131, -3.14827e-05, -0.00272591, 0.00282094, 0.0031645, 0.0174515, -0.00213638, -0.00468302, -0.0881958, 0.0392336, 0.0345968, 0.00869153, 0.0135093, -0.0176342, 0.0051002, 0.0201321, 0.038179, 0.0129675, 0.658068, 0.0166405, -0.0175757, 0.0475907, 0.0996851, 0.0135499, 0.07678, 0.0747975, 0.00297302, 0.0778274
# 0.00233305, 0.00170481, -0.0163238, -0.000624044, -0.000290061, 0.00124623, -0.000523761, 0.00178273, -0.00194652, -0.000544527, -0.00349068, 0.0011466, -0.0278107, -0.0797173, 0.0330295, -0.154094, -0.0174498, 0.0271958, -0.00502672, 0.0389156, 0.00560832, 6.2328e-07, -0.00364808, -0.00400931, 0.0166405, 0.773415, 0.089013, -0.0417402, 0.0234023, 0.0923877, 0.0344976, -0.0333617, 0.0738886, 0.0884261
# 0.00406401, -0.00327178, -0.0237192, 0.00516308, -0.00568285, 0.00351909, -0.00359313, 0.000198359, -0.00317983, 0.000534043, 0.00483402, -0.0123469, 0.176159, -0.23218, 0.00127445, 0.0217099, -0.164413, 0.0187969, 0.0261424, 0.0373952, 0.0441499, 0.0420096, 0.0260317, 0.0117389, -0.0175757, 0.089013, 0.903024, -0.0061657, -0.0156609, 0.0869203, -0.00330832, -0.106253, 0.0525506, 0.0196225
# 0.000446319, 0.0106124, -0.0231995, -0.00102712, 0.00153416, 0.00159756, 0.00240313, -0.000247176, 0.00349519, 0.00279482, 0.000245425, 0.00497753, -0.0240673, 0.0742314, -0.00569109, 0.0232221, 0.025444, -0.114006, -0.0359735, 0.0100008, -0.0250208, -0.00572827, -0.0145746, -0.00823981, 0.0475907, -0.0417402, -0.0061657, 0.6283, 0.0865339, -0.0414173, 0.0453006, 0.107257, 0.0312694, 0.0835109
# 0.00283522, -0.00311807, -0.0269548, -0.00109166, 0.000680474, -0.00362293, 0.000766065, -0.00299279, 0.00224852, 0.00036481, 0.00114881, -0.0197211, -0.037157, -0.115918, 0.0175726, 0.0352802, 0.0341268, 0.00236469, -0.0382278, 0.0452381, -0.00470125, -0.00975196, 0.0264544, 0.0467992, 0.0996851, 0.0234023, -0.0156609, 0.0865339, 0.805033, 0.040365, 0.0334159, 0.0309958, -0.00115561, 0.1189
# -0.00168164, 0.000474558, -0.0135142, 0.00152666, -0.000462904, -0.000283554, 0.00203453, -0.000105573, 0.000891983, -0.000332844, 0.000504576, -0.023433, 0.0535415, -0.247933, -0.0120179, 0.00108052, -0.0450812, 0.00676511, 0.0196869, -0.0795507, 0.00540711, -0.0240453, -0.00264982, -0.0367997, 0.0135499, 0.0923877, 0.0869203, -0.0414173, 0.040365, 0.754667, -0.0717827, -0.0309048, -0.0579868, 0.0422452
# 0.00454364, 0.0177594, -0.0212317, 0.0021296, 0.00216731, 0.00264193, -0.000334718, 0.0010555, -0.00195357, -0.000105828, 0.00489434, 0.00313417, -0.102827, 0.178676, -0.00147179, -0.00665288, 0.0293007, -0.00429051, -0.0554093, -0.0120279, -0.122262, -0.0392583, -0.0223939, -0.0031284, 0.07678, 0.0344976, -0.00330832, 0.0453006, 0.0334159, -0.0717827, 0.65821, 0.088257, 0.1414, -0.0243572
# 4.66371e-05, 0.0026315, -0.0181144, 0.00285569, 0.00274266, -0.00206092, 0.00108242, -0.00189262, -0.00108219, 0.00356292, 0.00578996, -0.00676171, -0.0844519, 0.250771, 0.0025541, 0.0140591, 0.064704, -0.00692503, -0.0122801, 0.0329717, -0.0251423, -0.12324, -0.00216805, 0.0231634, 0.0747975, -0.0333617, -0.106253, 0.107257, 0.0309958, -0.0309048, 0.088257, 0.733217, 0.0810175, -0.0558861
# 0.0036449, 0.00234347, -0.0192342, -0.00266, 0.00116214, -0.00516306, 0.00211611, 0.000606461, -0.0022759, -0.00199477, -0.00204897, 0.0110113, -0.0519034, 0.02095, 0.000440747, -0.0145817, 0.00967776, 0.00252047, -0.000885944, 0.0235153, -0.0125469, -0.00973928, -0.102814, 0.0135619, 0.00297302, 0.0738886, 0.0525506, 0.0312694, -0.00115561, -0.0579868, 0.1414, 0.0810175, 0.630332, 0.0278194
# 0.00121053, 0.00329891, -0.0141475, -0.000437057, -0.00206042, -0.00233027, 0.00317183, 0.000816551, 0.00347997, 0.00118953, -0.00437459, 0.0228554, 0.000337595, -0.0467822, 0.0118804, -0.0125146, -0.0186822, -0.0226777, -0.00560717, -0.0417616, 0.0325417, 0.00823663, -0.00985435, -0.134651, 0.0778274, 0.0884261, 0.0196225, 0.0835109, 0.1189, 0.0422452, -0.0243572, -0.0558861, 0.0278194, 0.726084
-649.72979,0.99581858,0.21265606,4,15,0,666.75582,0.40093608,2.4544978,-0.77721587,0.23542114,-0.36583245,0.25969867,-0.19599288,0.32926818,-0.14445059,0.4383803,-0.31189694,-0.36586392,-1.7646056,0.25924896,-0.84426209,0.068810206,0.38859089,-0.53397301,0.87685956,1.2893034,-0.71498121,-1.4406276,-0.58391735,0.3588081,0.45711267,0.6007732,0.58734282,0.12905325,-0.56877136,-0.42219779,-1.9230065,-0.15366032,-0.3915151,-0.31721223
-654.06952,0.89971941,0.21265606,4,15,0,667.17388,0.45024017,2.1968201,-0.86707653,0.21510832,-0.39372374,0.20299166,-0.075606713,0.39990679,-0.056563185,0.39144544,-0.22796082,-0.57732045,-2.364243,0.74031813,-0.18488458,1.2664404,0.82282584,0.27999782,0.99043922,1.7914537,-0.7066594,-0.77626606,0.33008261,0.06863621,0.072634656,-1.6591407,0.97432579,-0.32144339,0.1144674,0.69897595,0.28583042,-1.469213,0.15976707,1.5484796
-653.1713,0.97992307,0.21265606,4,15,0,669.72654,0.38130887,2.2285496,-0.77884182,0.28748635,-0.41205942,0.23634285,-0.071478835,0.37704434,-0.060215777,0.43416346,-0.24700078,-0.88888451,-1.4540691,0.46454034,-0.2882092,0.76014265,0.68375361,0.29008559,1.7187543,2.1209822,-0.1732516,-1.2969526,-0.027756252,0.61632961,-1.009744,0.017850483,0.98115294,-0.039160267,0.30659709,0.89554957,-1.5373319,0.49924936,-0.36363945,0.23125006
-650.73665,0.98838719,0.21265606,4,15,0,664.2073,0.46536787,2.3848591,-0.88108469,0.20495502,-0.38105018,0.21955232,-0.13338682,0.33215506,-0.032970968,0.36983026,-0.24781068,-0.66707425,-1.4155683,-0.2415132,-0.94840508,0.67254279,0.29744719,-0.27994239,0.95762051,1.1915645,-0.35181905,-1.6839518,-0.20632217,0.16333909,1.1243537,0.41436941,1.9213709,-0.17802162,-0.1581478,0.22934213,-1.5843613,-1.306616,0.94135684,-0.19521893
-649.31376,0.96482181,0.21265606,4,15,0,662.84642,0.47634521,2.3839576,-0.72807437,0.27328627,-0.33745178,0.24577217,-0.14849869,0.40811372,-0.067272851,0.42564432,-0.31780602,-0.90500735,-1.2740738,0.26355831,-1.2719468,0.86552296,0.7692779,-0.56029777,1.3120056,2.0154951,-1.2226839,-1.2531411,-0.62278368,0.15804649,-0.1937567,-0.31365655,0.6616259,-0.018188134,-0.54781883,0.7936655,-0.96152614,-1.1639273,-0.54922923,0.050692043
-650.04837,0.95889588,0.21265606,5,31,0,665.79882,0.3207485,2.4211059,-0.83084016,0.24120396,-0.4377348,0.21665003,-0.19286168,0.32367376,-0.10902847,0.42475005,-0.20397267,-0.92824163,-1.1429458,0.033086864,-0.40630927,0.53542217,-0.026501089,-0.43078926,1.0762234,1.2781413,-0.83557231,-1.8000027,-0.58856276,0.20754636,0.028005629,-0.33227662,2.0016516,0.649135,0.29863009,0.45071049,-1.5946113,-0.7718365,0.46632033,-0.28437633
-650.60721,0.96285794,0.21265606,4,15,0,661.13561,0.49767997,2.5161177,-0.74416345,0.23843006,-0.33573235,0.26692952,-0.097798399,0.35314082,-0.093503383,0.3878865,-0.26616,-0.56787039,-2.056406,0.49331554,-1.1180612,0.35883578,0.5213445,-0.42728844,0.72025505,1.6370013,-1.2652118,-1.387518,-0.3153616,-0.094662835,-0.0030262712,-0.13436551,1.0454943,0.088125194,-0.15236215,0.22249879,-0.57775869,-0.87933818,0.77871176,0.52324758
-650.91556,0.96093597,0.21265606,4,15,0,664.79007,0.33671623,2.4106864,-0.85652658,0.27475546,-0.43370204,0.19717756,-0.15385486,0.39306211,-0.069911186,0.40984956,-0.26603869,-0.88862646,-2.3462954,0.20421472,-0.8403858,0.68140849,0.42607711,-0.56671928,1.3083453,1.5752003,-0.94738361,-2.0150497,0.1399938,-0.10175185,0.29901026,0.078095247,0.91186494,0.94094929,0.14755518,0.066818658,-0.62686557,0.15086066,-0.39048859,-0.21021872
-660.67494,0.96987297,0.21265606,4,15,0,671.39606,0.46884125,2.5933795,-0.83246626,0.1628736,-0.30322606,0.21727538,-0.11633776,0.317173,-0.1284523,0.41448833,-0.19859251,-0.67238524,-1.8496327,-0.43443515,-1.2779427,0.28026458,0.36634891,-0.44049746,0.58039538,1.7325129,-1.3985135,-1.8204348,-0.74245637,0.090285559,-0.24402013,-0.30765644,1.6704694,-1.1865907,-2.2090485,-0.034085167,-2.6731195,-1.9152842,0.67488605,-1.5649983
-659.04129,0.88429162,0.21265606,4,15,0,679.13997,0.448365,2.4968975,-0.89140841,0.25837531,-0.370984,0.21594338,-0.14521495,0.3967857,-0.087390985,0.39028568,-0.23434617,-0.57999485,-2.349929,-0.50374207,-1.3010088,0.55614867,0.73663663,-0.31624974,0.79017278,2.0897907,-1.2273583,-1.6847055,-0.32198524,0.021671636,0.83079925,-0.44864482,0.12462529,-0.20302826,-2.1816392,0.23078955,-2.8637099,-1.4810751,-0.48631854,-1.2067472
-660.22223,0.9004536,0.21265606,4,31,0,678.21919,0.36942668,2.3387917,-0.76863985,0.21576165,-0.38874313,0.28114565,-0.051104803,0.347115,-0.10617664,0.3996316,-0.3120632,-0.98178136,-2.2063232,0.51136074,-0.63860784,1.0163909,0.60822176,0.24429879,1.0689553,1.558569,-0.8997996,-1.5116304,-0.059085282,0.56120778,-1.8129348,-0.23138391,0.68504655,0.55674821,1.872614,0.052251802,-0.31586329,-1.0071478,0.54118375,0.91019447
-658.32285,0.99417591,0.21265606,4,31,0,676.295,0.3628472,2.3857018,-0.90610271,0.27403055,-0.37881815,0.29228328,-0.11722507,0.41688085,-0.082865665,0.40468363,-0.27891795,-0.74381628,-1.4503417,0.80337904,-0.63880385,0.56283216,0.74757172,-0.40594896,0.79842499,1.1038614,-1.1971489,-1.8165369,-0.35661238,0.16175008,0.063458339,0.071765622,1.4858476,0.76825809,0.50814366,0.42993542,0.35975315,-1.1907509,0.77504185,0.30305622
-664.05212,0.88076468,0.21265606,4,15,0,675.50813,0.42502262,2.2536206,-0.89329866,0.18408823,-0.4141682,0.17159064,-0.1270184,0.33570423,-0.15320694,0.36107965,-0.24836139,-1.1344505,-1.6984098,-0.084840873,-0.65843247,0.87992749,0.93267219,0.080539221,2.3120219,3.0151311,-0.40201793,-0.92732439,0.36556509,0.32855221,-0.59195716,1.0781283,1.0864894,-1.6627093,-0.73348145,-0.59431612,-1.3289882,0.2080697,-0.37747974,0.70485144
-662.1064,0.97500237,0.21265606,4,15,0,683.45905,0.37172948,2.2632304,-0.79172445,0.33925106,-0.34582383,0.2743979,-0.16189096,0.38383373,-0.037817894,0.4494111,-0.2121633,-0.80252902,-2.3246129,0.7577004,-0.767048,0.91911613,1.0400429,-0.15226711,0.87017042,1.3252725,-1.4234021,-1.4728855,0.05609525,1.1000432,0.78509257,-1.2249401,0.96300463,1.9271314,0.18184598,0.30474218,1.2140669,-1.0856759,0.39856466,-0.62680158
-663.45352,0.97904899,0.21265606,4,15,0,677.92236,0.33598339,2.4570818,-0.92986742,0.13679243,-0.49212411,0.22852106,-0.069926311,0.31169617,-0.15037549,0.36140791,-0.33535368,-0.65347733,-1.9618638,-0.35613479,-0.56257271,0.03905359,0.29113963,-0.35690257,1.5427549,2.0027213,-0.30658908,-1.5815212,-0.32922637,-0.14618595,0.29769047,0.78187683,0.38597826,1.2402829,-1.7905065,-0.71107059,-1.5945791,-0.31035045,-0.65417071,1.7692518
-663.07503,0.96924381,0.21265606,4,15,0,680.18613,0.44067648,2.5622884,-0.80435488,0.30537607,-0.34882376,0.23136742,-0.2263267,0.41129098,-0.023434201,0.46631577,-0.1867112,-0.89646567,-1.6681953,0.37066622,-1.3283351,0.41970236,0.066334594,-0.69130369,0.28423041,0.97334384,-1.9516285,-1.7470746,-0.8321198,0.095282119,1.1713983,-2.0269856,2.1992914,-1.1259892,0.13695271,1.4570465,1.371302,-1.6114011,-0.21913657,-1.3249305
-659.97417,0.99649248,0.21265606,4,31,0,682.21727,0.37933504,2.4250596,-0.81115303,0.27582342,-0.44339084,0.27331945,-0.045899842,0.32043251,-0.19466268,0.37854605,-0.32587865,-0.73425526,-2.0226123,0.50177132,-1.1021862,0.059337636,0.65694699,-0.50234163,0.98655383,1.5417882,-0.72880857,-1.7594592,-0.32088647,0.11688197,0.66740265,1.2405577,-0.39385561,0.35677801,-0.29032851,-0.85394345,-3.3503989,0.32215177,0.31632025,1.5919581
-655.12663,0.97599827,0.21265606,4,15,0,675.66434,0.36845028,2.7022514,-0.9593217,0.24792021,-0.36157944,0.23788114,-0.16365251,0.3116422,-0.14619252,0.33843291,-0.11498527,-0.44397923,-1.6627599,0.0013613088,-1.0566638,0.19082732,-0.11322994,-0.42718777,0.76415119,0.82450395,-1.2099223,-1.4243887,-0.68529612,-0.19048692,0.8517509,0.46264937,1.2208089,-0.70330316,-1.759608,-0.49188835,0.0024045007,-1.4865695,0.092214319,-0.25664374
-650.22719,0.97304127,0.21265606,4,15,0,669.09093,0.41482453,2.5882756,-0.73121394,0.30289363,-0.42298773,0.27997974,-0.15904712,0.37256426,-0.062251855,0.35580493,-0.22466136,-0.39664859,-0.99551067,-0.37990441,-0.92699762,0.3775471,-0.37409607,-0.69134947,0.8549066,1.1951852,-1.0677305,-1.5290576,-0.67182714,-0.11783275,-0.68387566,-0.2342606,1.9797381,-0.34597397,0.277231,0.056437792,-1.1486656,-0.10901295,-0.20391431,-0.7099913
-650.3069,0.92482502,0.21265606,4,15,0,676.48236,0.41575434,2.4849436,-0.75097783,0.29700864,-0.43311741,0.26962653,-0.16265277,0.37408044,-0.059138454,0.34306861,-0.22060395,-0.23390217,-1.1135006,-0.44739913,-0.73876683,0.69134619,-0.19703947,-0.37430797,0.88495309,1.1998168,-0.78485177,-1.1540886,-0.41220998,0.042938774,-0.66475061,-0.21352486,2.2292547,-0.4664914,0.34165385,0.13015488,-1.2736515,-0.35915259,0.11014043,-0.77134295
-656.17397,0.96010151,0.21265606,4,15,0,664.51161,0.38402214,2.2200632,-0.8122063,0.2621923,-0.39402532,0.28350334,-0.13622194,0.35732386,-0.0025563728,0.29276594,-0.21866459,-0.65074744,-1.5944029,-0.16661801,-0.13781872,1.2092943,0.50091002,0.14940819,1.3127913,1.5565725,-0.6716006,-1.3220678,0.047098416,0.22263301,-0.58638681,-0.18638907,1.2760966,-0.69490284,0.96231483,-0.44997123,-1.690877,-0.89113576,-0.49130455,0.25210569
-658.45006,0.95271941,0.21265606,4,15,0,677.68722,0.38357762,2.3164922,-0.8052647,0.25442882,-0.28670719,0.32233993,-0.18324454,0.40002555,-0.13601912,0.39515823,-0.31451999,-0.46102806,-1.7558238,0.32347993,-0.67949659,-0.044355648,0.63277109,-0.30417,0.910318,1.447266,-0.74663038,-0.92702579,-0.59209539,0.59474348,-0.60071392,1.5030924,1.2423221,-0.34704548,-1.3545634,-0.010051681,-0.52377152,-0.20898907,1.7210175,-1.8749229
-660.16466,0.9847889,0.21265606,4,15,0,680.20347,0.4033429,2.2579465,-0.82370063,0.1555823,-0.51508398,0.31804203,-0.11784432,0.34900531,-0.14885509,0.37554733,-0.22715464,-0.54948248,-1.2049999,0.1350863,-0.23209401,0.61901548,0.26219494,0.15667187,1.1062906,1.3357026,-0.39133297,-1.704115,0.12766875,0.13798966,0.18103527,0.26387434,1.3792365,-0.019948519,1.4900935,0.56510015,-1.7217145,0.38583405,-0.81277049,0.67755786
-650.92179,0.94922103,0.21265606,4,15,0,678.24965,0.41312544,2.3856284,-0.72265474,0.20968479,-0.48157552,0.28569285,-0.14576666,0.38137925,-0.12610493,0.35463618,-0.23252221,-0.68592065,-1.4459109,0.71487368,-0.72992863,0.1923653,0.20940663,0.046311369,0.91794064,1.4834156,-0.45334139,-1.8208087,-0.09279462,0.28438385,0.66571732,0.62023559,0.51541103,-0.46348634,-0.029395129,-0.50323942,-1.5796973,0.38623927,0.061845088,-0.96503686
-647.59764,0.98889055,0.21265606,4,15,0,660.5337,0.43545241,2.3738986,-0.68999307,0.24935625,-0.40088899,0.22553519,-0.15658227,0.38136484,-0.080123308,0.35830227,-0.23486637,-0.6049127,-1.1278198,0.19188205,-0.94271215,-0.041386315,0.19203961,-0.4685617,0.52503225,1.1302171,-0.57232555,-1.4608505,-0.047924278,0.17300135,0.21811237,0.62257021,1.4577767,-0.46717463,0.51108354,0.5620781,-2.4460492,-0.31752358,-0.13672823,-0.55082946
-655.01918,0.83259371,0.21265606,4,15,0,666.67066,0.48260484,2.4722785,-0.65227475,0.2032401,-0.32264146,0.20650962,-0.16122699,0.30160785,-0.088566889,0.44333687,-0.25575352,-0.82860627,-0.97882784,-0.073048767,-1.3548757,0.60310635,-0.2127247,0.0047245333,1.1318474,1.8810844,-1.2798465,-1.5811476,-0.86566859,-0.012575733,0.42050116,-0.67576772,1.2446566,-0.46608439,-1.0579403,-0.81275415,0.35156278,-1.7001852,-0.20036333,-0.61357901
-651.60017,0.98685814,0.21265606,4,15,0,666.18892,0.40790844,2.2586186,-0.67772298,0.20663692,-0.43726976,0.22537541,-0.16348368,0.39917497,-0.097380191,0.36417757,-0.23377071,-0.45680236,-1.0968049,0.47892638,-0.417815,0.51852187,0.54918175,-0.33462217,0.81611115,1.2671753,-0.45017578,-0.98160607,0.10216852,-0.27944899,0.53195547,-1.0622846,0.75969843,-0.95410622,-0.79751679,0.19736106,-2.0724037,-0.86459176,-0.43520862,1.6236144
-661.79496,1,0.21265606,4,15,0,676.7519,0.34081007,2.558222,-0.93821087,0.24019581,-0.34155177,0.21302952,-0.17987462,0.33756468,-0.072174603,0.52063478,-0.21671719,-1.0072274,-1.6938579,-0.11548621,-1.0879817,0.41151255,0.66190625,0.072714714,1.2744648,1.7505596,-0.96074318,-2.0402448,-0.27797728,0.60266238,-0.13611962,1.1658549,1.6715832,0.10924294,0.14933789,0.12490633,-1.217347,0.35694916,0.048084912,-1.2046813
-654.96449,0.99575085,0.21265606,4,15,0,678.86443,0.41939943,2.1245798,-0.83299259,0.24714364,-0.39971964,0.29417836,-0.16035129,0.3973288,-0.093695409,0.35199118,-0.27944244,-0.56760556,-1.6112299,0.82607474,-0.21137361,0.81565825,1.1216951,-0.084859702,1.0500974,1.6712261,-0.63657488,-0.53420881,0.27749842,0.16875384,-0.647193,1.3451286,0.21065698,-0.23153622,-0.33244713,0.12780948,1.2707375,-2.3182682,0.98207232,1.5847791
-659.06475,0.9653985,0.21265606,4,15,0,670.71343,0.38224814,2.4317744,-0.73315219,0.25426697,-0.37607171,0.15156483,-0.1055814,0.34708909,-0.08126312,0.49110099,-0.24267697,-0.58372406,-1.7595619,-0.010234607,-0.92511638,0.71849572,0.1708332,-0.13381678,1.3803072,1.5415194,-0.79983085,-1.8946416,-0.21415796,0.55895086,1.3131004,-1.1240294,2.0166696,-0.1728446,-0.72192259,-0.41636977,-1.9720133,1.1844662,-0.94063611,-1.7460491
-661.89548,0.71244202,0.21265606,5,31,0,678.02759,0.40608704,2.3461059,-0.86061236,0.24753719,-0.38248603,0.21784391,-0.12894096,0.37172409,-0.15799741,0.36178032,-0.19368493,-0.85097669,-1.9352562,-0.0092857773,-1.0304606,1.0787382,1.8218475,-0.23224992,1.5655352,2.1812127,-0.70171913,-1.4706302,-0.41692047,0.85554062,0.30287626,-0.48726166,-1.6514861,0.14944488,-0.95921264,1.4126823,-1.2260987,0.8195558,1.2875933,-0.80792664
-669.41442,0.92930641,0.21265606,4,31,0,682.56457,0.41893381,2.4275938,-0.79523487,0.19891644,-0.41299114,0.25337379,-0.18716007,0.29047326,-0.018754664,0.40630105,-0.23327411,-1.3767395,-0.66395254,-0.39575107,-1.5423219,0.96025599,0.52609176,-1.7798623,1.3540112,2.0179928,-1.7806226,-2.1581266,-0.39915569,0.67505592,0.071912443,0.28719935,2.0449176,0.62692602,0.60751191,0.48233813,-0.31890621,-1.7741437,-0.14708272,0.32175859
-666.0455,1,0.21265606,5,31,0,681.5351,0.42706409,2.3143821,-0.64245244,0.21712488,-0.38790293,0.28951111,-0.18640242,0.25984332,-0.075854012,0.40850029,-0.2252531,-0.88139241,-2.5322774,0.034066534,-1.7901942,0.49086769,0.25207236,-0.355744,0.84769916,1.6539533,-1.6316679,-1.2910441,-0.80030909,0.26114096,0.59196793,0.16900164,0.062086965,0.83564889,1.5611518,-1.2915796,0.57467462,-1.2312505,-0.85827279,0.64553986
-663.57648,0.99341478,0.21265606,4,31,0,679.78953,0.33342049,2.5042019,-0.94975055,0.26027571,-0.39194681,0.15700214,-0.074561323,0.46876243,-0.14009789,0.41202229,-0.27559679,-0.51981025,-1.9624927,0.82218998,-0.06882629,0.76907648,0.82488958,-0.24322183,0.93705167,1.2617586,-0.40952752,-1.4328821,0.4323559,0.25468715,-0.39195825,-0.14554303,1.1406772,-1.083361,-0.59394158,0.78223214,-0.34716828,0.38328396,0.49616576,-0.71055591
-659.65024,0.91768865,0.21265606,4,15,0,681.40307,0.3601839,2.2937041,-0.82536615,0.24682867,-0.41264081,0.23673612,-0.1442524,0.43368519,-0.14360762,0.41168245,-0.23071022,-1.2157848,-1.8832566,-0.37609639,-1.0457527,1.0420462,0.72168253,-0.86781403,2.457741,2.6115755,-0.7449362,-1.6433895,-0.57323005,0.2565179,-0.39063134,0.67556828,1.0566797,0.10612243,-0.15121056,0.81717068,-0.35542788,-1.1465386,0.75957871,-0.29518223
-666.34419,0.54689211,0.21265606,4,31,0,675.99884,0.3394436,2.4923404,-0.83004921,0.25176654,-0.36199338,0.18202113,-0.11292738,0.36984639,-0.11402674,0.37547399,-0.23678638,-1.0176713,-1.8210604,0.63964941,-0.81101166,0.45906009,0.40343148,-1.9369126,1.6988707,2.0159608,-2.0588664,-1.8803357,-0.44895266,0.24323908,-0.86302128,0.79426744,0.88376855,0.50531082,-0.23133484,0.16335091,1.1133275,-0.19835006,1.3620087,-0.53836367
-662.18294,0.99360661,0.21265606,5,31,0,682.70134,0.46246262,2.307036,-0.77610877,0.26057004,-0.40045162,0.25685074,-0.14852461,0.3412375,-0.097016185,0.35760933,-0.21927863,-1.2145653,-1.6288444,0.79505713,-1.1522001,1.4875832,0.7539628,0.7522551,0.91031078,2.4343564,-1.2417669,-2.2042469,-0.35873777,0.097246953,1.3917905,-1.7919859,0.3101056,-0.46376332,-0.93179128,-0.71108466,-0.15561998,-1.4240312,1.2721612,-0.044555526
-664.4168,0.97515983,0.21265606,4,31,0,683.13635,0.42013549,2.3329901,-0.76535956,0.26467442,-0.43958049,0.268528,-0.16005716,0.32936446,-0.063970599,0.41216272,-0.21297204,-1.3613537,-1.980198,0.79393691,-1.5789278,1.8652904,0.6015472,-0.077072848,0.94317148,2.2903858,-1.0967032,-2.2090248,0.036708356,0.23385226,1.1054839,-2.4566433,0.51106902,1.3311393,0.22664416,-1.1668901,0.17954491,-2.3300826,-0.27809731,0.022313127
-657.55488,0.98842819,0.21265606,4,15,0,681.36227,0.36857471,2.3575269,-0.74672377,0.21605649,-0.35223095,0.24665768,-0.15676039,0.34860659,-0.1450808,0.36587904,-0.27916824,-0.76984361,-2.7378217,-0.12673101,-0.76489646,0.018559348,0.9211887,-0.10678871,1.2664649,2.3701623,-1.2559074,-1.7448473,-0.41903398,0.29793584,1.0276856,1.7436086,0.09370408,0.94551747,-0.63675561,1.2141702,-1.4422324,0.0098893822,-0.36671539,0.24984686
-659.88417,0.98277317,0.21265606,4,31,0,676.04103,0.33951129,2.2920082,-0.90343401,0.23339073,-0.40850803,0.33583428,-0.087410514,0.33357293,-0.13792935,0.42114486,-0.2138351,-0.91955169,-1.9805191,0.018823774,-0.97934727,0.89378406,1.5542274,0.0045642954,1.5640697,2.933528,-0.69480312,-1.2107647,0.17515821,0.018196786,0.75487575,-0.018778916,0.26005877,0.62284469,-0.69389764,-0.010942729,0.68458425,-0.29559961,0.18597389,2.3697236
-646.78535,0.98043906,0.21265606,4,15,0,672.71174,0.44151908,2.3974672,-0.87239216,0.28618579,-0.40851866,0.19210785,-0.18981525,0.3691248,-0.099552052,0.38888361,-0.27148437,-0.41721396,-1.4660177,0.4000932,-0.31764341,0.48347455,0.44822906,-0.25104745,0.44056889,1.0793465,-0.75265898,-0.72590301,0.06088329,0.2159281,0.16695186,0.52891197,0.41530218,-0.2105023,0.3586635,0.016449838,-0.89175144,-1.4590157,-0.11691549,-0.46628285
-657.05667,0.8730696,0.21265606,4,15,0,666.9573,0.44857536,2.4882643,-0.82201751,0.30837753,-0.38398104,0.27481319,-0.15198626,0.41343107,-0.16115528,0.43075461,-0.24666238,-0.93418261,-1.3837966,0.42996581,-1.1617469,1.3552557,0.31065074,-0.39954983,0.57795505,1.562533,-0.89111547,-1.3943297,-0.97643605,-0.12848543,-0.26413163,-1.4107615,1.0998552,0.037398961,0.36400627,0.092966798,0.38113116,0.29416595,1.1137503,1.0112827
-660.33931,0.93277598,0.21265606,4,15,0,677.02337,0.37306797,2.3099609,-0.78386006,0.25342658,-0.39154112,0.23524649,-0.16250592,0.30953787,-0.018558836,0.4245776,-0.210798,-1.2053759,-2.5986537,0.26434061,-1.0807865,0.7239836,1.2362298,-0.38490953,2.2806389,2.3739331,-1.5908937,-2.1378523,0.49900854,0.75295187,1.09062,1.0765147,1.7164621,-0.074820928,-0.18289128,-0.099898737,-1.0161953,-1.5571766,-1.0183938,0.57509154
-663.51573,0.95941976,0.21265606,4,15,0,689.0334,0.36962901,2.2899436,-0.75667909,0.23739035,-0.40867466,0.2399794,-0.18965297,0.30276073,-0.041028812,0.45741907,-0.18916695,-1.2381184,-2.1077456,0.26083256,-1.0931725,0.94421778,1.240329,-0.33727718,2.593796,2.4403058,-1.2626538,-2.4076934,0.50228324,1.0508671,1.5086553,0.81624311,2.0426176,-0.26827494,-0.95990603,0.64033075,-1.6790776,-0.47894862,-1.1831298,0.28266178
-659.03219,0.99439681,0.21265606,5,31,0,678.13974,0.40320503,2.538555,-0.76986399,0.2989879,-0.3630519,0.32398413,-0.17251772,0.45195079,-0.14589825,0.45758027,-0.25415837,-0.58721476,-1.8092909,0.16903645,-0.86310673,0.3686782,0.44005552,-0.52879701,0.78449054,1.9924278,-0.9840682,-1.6790061,-0.24777671,-0.15532861,-0.98924103,-0.70400849,-0.044420702,1.0369735,1.6291935,-1.587748,0.45442618,0.63136686,-0.39880655,-0.53387017
-666.13494,0.96973498,0.21265606,4,15,0,678.55782,0.37205031,2.6005255,-1.0344452,0.24742701,-0.40297922,0.15080737,-0.12539798,0.29481524,-0.04485022,0.37047934,-0.25932682,-1.276001,-1.8331154,-0.20935192,-1.7369762,0.48245724,0.40904546,-1.5506092,1.7357702,1.4358978,-1.3939135,-2.400744,-0.78339963,0.55261161,1.4713101,0.46794491,1.9129206,0.013044294,-1.1277746,2.1852805,-2.1886539,-1.1128258,0.64414339,0.48697833
-672.00705,0.99114169,0.21265606,4,15,0,684.47658,0.37902956,2.4452993,-1.0166038,0.23420668,-0.42019509,0.13284665,-0.13277028,0.30452587,-0.0027300201,0.38681966,-0.18966002,-0.94345688,-1.6667257,0.20352478,-0.93158906,1.1408466,1.0985542,-1.2164112,1.5091126,1.0032801,-0.93866324,-1.4675651,-0.44934347,1.2258724,1.4981083,-1.5735321,1.9457622,1.2736771,-0.68049812,1.32514,-1.0567143,-2.1738654,0.38412706,-0.011020162
-660.12296,0.99869127,0.21265606,5,31,0,686.49153,0.36660035,2.5719829,-0.94558761,0.16420063,-0.41851081,0.21048463,-0.10858987,0.30234544,-0.066409691,0.37393222,-0.25616206,-1.1812426,-1.6060995,0.45159335,-1.5506568,-0.050428921,0.69553448,-0.59345113,1.2449989,1.1032131,-1.2559513,-1.8697261,-0.8649009,0.48681302,0.53818605,-0.47230161,1.6453897,0.57856797,-0.73482404,2.3105126,-0.33124997,-0.28162173,0.73669656,-1.0709525
-656.86799,0.9882149,0.21265606,4,15,0,678.70322,0.44734711,2.199719,-0.71051538,0.34720741,-0.37645808,0.31582884,-0.17263741,0.42138226,-0.1195664,0.43449454,-0.2069303,-0.78004005,-1.7858931,-0.10642651,-0.63877235,1.3182821,0.49301094,0.2152764,1.3695576,2.7580171,-0.76088717,-1.2587748,0.44138506,0.014016846,0.24480203,0.78033945,1.9556661,-1.0820251,-0.26170469,-1.6010624,0.050177117,-1.75849,-0.39120143,1.0254672
-657.01611,0.97543772,0.21265606,4,15,0,677.23455,0.33300483,2.2326062,-0.83896277,0.19735278,-0.36246431,0.20010446,-0.14874797,0.43180904,-0.055834186,0.37579119,-0.26353966,-0.40881538,-0.85986995,-0.60542712,-0.64987695,1.2645053,0.56793011,-0.18307469,0.77077572,1.6672008,-0.32683839,-1.1428296,0.51069789,-0.055589529,-0.80473031,-0.033083481,1.8113979,-0.34398895,1.5436622,0.99249121,-0.80129379,-0.34643917,-0.1992916,1.3409711
-657.47398,0.9926478,0.21265606,4,31,0,673.1277,0.26740907,2.273892,-0.83124659,0.29901599,-0.43488379,0.17411484,-0.1815212,0.4337898,0.013037904,0.40061298,-0.26560678,-0.42190321,-1.2149928,-0.37777798,-0.46922891,1.1687873,0.23298264,-0.027978584,0.94400849,1.5733373,-0.68046348,-1.1470634,0.19615551,-0.036421557,-0.41055746,0.050878416,1.2330946,-0.72032556,0.52205083,0.3358774,0.53585507,-0.97248687,-0.80848855,0.69242201
-660.67361,0.88473639,0.21265606,4,15,0,674.56808,0.23453826,2.3628721,-0.69688839,0.28647026,-0.38577014,0.18634605,-0.21565193,0.42370841,0.012092212,0.44346983,-0.25856146,-0.68422114,-2.0440316,-0.094061771,-0.89902743,0.73473307,0.59423758,-0.53368561,0.75799013,1.3365519,-1.1282488,-1.6421662,0.070720193,-0.10328534,-0.63425801,-1.2455831,0.65286466,0.064609533,1.2434049,-0.657902,-0.031063057,-0.98947587,0.44132843,0.71362957
-656.89412,0.97802952,0.21265606,5,31,0,677.42957,0.54049305,2.4529113,-0.82274339,0.24766556,-0.38532801,0.24351946,-0.062565547,0.31611655,-0.1751236,0.39940034,-0.26547026,-0.86488293,-2.2985636,0.45538151,-1.0710968,0.55118317,0.41716023,-0.62380157,1.0266065,1.8325353,-1.0767029,-2.241564,-0.60148374,0.33717101,1.0086467,1.3060647,0.72148253,0.21625221,-0.8977866,1.1253445,0.055772762,0.54247283,-1.1513024,-0.57743617
-650.97,0.96876558,0.21265606,4,15,0,670.55469,0.35525962,2.4438031,-0.83468316,0.27498789,-0.38549691,0.18719276,-0.11155045,0.34832876,-0.055981608,0.45558859,-0.31990324,-0.45634529,-1.9450727,0.059949283,-0.96665031,0.882135,0.35183281,-0.13982841,0.93196937,1.1089208,-0.66475485,-1.0663392,-0.056771123,-0.19322655,0.17495662,0.15729571,0.30361212,-0.48999667,-0.95559839,0.038728075,-1.0275262,-0.011843733,-0.58151544,0.79886439
-657.87975,0.91691661,0.21265606,4,15,0,670.76185,0.3518795,2.3841781,-0.87789272,0.28772643,-0.42579161,0.15212171,-0.12661965,0.33895475,-0.018732732,0.41823012,-0.30088615,-0.60550307,-1.5200246,-0.27080347,-0.89463551,0.66634021,0.15809766,-0.029646498,1.6063858,1.8082822,-0.13976483,-0.98621135,0.15708146,-0.12623763,-0.041578066,0.49396643,0.4531991,-0.43413805,-1.0508399,-0.067570328,-2.450046,-0.56054676,-1.1001429,0.55085353
