# stan_version_major = 2
# stan_version_minor = 37
# stan_version_patch = 0
# model = survival_model
# start_datetime = 2026-03-12 18:17:25 UTC
# method = sample (Default)
#   sample
#     num_samples = 2000
#     num_warmup = 1000 (Default)
#     save_warmup = false (Default)
#     thin = 1 (Default)
#     adapt
#       engaged = true (Default)
#       gamma = 0.05 (Default)
#       delta = 0.8 (Default)
#       kappa = 0.75 (Default)
#       t0 = 10 (Default)
#       init_buffer = 75 (Default)
#       term_buffer = 50 (Default)
#       window = 25 (Default)
#       save_metric = false (Default)
#     algorithm = hmc (Default)
#       hmc
#         engine = nuts (Default)
#           nuts
#             max_depth = 10 (Default)
#         metric = dense_e
#         metric_file =  (Default)
#         stepsize = 1 (Default)
#         stepsize_jitter = 0 (Default)
#     num_chains = 1 (Default)
# id = 2
# data
#   file = /Users/dansprague/Documents/PhaseSkate/benchmarks/scaling/data/data_H50.json
# init = 2 (Default)
# random
#   seed = 42
# output
#   file = /Users/dansprague/Documents/PhaseSkate/benchmarks/scaling/stan_output/survival-20260312141725_2.csv
#   diagnostic_file =  (Default)
#   refresh = 100 (Default)
#   sig_figs = 8 (Default)
#   profile_file = profile.csv (Default)
#   save_cmdstan_config = false (Default)
# num_threads = 1 (Default)
# stanc_version = stanc3 v2.37.0
# stancflags = --filename-in-msg=survival.stan
lp__,accept_stat__,stepsize__,treedepth__,n_leapfrog__,divergent__,energy__,log_alpha,beta_0,trt_effect,beta.1,beta.2,beta.3,beta.4,beta.5,beta.6,beta.7,beta.8,log_sigma_int,log_sigma_slope,rho,z_int.1,z_int.2,z_int.3,z_int.4,z_int.5,z_int.6,z_int.7,z_int.8,z_int.9,z_int.10,z_int.11,z_int.12,z_int.13,z_int.14,z_int.15,z_int.16,z_int.17,z_int.18,z_int.19,z_int.20,z_int.21,z_int.22,z_int.23,z_int.24,z_int.25,z_int.26,z_int.27,z_int.28,z_int.29,z_int.30,z_int.31,z_int.32,z_int.33,z_int.34,z_int.35,z_int.36,z_int.37,z_int.38,z_int.39,z_int.40,z_int.41,z_int.42,z_int.43,z_int.44,z_int.45,z_int.46,z_int.47,z_int.48,z_int.49,z_int.50,z_slope.1,z_slope.2,z_slope.3,z_slope.4,z_slope.5,z_slope.6,z_slope.7,z_slope.8,z_slope.9,z_slope.10,z_slope.11,z_slope.12,z_slope.13,z_slope.14,z_slope.15,z_slope.16,z_slope.17,z_slope.18,z_slope.19,z_slope.20,z_slope.21,z_slope.22,z_slope.23,z_slope.24,z_slope.25,z_slope.26,z_slope.27,z_slope.28,z_slope.29,z_slope.30,z_slope.31,z_slope.32,z_slope.33,z_slope.34,z_slope.35,z_slope.36,z_slope.37,z_slope.38,z_slope.39,z_slope.40,z_slope.41,z_slope.42,z_slope.43,z_slope.44,z_slope.45,z_slope.46,z_slope.47,z_slope.48,z_slope.49,z_slope.50
# Adaptation terminated
# Step size = 0.318029
# Elements of inverse mass matrix:
# 0.00052777, 2.61543e-05, 0.000169106, -4.24921e-05, 7.09812e-05, -2.34387e-05, 2.59026e-05, -5.44231e-05, 3.79488e-05, -2.00153e-06, 4.04032e-05, -5.52797e-05, 4.86317e-05, 0.000339098, 0.000102313, -0.000353202, -0.000168391, 0.000127213, -0.0013619, 0.000345156, -0.000160523, 1.3437e-05, -0.000141919, -0.000144472, 0.000637367, 4.39051e-06, -0.000356657, -0.000217877, -0.000434221, -0.000573682, -0.000193611, -0.000567063, -0.000698895, -0.000392146, -0.000301321, 0.000159575, -6.60734e-05, -0.000398902, -0.00121988, 0.000266132, -0.000208212, -7.77294e-05, -3.26323e-05, -0.000481684, -0.000544784, -0.000561042, -0.000435618, -0.000385386, -0.000968399, -0.000242976, -0.000328372, -0.000158418, -0.000489594, -0.000545328, 0.000404912, -0.000343399, -0.000645862, -6.21279e-05, -0.000392618, -0.000128747, -0.000415678, -0.000300692, -0.00022545, 5.59922e-05, -0.00147617, -0.00139647, -0.000449718, -0.000642912, 0.00228939, -0.000528855, 0.000100703, -0.000135667, 0.000556956, -0.000156201, -0.00151627, -0.000351073, -0.000409311, -0.000380678, -0.000136057, 0.000226524, 0.000243262, 0.00076972, 0.000533513, 0.000566651, 0.000823255, -0.000442624, -0.00120635, -0.000492313, 0.00169373, -0.00118209, -0.00101077, -0.000424594, -0.000765661, -0.000405027, 0.000247338, 0.000142648, -0.00115408, -9.37708e-05, 4.81842e-05, -0.00064169, 0.00143302, -0.000561695, 0.00105673, 0.000585531, -0.00189258, -0.000452993, 0.00095602, -0.000986812, 0.00088582, -0.00110307, 0.000405259, -0.000580572, -0.000197461, -1.38567e-06
# 2.61543e-05, 0.0087298, 0.000181051, 4.83115e-05, -0.000195635, 0.000103854, -8.63435e-05, 0.000257473, -0.000114103, 8.31583e-05, -0.000174658, 0.00130337, -0.000481905, -0.000442158, -0.0110597, -0.0120325, -0.0106527, -0.0108358, -0.0130086, -0.0100714, -0.0104021, -0.0096731, -0.00970854, -0.0142807, -0.00833577, -0.00970242, -0.0139609, -0.00953655, -0.0123093, -0.0106187, -0.0129014, -0.0103398, -0.0106327, -0.0115938, -0.0125601, -0.011228, -0.0116437, -0.0145361, -0.013738, -0.0116823, -0.0115712, -0.0143167, -0.0129981, -0.0127223, -0.0130705, -0.0133185, -0.010478, -0.0113566, -0.0136329, -0.0135583, -0.0133524, -0.0113703, -0.0104324, -0.0106881, -0.0137144, -0.0111564, -0.0114218, -0.0117421, -0.0106416, -0.0117395, -0.0106321, -0.0122503, -0.0101553, -0.010733, -0.00167983, -0.00196918, 0.00149871, 0.000156246, -0.000717594, -0.00016991, -0.00565536, -0.00190018, -0.00145846, 0.00482572, -0.00630219, -0.00787961, 0.00279266, -0.000117929, 0.00507972, -0.00705907, 0.00115066, -0.00261919, -0.0032941, -0.00412633, 0.000714661, -0.00182309, -0.00141905, -0.000626182, 0.00246473, -0.00207589, 0.000666895, 0.00380842, -0.00179883, -0.00201872, 0.00219327, 0.00390725, -0.00526206, 1.11331e-05, 0.00326868, 0.00218019, 0.00190565, -0.00437238, -0.0015361, -0.00296018, -0.00168733, -0.00556999, -0.000814949, 0.000287425, -0.00965671, 0.000354599, -0.00123647, -0.000313725, -0.00482404, -0.00374236
# 0.000169106, 0.000181051, 0.00419694, -5.48863e-05, 4.22112e-05, 3.93201e-05, -1.41503e-05, -6.67832e-05, -7.0134e-05, -0.000135586, 6.8909e-05, -0.000556535, 0.000919324, 0.00397836, -0.00202884, -0.0032247, -0.00207068, -0.00348985, -0.00283339, -0.00321777, -0.00184328, -0.00131051, -0.00162098, -0.0033154, -0.0016364, -0.00193648, -0.00302065, -0.00312903, -0.00101786, -0.00183656, -0.00199186, -0.00269599, -0.0029209, -0.00322667, -0.000441479, -0.00259895, 0.000126555, -0.00113268, -0.00232008, -0.00114281, -0.00184659, -0.000447068, -0.00193248, -0.00113816, -0.00129779, -0.00317985, -0.00251503, -0.00187599, -0.00286539, 4.80513e-05, -0.0017115, 0.000360382, -0.0018637, -0.00227728, -0.00332496, -0.000713182, -0.00280188, -0.0037716, -0.00246919, -0.00129407, -0.00119235, -0.00271419, -0.00364017, -0.00303254, -0.0095482, -0.00334005, -0.00534223, -0.00389169, -0.005624, -0.00640384, -0.00726096, -0.00827919, -0.00490441, -0.00246595, -0.00717713, -0.0056653, -0.00390589, -0.00358855, -0.00718073, -0.00731671, -0.00850111, -0.00398051, -0.00470511, -0.00374759, -0.00800626, -0.00273786, -0.0102798, -0.00468552, -0.00273983, -0.00883274, -0.00970434, -0.0069257, -0.00399035, -0.0057025, -0.00350558, -0.00448585, -0.00844975, -0.00487216, -0.00448648, -0.00915024, -0.00931463, -0.010019, -0.00584167, -0.0033702, -0.00579294, -0.00870068, -0.00180329, -0.00457104, -0.00424295, -0.00639138, -0.00752101, -0.00436649, -0.00188468, -0.00316577
# -4.24921e-05, 4.83115e-05, -5.48863e-05, 0.000497973, -6.76771e-05, -5.92464e-06, -1.26908e-07, 6.43416e-05, -1.03413e-05, 4.43728e-06, -2.00053e-05, 1.89512e-06, -0.000286056, -0.000448484, -7.0434e-05, 8.32586e-05, 3.19514e-05, 0.000257196, 0.000540982, -4.46025e-05, -0.000225998, 0.000427404, 0.000375506, 1.89278e-05, -7.99396e-05, -7.2126e-05, 0.000502726, 0.000376347, 0.000106079, 0.000560813, -2.17409e-05, 0.000879563, 0.000471561, -0.000177355, 0.00040221, 0.000165749, 0.000285289, -9.95949e-05, -0.000160607, 0.000437536, 0.000485662, 0.000180941, 0.00039457, 0.000356908, -0.000219413, 0.000267785, 0.000625263, -0.000112192, -0.000140039, -0.000101287, 0.000719674, 0.000327459, -0.000205147, -0.00019228, -0.000188481, 7.0916e-05, 0.000389434, -0.000626706, -0.00011278, -0.000379576, 0.00018907, 0.00014375, 0.000151208, -0.000351729, 0.00038166, -3.57596e-05, -8.12224e-05, -0.00141354, 0.000571614, -0.000687067, -0.000208371, -0.00107213, -0.00181445, -0.000122487, -0.000323479, 0.000721163, -0.00189339, -0.00125387, 0.00049449, 0.000279101, -0.000135462, -0.00184067, -0.00211686, 0.000498876, -0.000768048, -0.000440714, -0.000414376, 0.000249631, 0.00113072, 0.000286262, 0.000573118, -0.00181323, -0.000352261, 6.19244e-05, 0.00149702, 0.00012883, 0.000633821, 0.00214177, -6.06399e-05, -0.000214342, 0.000471229, 0.000177399, 0.000179199, 0.000292423, 0.00112336, -0.0018094, -0.000362811, 0.00209859, -0.000223029, 0.000529451, -0.000550921, 0.000754307, -0.000754631, 0.000640642
# 7.09812e-05, -0.000195635, 4.22112e-05, -6.76771e-05, 0.000434952, -2.60142e-05, -3.4143e-05, -4.23012e-05, 6.65814e-05, -1.8661e-05, 2.113e-05, -3.65999e-05, 8.26593e-06, -2.03496e-05, 0.000204568, -0.000196734, -0.000154048, 0.000101032, -0.000389847, -4.58856e-05, 0.000517938, 0.000377983, 0.00015097, -0.000293487, 0.000119959, 0.000210631, 5.04624e-05, 0.000122174, 6.67142e-05, 2.61548e-05, -0.000143226, -0.000227424, 5.8979e-05, 0.000352759, 0.000187598, -0.00017868, -0.000217367, 0.000382671, -0.000453618, 0.000232586, 0.000313663, -0.000415875, 0.000175541, -7.88692e-06, 0.000277164, 0.000171918, -0.00037404, 0.000610602, -0.000247898, 0.000150435, -0.000296817, 0.000111114, -3.95726e-05, 0.000617062, 0.000570581, 0.000124483, 0.000373104, -0.000353845, -0.000106518, -4.68005e-05, 7.44984e-05, 0.000311817, 4.26957e-05, 1.9489e-05, -0.000296079, 7.28109e-05, 0.000214051, 0.000353312, 0.00143456, -0.000123954, -0.000711518, 3.35299e-05, -0.00015366, 0.000401425, 0.000333308, -0.000700228, -0.00016112, 0.000185471, 0.00029982, -3.12774e-05, -0.00114745, 0.00174922, -0.000899065, -0.000715836, 6.69664e-05, 0.00200411, -0.00082378, -0.000976199, 0.000487157, 0.000267468, -0.00018928, 0.0015912, 0.000831764, 0.000890521, -9.10259e-05, 0.000418863, 0.0004607, -0.00125588, -0.000137956, -8.5841e-05, -0.000216459, 0.000614863, -0.000109747, -0.00019974, 0.000382216, -0.000248987, -0.000322903, -0.000137997, -0.000206982, -0.000139633, 0.00061141, -0.00100461, -7.9321e-05, 0.00139668
# -2.34387e-05, 0.000103854, 3.93201e-05, -5.92464e-06, -2.60142e-05, 0.000411844, 5.06605e-06, 8.33778e-06, -4.76219e-05, -3.86017e-06, -4.85305e-05, -4.5287e-05, -3.81205e-05, 3.96305e-05, 9.05304e-05, 0.000225761, 0.000220831, -0.000204038, 0.000486337, 0.000585893, -0.000324941, -0.000538937, -0.000440885, -0.000819904, -6.59704e-05, -2.89076e-05, -0.000369102, 2.8066e-05, -0.000485413, -0.000251082, 0.000167284, 0.000346606, -0.000394299, 0.000212567, -0.000272427, -9.51061e-05, 8.91912e-06, -0.000243117, 0.000229279, 0.000507511, -0.000311624, 0.000250343, -0.000832147, 7.52011e-05, -0.000374014, -4.02257e-05, -9.19715e-05, 9.98764e-05, -7.48666e-05, -0.000140679, -3.42555e-05, -0.000257289, 1.51385e-05, -0.000222023, -0.000166763, 0.000337521, 7.99559e-05, 0.000224302, 0.000398032, -0.000540156, -0.000416838, -0.00019035, 0.000159157, -0.000205659, 0.000265757, 0.000259052, -0.00124288, 0.000842312, -0.000411861, -0.00109273, -0.000466908, 0.00122537, 0.000936128, 0.00112631, -0.000293656, 0.000362817, 5.77042e-05, -0.000216944, -4.87254e-05, 0.000323947, -0.000376512, -0.00138644, 0.00110445, -0.000222382, 0.000293458, 0.00084144, 1.4343e-06, 0.000144483, -0.000597058, 2.50484e-05, 0.000890986, -0.0010752, 0.000923894, -0.000290782, 0.00120733, 0.000680548, -0.000711171, -0.000435276, 0.000690186, -0.000304893, -1.52506e-06, -0.000286002, -0.00203726, -0.000584001, -0.0002289, 0.000297135, -0.000466452, -0.0016869, -0.00110323, 0.000986796, -0.000820424, -0.000627774, -0.000465388, -0.00084448
# 2.59026e-05, -8.63435e-05, -1.41503e-05, -1.26908e-07, -3.4143e-05, 5.06605e-06, 0.000434217, 3.99714e-06, 1.60213e-05, -3.10508e-05, 8.78026e-06, -3.44948e-05, 4.55476e-05, -0.000183337, 0.000428302, 0.000212906, 3.94875e-05, 0.000148288, 2.14024e-06, -0.00013953, 0.000598975, -0.000113432, -0.000399872, 0.000138682, -0.000285983, 0.000679908, 0.000232334, 0.000207824, -0.000120066, -0.000485757, 1.26325e-06, -0.000321729, 0.000700715, -0.000102357, -0.000509623, 0.000245886, -0.000536443, -0.000461167, 0.000142551, -0.000183666, -0.000492178, -6.2939e-05, 0.000365239, 0.000393141, 4.65646e-05, 0.000287734, -0.000643218, -0.000141091, -0.000461815, -0.000270546, 1.7103e-05, 7.14003e-05, -0.000205751, -5.40486e-05, 0.000308197, 9.56306e-05, 0.000548899, 0.000198579, 0.000288225, 0.000683689, -0.000295623, -0.000278176, -6.74052e-06, 0.00043497, -0.00104118, -0.000481628, 0.000834651, 0.000533788, -9.93202e-06, 0.00114053, -0.00100053, 0.000354682, 0.00113183, 0.000477411, 0.000922454, -0.001022, -0.000102036, -0.001532, -0.000659822, 0.000811189, 0.00104095, 0.00037302, -0.000770295, 0.000355461, 0.000927936, -0.000371001, 0.00105538, 0.000423823, -0.00152201, -0.00125174, 0.0014677, 0.000524556, -0.000653298, 0.000494249, 2.127e-05, -0.000614495, 0.0032981, -0.000534934, 0.00160915, 0.000646945, 0.00115328, -0.000664996, 0.00101116, -0.000288095, -0.000716534, -0.000442203, -0.000853883, 0.000689338, -0.000788538, -0.00154104, 0.000818553, 0.00016016, 0.000467728, -0.000321679
# -5.44231e-05, 0.000257473, -6.67832e-05, 6.43416e-05, -4.23012e-05, 8.33778e-06, 3.99714e-06, 0.000444822, -7.92171e-06, 2.47699e-05, -1.47921e-05, 0.000108144, 0.000397121, 0.00014646, 0.000137951, -0.000401957, -0.000302389, -0.000402012, -0.000310863, -0.000410581, -0.000593968, -0.000165942, -0.000236626, -0.000468196, 0.000175767, 0.000674917, -3.34071e-05, 0.000854935, -0.000588806, -0.000234378, -0.000629831, 1.10651e-05, -0.000381195, -0.000442346, -0.000655164, 8.64216e-06, -0.00081075, 0.000483184, -0.000930131, -0.00015785, -0.000106687, 4.97615e-05, -0.000305334, -0.000650029, -0.000713797, 0.000103915, -0.000165657, -0.000612016, 0.000117955, -0.000311867, -0.000577117, -0.000373276, 0.000118514, 0.000452719, 0.000188041, -0.000581766, -0.000166648, -0.000292157, 0.000335825, -3.17286e-05, -0.000100866, 6.73332e-06, -0.000128516, -0.00101498, -0.000447109, 6.41265e-05, -0.000322033, 0.000613137, 0.000171624, 0.000235303, 0.00155526, 0.000910027, -0.000325358, 0.000362145, -0.000272693, -0.000920838, 8.56828e-05, -0.0010858, 0.000894221, -0.000265142, 0.000544042, -0.000599767, -0.000466345, 0.000673038, 0.000436787, 0.000277868, -0.000613983, -0.00202366, 0.000848168, -0.000341447, 0.00076742, -0.000678142, -0.000150895, 0.000611048, 0.00103488, 2.99093e-05, -0.00111857, 0.000771499, -0.000646905, 0.000125696, 0.000819424, -0.000192055, -0.000463195, -0.00152055, 0.000337589, 0.000638565, 0.000679253, 0.000350241, -0.000879554, 0.00013162, 0.000236948, 0.000533709, 0.000412276, 0.00248576
# 3.79488e-05, -0.000114103, -7.0134e-05, -1.03413e-05, 6.65814e-05, -4.76219e-05, 1.60213e-05, -7.92171e-06, 0.000513467, -5.50004e-05, 2.1802e-06, 0.000136581, -0.00016524, -0.000468667, 0.000559383, 0.000111109, -7.14097e-05, 0.00064553, 8.27948e-06, 0.000719357, 0.000885949, 1.52173e-05, 0.000291346, 0.000298123, 0.000466529, -0.000127599, -0.000458273, 0.00102018, 0.000616345, -0.000146305, 0.000251503, -0.000160617, -0.000785924, -6.48552e-05, -0.000315563, 0.000153769, 0.000224973, -0.000707815, 0.000305644, -0.000275157, 0.000277554, -0.00051245, 0.000653835, 0.000172646, -6.24926e-05, 0.000404956, 0.00034587, -0.000441746, -0.000239265, 4.57041e-05, -0.000617016, -0.000272159, 0.000288745, 0.000191055, -9.53297e-06, -0.000669115, -0.000176005, 0.000873311, -0.000181122, 0.000416739, 1.8684e-05, -0.000233867, -1.24432e-05, 0.000478514, -0.000627263, 0.00030759, -0.000493414, -0.00054078, -0.000141514, -0.00227277, -0.000922013, 0.00038462, 0.00128199, 0.000289683, -0.000469311, -0.000252444, -0.000156821, -0.00253519, -0.000763821, 0.000477562, -0.000628624, 0.000410697, -0.000393785, 6.32094e-05, 0.000497973, -0.000248429, 0.000666044, 0.000360933, -0.000357873, 2.10108e-05, 0.000417973, 0.000834365, 8.16798e-05, -0.000361402, 0.000310633, -0.00105506, -0.000343392, 0.000944014, 0.000668799, 0.00162786, 0.00159569, 0.00202128, -5.80413e-05, 0.000841325, 0.00132139, -0.000117873, 0.00154617, -0.00135916, 0.000187008, -0.00053692, 0.000747592, 0.000490366, -0.000399043, -0.000424903
# -2.00153e-06, 8.31583e-05, -0.000135586, 4.43728e-06, -1.8661e-05, -3.86017e-06, -3.10508e-05, 2.47699e-05, -5.50004e-05, 0.000442373, -1.41947e-05, -1.1825e-05, 0.00010244, 0.0010577, 0.000548831, 6.02596e-05, -0.000259443, 0.000688642, -0.000427823, -0.00064786, -0.000458909, 0.000639353, -0.000200487, 9.40177e-05, 0.000343299, 0.000343046, 0.000288947, 7.79494e-05, -0.000200955, 0.000298269, -0.000184689, 0.000271027, 9.15512e-05, -1.78694e-05, -0.000171759, -0.00013402, 0.000231802, -0.000248485, 0.000344335, -0.00022502, 0.000247525, 0.000371927, -0.000498437, -0.000616182, 0.000218182, 0.000243889, 7.39119e-05, 0.000298599, -0.000173216, -0.000154561, -1.20814e-05, 0.00080192, -0.000279722, 3.70944e-05, 0.000419679, 0.000604657, -0.000813465, 8.22306e-05, -7.54033e-05, 0.000268742, -0.000107511, 6.47608e-05, -6.90115e-05, 3.45853e-05, 8.22413e-05, -0.00153025, 0.00104298, -0.00161126, 0.00125935, 0.00149966, 0.000938966, -0.000923161, 0.00132541, -0.000107009, -0.000482662, -0.000224168, 0.000201118, -4.26051e-05, -5.23483e-05, -0.00050562, 0.000181175, -0.000230137, -0.000292878, 0.000580344, 0.000670832, 0.0012, -0.000185424, 0.00111649, -0.000291067, 0.00187132, 0.000581457, 0.000474448, 0.000937607, -0.000151341, 3.10897e-05, -0.000640849, -0.000791412, -0.000469253, 0.000229797, 0.000103263, 0.00060259, -0.00267479, 0.00118267, 0.000281831, -0.00151757, -0.000274331, 0.000986774, 0.000267478, 0.000441105, -0.000285683, 0.000847418, 2.28625e-05, 0.000202789, 0.000184373
# 4.04032e-05, -0.000174658, 6.8909e-05, -2.00053e-05, 2.113e-05, -4.85305e-05, 8.78026e-06, -1.47921e-05, 2.1802e-06, -1.41947e-05, 0.000413971, 0.000182839, -0.000282718, -1.52451e-05, -0.000201685, 0.000460676, 0.000108911, 0.000141528, 0.0001668, 0.000386345, 0.000449514, 0.000357564, 0.000577326, -7.38323e-05, 0.000805719, -0.000509603, 0.000331505, 0.000244426, 0.000468915, 0.000138617, 2.77187e-05, 0.00028257, 0.000156569, 0.000207982, -1.51239e-05, 2.9858e-05, 0.000106362, -9.73483e-05, -0.000245839, -1.59875e-05, 0.000168308, -0.000337976, 0.000121269, 3.26308e-06, 0.000582339, -0.00034865, 0.000865189, -0.000109613, 0.000554235, 0.000153296, 0.000921396, 0.000391531, -0.000187657, -0.000217623, -8.82101e-05, 0.000340296, -0.000584397, -0.00066605, -9.98893e-06, -6.87059e-05, 0.000679905, 0.000411693, -3.46205e-05, 0.00102036, 0.000820433, -0.00134332, 0.000685296, -0.000805791, -0.00030824, -0.000141133, 0.00103724, -8.77598e-05, -0.000751833, 2.0028e-05, -0.000381659, 0.000909958, 0.000654976, 0.000520684, -0.00198473, -0.000261469, 0.000403243, 0.00145777, -0.00122058, -0.000673199, 0.000760474, -0.00012727, 0.000472768, -0.000180945, 0.00068185, 0.000888433, -0.000434077, 0.00144518, -0.000571319, 0.000327092, -0.000184387, 0.000437038, -0.00120968, -0.000141071, -0.00183274, 0.000281109, -0.000465737, -0.00125116, 0.000937983, 0.00158232, 0.000439678, -0.000333993, 0.00125857, 0.000625442, 0.0010116, 3.48847e-05, -0.00130345, -0.000297504, 2.2445e-06, -0.000602044
# -5.52797e-05, 0.00130337, -0.000556535, 1.89512e-06, -3.65999e-05, -4.5287e-05, -3.44948e-05, 0.000108144, 0.000136581, -1.1825e-05, 0.000182839, 0.0146963, 0.00113196, -0.00739382, 0.00376761, -0.00488203, 0.00515541, 0.00367303, -0.00845038, -0.0043333, 0.0113704, 0.0159323, 0.0305422, 3.74157e-05, 0.0115893, -0.00593155, -0.0046274, 0.0143878, -0.00683961, -0.00697056, -0.0024085, 0.0112271, -0.0195252, 0.00139357, 0.0112731, 0.0160445, -0.0140746, -0.0190704, -0.0201591, -0.00564328, -0.00529682, -0.00245363, -0.013381, -0.00431302, 0.00515555, -0.0163867, -0.0176155, -0.00231435, -0.0018983, 0.00335499, -0.00467532, -0.00388879, 0.00869421, 0.00524417, -0.00118904, -0.00151425, -0.00893074, -0.000955764, 0.000872141, 0.00411164, 0.00402794, 0.00292632, 0.00709267, -0.000799614, 0.00835404, 0.00858796, 0.00558265, 0.00129615, -0.00298172, -0.00545875, -0.000167919, 0.00144171, -0.00921296, -0.00619062, -0.00140382, 0.000914799, 0.00453131, -0.00996667, -0.00207338, 0.00650734, 0.00350249, -0.00476936, -0.00750972, -4.39581e-05, 0.00175899, -0.00170215, 0.00223093, -0.00797898, 0.00213951, -0.00158866, 0.00514838, -0.000744887, -0.0052459, -0.00575917, 0.00126872, -0.00276638, -0.000640921, 0.0052339, 0.00162987, 0.00438906, 0.00264177, -0.000344424, -1.206e-05, 0.00929098, -0.00097382, 6.38213e-05, -0.00881133, 0.00192321, -0.000414787, 0.00821925, -0.00287916, -0.00256066, -0.0039541, 0.00175284
# 4.86317e-05, -0.000481905, 0.000919324, -0.000286056, 8.26593e-06, -3.81205e-05, 4.55476e-05, 0.000397121, -0.00016524, 0.00010244, -0.000282718, 0.00113196, 0.0310829, -0.00657161, -0.000312826, 0.00408085, 0.00337086, -0.00393104, 0.000854734, -0.0109776, -0.00827112, 0.00838504, 0.0126648, -0.00520011, 0.00703199, 4.68688e-05, -0.00250678, 0.0131343, -0.00738403, 0.00630956, -0.00249209, -0.00478756, -0.00884815, -0.00454992, -0.000714311, 0.00676186, -0.00851237, -0.00225405, -0.00311748, 9.88793e-06, -0.00950354, 0.00616292, 0.00616342, -0.000363918, 0.00496814, -0.00454087, 0.00870908, 0.00349374, 0.00630915, 0.0072472, -0.00371509, -0.00562133, -0.00433583, -0.000146618, 0.00767111, 0.000496081, 0.00320464, 0.00440991, -0.00125715, 0.00367472, -0.00545853, 0.00549749, 0.00811982, -0.0091365, -0.00443497, -0.0038513, 0.00335193, 0.00342466, -0.00449241, 0.00650324, 0.00414785, 0.0110179, 0.0168049, 0.00301186, 0.0030868, -0.00220922, -0.00413388, 0.00559107, 0.00233524, -0.00692981, -0.0084439, -0.00474244, 0.00759903, 0.00136272, -1.27565e-05, 0.011769, -0.00601763, -0.00647599, -0.00433118, -0.00896486, -0.00407371, 0.0103589, -0.0160414, 0.00531292, -0.00205135, -0.00139266, -0.00573142, -0.00756315, -0.00355264, 3.22642e-05, 0.000885903, -0.00343403, -0.00325261, 0.00515839, 0.00473387, 0.00394857, -0.00798865, -0.000318436, 0.00184078, 0.00037169, -0.00604606, -0.00621785, 0.0141264, -0.00374215
# 0.000339098, -0.000442158, 0.00397836, -0.000448484, -2.03496e-05, 3.96305e-05, -0.000183337, 0.00014646, -0.000468667, 0.0010577, -1.52451e-05, -0.00739382, -0.00657161, 0.199837, 0.00556281, -0.0138702, -0.00638564, -0.00187659, -0.0116673, 0.0155695, 0.0202318, -0.00539603, -0.0154821, -0.00611832, -0.00100608, -0.00119159, 0.00605238, -0.0273278, 0.00427284, -0.00719742, 0.0105204, 0.0153775, -0.0252518, -0.000537702, 0.0159802, -0.005704, 0.0111276, -0.00822546, -0.013702, -0.00401089, 0.022446, -0.0101519, -0.0254755, -0.00235884, -0.0134623, -0.00667425, -0.0420885, 0.00476791, -3.70678e-07, -0.000742955, -0.00571237, 0.0228052, 0.0183842, 0.00582508, -0.0078789, 0.000427264, -0.0193325, 0.001149, 0.00460821, 0.0066869, 0.0106034, -0.00577868, -0.0102922, 0.0169636, 0.0289541, -0.00954902, 0.0221413, 0.00934627, -0.0233459, -0.0283245, 0.0440739, 0.0472845, 0.139932, -0.0224182, 0.0402722, -0.0267728, -0.0284767, 0.0785817, -0.0257198, -0.00611745, -0.00880814, 0.0459255, -0.0765462, 0.0321741, 0.0311896, 0.0460607, -0.06657, -0.0402367, -0.050486, -0.0358741, -0.0554365, 0.0136548, -0.020097, -0.0261866, 0.0251033, -0.0457254, -0.059623, -0.0263649, -0.00212166, 0.0170073, -0.0404487, -0.0286476, 0.0259371, 0.0468291, -0.00174204, 0.0301979, -0.0275356, -0.00462764, 0.0326588, 0.0222584, 0.00498231, 0.00237533, 0.029818, -0.0236465
# 0.000102313, -0.0110597, -0.00202884, -7.0434e-05, 0.000204568, 9.05304e-05, 0.000428302, 0.000137951, 0.000559383, 0.000548831, -0.000201685, 0.00376761, -0.000312826, 0.00556281, 0.0908707, 0.0151762, 0.0141703, 0.0231428, 0.0114179, 0.00268922, 0.0228635, 0.0264554, 0.0256226, 0.0166281, 0.016364, 0.0077244, 0.0166004, 0.0177739, 0.0122777, 0.0105775, 0.0177048, 0.0241092, 0.00591591, 0.0151446, 0.0252349, 0.0265147, 0.00858942, 0.0130262, 0.0204025, 0.0123343, 0.0222057, 0.0184857, 0.00372413, 0.0144795, 0.0173159, 0.0209822, -0.000644822, 0.0148987, 0.0226238, 0.0239552, 0.0142918, 0.018887, 0.0146602, 0.0168591, 0.00996549, 0.0170764, 0.0050812, 0.017372, 0.0206391, 0.0181002, 0.0208071, 0.0154887, 0.0209771, 0.0169059, -0.114067, -0.00161198, -0.00266187, 0.00458906, 0.0094344, 0.013937, 0.00310097, -0.00962309, 0.00663996, -0.00982496, -0.00345536, 0.00941128, 0.00682628, 0.00813586, 0.000430535, 0.0241385, -0.00085129, -0.0131026, -0.000376278, 0.0139749, -0.00835722, -0.00651539, 0.0239362, 0.0141002, -0.0108307, 0.00630813, -0.0155134, 0.0103897, -0.000143548, -0.0159074, 0.0144108, -0.0271625, 0.0123038, -0.00229345, -0.00739694, -0.00154486, 0.00934199, 0.00838101, 0.0010929, 0.00991395, 0.00785641, 0.00969294, 0.00613928, -0.00861409, -0.00418582, 0.0104563, -0.0028925, 0.00832359, 0.00260003, 0.00746784
# -0.000353202, -0.0120325, -0.0032247, 8.32586e-05, -0.000196734, 0.000225761, 0.000212906, -0.000401957, 0.000111109, 6.02596e-05, 0.000460676, -0.00488203, 0.00408085, -0.0138702, 0.0151762, 0.0985723, 0.0180476, 0.0238066, 0.0252238, 0.0132693, 0.0117449, 0.00574245, 0.00689082, 0.030443, 0.0117888, 0.0180196, 0.0149103, 0.0171948, 0.0193298, 0.0183925, 0.0140146, 0.0122668, 0.0192564, 0.0183954, 0.00948982, 0.00937144, 0.0150869, 0.0204373, 0.0216876, 0.0127397, 0.0191722, 0.0266279, 0.0293976, 0.0217495, 0.0212376, 0.0283798, 0.0311699, 0.0140481, 0.024425, 0.0160799, 0.0370726, 0.0133781, 0.00951997, 0.0182782, 0.0220873, 0.0176129, 0.0120314, 0.0223428, 0.012862, 0.00979617, 0.0137948, 0.0205444, 0.0150435, 0.0220734, 0.00913841, -0.125571, 0.00479179, -0.00174176, 0.012839, 0.00711406, 0.00724424, 0.0188156, -0.00386077, -0.0190918, 0.00522941, 0.00656275, 0.0182837, -0.00426577, -0.00953699, 0.0189744, 0.00588479, 0.0147683, 0.0270107, 0.00885162, 0.00935982, 0.0102532, 0.0241857, 0.0239369, -0.00710253, 0.0232657, -0.00463766, -0.000249508, 0.00450644, 0.0120965, -0.011342, -0.0114296, -0.00495333, 0.000309198, 0.000768264, 0.0113944, -0.0135893, 0.0133619, 0.00651929, 0.000926492, 0.015522, 0.00170505, 0.0125235, -0.0121683, 0.0101407, 0.0153058, 0.0103499, -0.00300103, 0.00833878, 0.00219879
# -0.000168391, -0.0106527, -0.00207068, 3.19514e-05, -0.000154048, 0.000220831, 3.94875e-05, -0.000302389, -7.14097e-05, -0.000259443, 0.000108911, 0.00515541, 0.00337086, -0.00638564, 0.0141703, 0.0180476, 0.0706369, 0.0130408, 0.0123007, 0.0116745, 0.0220498, 0.0182534, 0.0290066, 0.0226655, 0.0218621, 0.012965, 0.0244, 0.0233138, 0.0148455, 0.0153796, 0.0152803, 0.0178575, -0.00260247, 0.0128972, 0.0223249, 0.0182514, -0.000675938, 0.0151671, 0.00988462, 0.0130101, 0.013233, 0.0175948, 0.00950754, 0.0141458, 0.0181898, 0.0105833, 0.00974039, 0.0212517, 0.0184237, 0.0221907, 0.0193331, 0.00477686, 0.0167483, 0.0156916, 0.0187022, 0.0150687, 0.00812429, 0.0255357, 0.010349, 0.01883, 0.010249, 0.0220902, 0.0202375, 0.0117246, 0.0147819, 0.00751868, -0.102238, 0.0218028, 0.0011381, -0.00390233, -0.00185981, 0.00709866, -0.00580612, -0.0114289, 0.00348581, 0.0060172, -0.014896, -0.00226344, 0.00472047, 0.0136167, 0.00772084, -0.0015379, 0.0273155, 0.0264222, 0.00486734, 0.0124235, 0.024951, 0.0060464, -0.0117707, -0.000532708, 0.00490347, 0.00178279, 0.00467401, 0.0101181, -0.000570382, -0.00362565, 0.00111817, -0.0019332, -0.00594956, -0.00551578, -0.0039679, 0.0226925, -0.00558373, 0.00425165, 0.00253739, 0.0201359, -0.0102536, -0.0221033, 0.0285143, 0.00761877, 0.0113801, -0.0102383, 0.00305328, 0.00890155
# 0.000127213, -0.0108358, -0.00348985, 0.000257196, 0.000101032, -0.000204038, 0.000148288, -0.000402012, 0.00064553, 0.000688642, 0.000141528, 0.00367303, -0.00393104, -0.00187659, 0.0231428, 0.0238066, 0.0130408, 0.105172, 0.0109898, 0.0178395, 0.0193068, 0.0187346, 0.0210068, 0.0152731, 0.0187255, 0.00968504, 0.0239312, 0.0139739, 0.0157337, 0.0023423, 0.0227343, 0.0190036, 0.00567028, 0.0104476, 0.0212421, 0.025957, 0.0112401, 0.00595244, 0.0162171, 0.00634513, 0.0193645, 0.0173099, 0.013571, 0.0112423, 0.0162978, 0.014074, 0.00888318, 0.0138525, 0.0249142, 0.0165758, 0.0115061, 0.0194721, 0.020194, 0.0130531, 0.0172863, 0.0177942, 0.0064316, 0.0267949, 0.0195297, 0.0230485, 0.0151494, 0.0189235, 0.0224938, 0.0219852, 0.00471207, -0.00946814, 0.00936602, -0.152481, 0.00724869, -0.00542493, 0.00996283, -0.000177826, 0.0109459, 0.00819293, 4.35631e-05, 0.00993208, -0.00514987, 0.00072422, -0.0179102, 0.0283993, -0.00511953, 0.00138115, 0.00170193, 0.0251936, 0.0067258, -0.0123374, 0.0135527, 0.0176175, 0.00472755, 0.023627, 0.00169323, -0.00395694, -0.0016062, 0.00696947, 0.0134997, -0.0123727, 0.0119264, 0.00895281, -0.0144113, 0.0036343, 0.018023, 0.00058375, 0.0123682, 0.017966, 0.0158926, 0.0193111, 0.0158437, -0.0103888, 0.0140984, -0.000901397, 0.00455867, -0.00019641, -0.0079357, 0.00803496
# -0.0013619, -0.0130086, -0.00283339, 0.000540982, -0.000389847, 0.000486337, 2.14024e-06, -0.000310863, 8.27948e-06, -0.000427823, 0.0001668, -0.00845038, 0.000854734, -0.0116673, 0.0114179, 0.0252238, 0.0123007, 0.0109898, 0.0961044, 0.0203964, 0.0101563, 0.00781545, -0.00071257, 0.0284433, 0.00782079, 0.0209592, 0.0187008, 0.0119889, 0.0191754, 0.020372, 0.0246088, 0.0183378, 0.0315398, 0.0170277, 0.00870245, 0.0159255, 0.0189519, 0.0241611, 0.0298452, 0.0199622, 0.0177042, 0.0230307, 0.024575, 0.0237853, 0.0178266, 0.0316794, 0.0283081, 0.0199808, 0.0294541, 0.0163628, 0.0291289, 0.0162433, 0.0216171, 0.0108247, 0.0210447, 0.0111525, 0.0262479, 0.00971618, 0.0214345, 0.0111581, 0.0189299, 0.0167484, 0.013069, 0.0175908, 0.0110215, 0.0061972, 0.00881989, 0.00713555, -0.0852489, 0.00224055, 0.00497739, 0.00346091, 0.00633599, -0.00741874, 0.00416664, 0.00783007, 0.00533404, -0.0142175, 0.00911759, 0.0159257, -0.00222674, -0.0160637, 0.0117555, 0.00496882, 0.00312813, -0.015984, 0.0172171, 0.02248, 0.0133131, 0.0150209, 0.00780976, -0.0109148, 0.0172005, 0.00851369, 0.00528283, -0.0126979, 0.023483, 0.00538925, -0.00409946, 0.0120348, 0.0088397, 0.0097588, -0.0134615, 0.00677514, 0.0204402, 0.024098, 0.00491578, 0.0211922, 0.00343236, 0.000301529, -0.00275424, 0.00801864, 0.0108071, 0.000786908
# 0.000345156, -0.0100714, -0.00321777, -4.46025e-05, -4.58856e-05, 0.000585893, -0.00013953, -0.000410581, 0.000719357, -0.00064786, 0.000386345, -0.0043333, -0.0109776, 0.0155695, 0.00268922, 0.0132693, 0.0116745, 0.0178395, 0.0203964, 0.105776, 0.0167228, 0.00117033, 0.00398853, 0.0211246, 0.00407031, 0.0185552, 0.018536, -0.000791209, 0.0158848, 0.00507911, 0.0133245, 0.00847576, 0.0114821, 0.0154378, 0.0148098, 0.00168289, 0.0242218, 0.0153054, 0.0175213, 0.0184314, 0.0135371, 0.0147172, 0.0262803, 0.012643, 0.0092072, 0.0126653, 0.00856973, 0.0115476, 0.019675, 0.00802052, 0.0125426, 0.0153188, 0.0159317, 0.0135783, 0.0153787, 0.00735649, 0.0167498, 0.0174155, 0.0100158, 0.0108211, 0.0167313, 0.0134446, 0.00374958, 0.0186924, 0.0301946, 0.00284387, -0.000361956, -0.00238089, -0.000476378, -0.147389, 0.00722687, 0.0176384, 0.00437453, -0.00598273, 0.030024, 0.00918856, 0.00607769, 0.0102719, -0.0214368, 0.0284346, 0.0172497, 0.0209091, -0.00803647, 0.0104456, 0.00768187, 0.0113659, -0.0126031, 0.0173051, -0.00705447, 0.00902829, 0.00951724, -0.000970056, -0.013842, 0.00650393, 0.0242624, 0.0174283, 0.00859895, 0.0178296, -0.010383, 0.0114097, 0.0144046, 0.01887, 0.010021, -0.000489977, 0.00418018, 0.0206099, 0.00405504, -0.00147777, 0.0266115, 0.00796161, -0.00485299, -0.00162123, 0.0190995, 0.00640684
# -0.000160523, -0.0104021, -0.00184328, -0.000225998, 0.000517938, -0.000324941, 0.000598975, -0.000593968, 0.000885949, -0.000458909, 0.000449514, 0.0113704, -0.00827112, 0.0202318, 0.0228635, 0.0117449, 0.0220498, 0.0193068, 0.0101563, 0.0167228, 0.100018, 0.0230761, 0.0367929, 0.0256923, 0.0237489, 0.0110204, 0.0150155, 0.0176909, 0.00922644, 0.000177066, 0.0228594, 0.0290906, -0.00039503, 0.0243733, 0.035763, 0.02634, -0.00151442, -0.000662875, -0.00597267, 0.00679992, 0.0201537, 0.0129533, -0.00157055, 0.0118672, 0.0184418, 0.00173497, -0.00714005, 0.0164723, 0.0188537, 0.0194542, 0.0172004, 0.0119947, 0.0231997, 0.0174663, 0.0175267, 0.00524918, 0.00488419, 0.0167615, 0.0131876, 0.0213442, 0.0217661, 0.0113505, 0.0245041, 0.0207772, 0.0124627, 0.00768567, -0.00501488, 0.0179834, -0.00335162, -0.00893974, -0.1133, 0.0130469, 0.015732, -0.0242733, 0.00420311, 0.00880085, -0.00575431, 0.00345214, -0.0118474, 0.0278777, 0.00604811, 0.00554466, -0.0185385, 0.00666526, -0.000640912, 0.0146183, 0.0138339, 0.00107983, 0.0121808, -0.00458319, -0.0125608, 0.00497436, 0.00908963, -0.00286173, -0.00267001, -0.0130292, 0.00265503, 0.000841471, -0.000932936, -2.80718e-05, -0.00619521, 0.0241443, 0.0126358, 0.0162088, 0.00420165, 0.0210048, -0.0247989, -0.0157979, 0.0236146, 0.0211929, -0.0106547, 0.0165625, -0.0158723, 0.00752231
# 1.3437e-05, -0.0096731, -0.00131051, 0.000427404, 0.000377983, -0.000538937, -0.000113432, -0.000165942, 1.52173e-05, 0.000639353, 0.000357564, 0.0159323, 0.00838504, -0.00539603, 0.0264554, 0.00574245, 0.0182534, 0.0187346, 0.00781545, 0.00117033, 0.0230761, 0.0889737, 0.0540299, 0.0163467, 0.0214071, 0.00566028, 0.00864043, 0.0327534, 0.00428738, 0.00999657, 0.0152707, 0.0252963, -0.000889509, 0.0182186, 0.0288352, 0.0321499, 0.00409047, -0.00565283, -0.00842989, 0.00793305, 0.00624453, 0.0180993, -0.00287625, 0.0151649, 0.0278193, -0.00589343, -0.0159171, 0.00939686, 0.0130882, 0.0232386, 0.0125034, 0.00693847, 0.025252, 0.0160508, 0.0207688, 0.0139082, 0.00169427, 0.00926637, 0.016528, 0.0184609, 0.0176001, 0.0261677, 0.0225241, 0.0103498, -0.0055118, 0.00735694, 0.0172395, -0.00242379, 0.00781781, 0.00558306, 0.0113511, -0.0937282, -0.0115902, -0.0153803, 0.014649, 0.0119233, 0.014217, -0.0135976, 0.00179556, 0.00939667, -0.00497978, 0.00204028, -0.00356464, 0.0112174, 0.00393148, 0.0169503, -0.00944408, -0.0173974, 0.00705162, 0.00537342, 0.011426, -0.0128353, 0.00683551, -0.0149354, -0.0153619, -0.0167514, 0.0176737, 0.00870165, -0.00493753, 0.00422118, -0.00459227, 0.00859744, -0.00165132, 0.0294343, -0.0137323, 0.00348548, -0.00535128, 0.0154572, 0.0158659, 0.0113613, 0.00451217, -0.00914974, 0.00336128, 0.0145186
# -0.000141919, -0.00970854, -0.00162098, 0.000375506, 0.00015097, -0.000440885, -0.000399872, -0.000236626, 0.000291346, -0.000200487, 0.000577326, 0.0305422, 0.0126648, -0.0154821, 0.0256226, 0.00689082, 0.0290066, 0.0210068, -0.00071257, 0.00398853, 0.0367929, 0.0540299, 0.12787, 0.0177045, 0.0341002, -0.00110223, 0.00984749, 0.050156, 7.47211e-05, 0.000524942, 0.014518, 0.0384716, -0.0320114, 0.015813, 0.0444991, 0.0546333, -0.013044, -0.0196329, -0.0202629, 0.0064347, 0.00146431, 0.0175953, -0.00966617, 0.0091499, 0.0302566, -0.0174668, -0.0198302, 0.0113401, 0.0151785, 0.0314055, 0.0100498, 0.00999429, 0.0322705, 0.0257673, 0.0165073, 0.0135817, -0.00297041, 0.0112858, 0.01799, 0.0287018, 0.0248941, 0.0256627, 0.0334836, 0.00587858, 0.00857294, 0.0221286, 0.00897361, 0.0026816, -0.00148412, -0.01647, 0.00788663, 0.00151423, -0.100512, -0.0175387, 0.0241317, 0.019477, 0.00646075, -0.0252185, -0.000957602, 0.0325258, 0.00380976, -0.00652831, -0.0327395, 0.0107407, -0.00112867, 0.0104242, -0.00263762, -0.036523, -0.00325635, -0.00950198, 0.00621675, -0.00950069, -0.00856353, -0.0113123, -0.00141682, -0.0187302, 0.00432793, 0.0155081, 0.0060254, 0.00864583, -0.00205889, 0.00637835, 0.000337595, 0.0317327, 0.00767891, 0.00657455, -0.0167525, 0.0160092, 0.00949166, 0.0159492, -0.0101055, -0.00379649, 0.0017947, 0.01875
# -0.000144472, -0.0142807, -0.0033154, 1.89278e-05, -0.000293487, -0.000819904, 0.000138682, -0.000468196, 0.000298123, 9.40177e-05, -7.38323e-05, 3.74157e-05, -0.00520011, -0.00611832, 0.0166281, 0.030443, 0.0226655, 0.0152731, 0.0284433, 0.0211246, 0.0256923, 0.0163467, 0.0177045, 0.133097, 0.00715226, 0.0235679, 0.0212948, 0.0151819, 0.0259735, 0.0144337, 0.0210846, 0.0206957, 0.0105193, 0.0129653, 0.0229179, 0.0193019, 0.0189054, 0.0202946, 0.0174684, 0.014483, 0.0226048, 0.0238507, 0.0185234, 0.0228222, 0.0301916, 0.0210296, 0.0218598, 0.015978, 0.0234918, 0.0221425, 0.0218643, 0.0209438, 0.0269154, 0.0182301, 0.0260335, 0.015626, 0.0217511, 0.0341687, 0.013729, 0.0188717, 0.0175644, 0.0251741, 0.0167509, 0.0222117, 0.00660829, -0.00715244, 0.000405811, 0.00240631, -0.000150671, -0.00301748, 0.00837677, 0.00394282, -0.00545503, -0.184485, 0.0336917, -0.0028101, -0.000112335, 0.00102275, -0.00810498, 0.0235131, 0.00333085, 0.00693436, 0.000738958, 0.0257145, 0.00269788, 0.00510483, 0.000127797, 0.0136183, 0.0146315, 0.00405222, 0.0148785, -0.0113846, 0.02318, -0.0103508, -0.0316898, -0.0193625, 0.0128439, 0.0122171, -0.0136249, 0.0114305, -0.000104651, 0.0182948, -0.00557416, 0.0104571, 0.00514876, 0.0179345, -0.000251393, -0.0152277, 0.0313266, 0.0181472, 0.0115749, 0.0137801, 0.00675352, 0.0123424
# 0.000637367, -0.00833577, -0.0016364, -7.99396e-05, 0.000119959, -6.59704e-05, -0.000285983, 0.000175767, 0.000466529, 0.000343299, 0.000805719, 0.0115893, 0.00703199, -0.00100608, 0.016364, 0.0117888, 0.0218621, 0.0187255, 0.00782079, 0.00407031, 0.0237489, 0.0214071, 0.0341002, 0.00715226, 0.0873689, 0.00760975, 0.0121314, 0.0284209, 0.00153913, 0.010022, 0.0179882, 0.0281405, -0.00432066, 0.00890283, 0.0307408, 0.0277979, -0.003978, 0.00229764, -0.010818, 0.00654782, 0.0100736, 0.0164454, -0.00192118, 0.0059941, 0.0178047, -0.00155088, 0.00693355, 0.00870217, 0.0136599, 0.0207084, 0.0115642, 0.0080287, 0.0151496, 0.0189702, 0.0155279, 0.00954209, 0.00815413, 0.0121066, 0.0123524, 0.0217912, 0.0116649, 0.0171594, 0.0240791, 0.0141362, 0.0206735, 0.00818769, -0.00224132, 0.00150211, -0.00120438, 0.0108801, 0.0132827, 0.0171948, 0.0199049, -0.00314609, -0.11533, 0.0129545, -0.00755061, -0.00111285, 0.000504507, 0.00818629, -0.0146592, -0.00335044, -0.00524396, 0.0201236, -0.0109587, -0.00347581, 0.016102, -0.0105864, 0.00575368, 0.0117793, -0.00110062, 0.00118693, -0.00410367, 0.00884519, -0.00192232, 0.0041005, -0.018681, 0.00608866, 0.0103018, -0.0131085, 0.00556926, 0.0101157, 0.00626107, 0.0179873, 0.0176609, 0.0185358, -0.0117934, -0.00562952, 0.0201239, -0.00828719, -0.00227795, -0.00728558, -0.0068535, -0.00551274
# 4.39051e-06, -0.00970242, -0.00193648, -7.2126e-05, 0.000210631, -2.89076e-05, 0.000679908, 0.000674917, -0.000127599, 0.000343046, -0.000509603, -0.00593155, 4.68688e-05, -0.00119159, 0.0077244, 0.0180196, 0.012965, 0.00968504, 0.0209592, 0.0185552, 0.0110204, 0.00566028, -0.00110223, 0.0235679, 0.00760975, 0.0969081, 0.0249007, 0.00888034, 0.0146244, 0.011102, 0.0156381, -0.00179662, 0.0199021, 0.00658196, 0.00715801, 0.00577375, 0.0176521, 0.0304154, 0.0204184, 0.0197104, 0.0156215, 0.0207206, 0.0220978, 0.012229, 0.00528597, 0.0231175, 0.0118337, 0.0153398, 0.0138026, 0.00986718, 0.011566, 0.00964847, 0.00501711, 0.0112984, 0.024385, 0.00982531, 0.00947638, 0.0158243, 0.00938487, 0.00231724, 0.0144021, 0.010032, 0.00422483, -0.00158845, 0.00925047, -0.00307933, -0.00953523, 0.00541605, -0.00563056, -0.00532109, -0.00198622, 0.0130036, 0.00174418, -0.0218001, 0.00701753, -0.133003, -0.0110766, 0.0045952, -0.00921515, 0.0146169, -0.00753122, 0.0180378, 0.023192, 0.0154516, 0.00138448, 0.0174335, 0.00250347, 0.00492332, -0.00660726, -0.00804253, 0.00742208, 0.0032244, 0.000533599, 0.00754857, 0.00974993, -0.00626564, 0.0320969, 0.00621674, 0.0182645, 7.0609e-05, 0.0129147, 0.00906192, 0.00147487, -0.00597841, -0.00409134, 0.010113, 0.00445881, 0.0068196, 0.0156476, 0.0154044, -0.00116421, 0.00662537, 0.024968, 0.0188355
