# stan_version_major = 2
# stan_version_minor = 37
# stan_version_patch = 0
# model = survival_model
# start_datetime = 2026-03-12 18:17:25 UTC
# method = sample (Default)
#   sample
#     num_samples = 2000
#     num_warmup = 1000 (Default)
#     save_warmup = false (Default)
#     thin = 1 (Default)
#     adapt
#       engaged = true (Default)
#       gamma = 0.05 (Default)
#       delta = 0.8 (Default)
#       kappa = 0.75 (Default)
#       t0 = 10 (Default)
#       init_buffer = 75 (Default)
#       term_buffer = 50 (Default)
#       window = 25 (Default)
#       save_metric = false (Default)
#     algorithm = hmc (Default)
#       hmc
#         engine = nuts (Default)
#           nuts
#             max_depth = 10 (Default)
#         metric = dense_e
#         metric_file =  (Default)
#         stepsize = 1 (Default)
#         stepsize_jitter = 0 (Default)
#     num_chains = 1 (Default)
# id = 4
# data
#   file = /Users/dansprague/Documents/PhaseSkate/benchmarks/scaling/data/data_H50.json
# init = 2 (Default)
# random
#   seed = 42
# output
#   file = /Users/dansprague/Documents/PhaseSkate/benchmarks/scaling/stan_output/survival-20260312141725_4.csv
#   diagnostic_file =  (Default)
#   refresh = 100 (Default)
#   sig_figs = 8 (Default)
#   profile_file = profile.csv (Default)
#   save_cmdstan_config = false (Default)
# num_threads = 1 (Default)
# stanc_version = stanc3 v2.37.0
# stancflags = --filename-in-msg=survival.stan
lp__,accept_stat__,stepsize__,treedepth__,n_leapfrog__,divergent__,energy__,log_alpha,beta_0,trt_effect,beta.1,beta.2,beta.3,beta.4,beta.5,beta.6,beta.7,beta.8,log_sigma_int,log_sigma_slope,rho,z_int.1,z_int.2,z_int.3,z_int.4,z_int.5,z_int.6,z_int.7,z_int.8,z_int.9,z_int.10,z_int.11,z_int.12,z_int.13,z_int.14,z_int.15,z_int.16,z_int.17,z_int.18,z_int.19,z_int.20,z_int.21,z_int.22,z_int.23,z_int.24,z_int.25,z_int.26,z_int.27,z_int.28,z_int.29,z_int.30,z_int.31,z_int.32,z_int.33,z_int.34,z_int.35,z_int.36,z_int.37,z_int.38,z_int.39,z_int.40,z_int.41,z_int.42,z_int.43,z_int.44,z_int.45,z_int.46,z_int.47,z_int.48,z_int.49,z_int.50,z_slope.1,z_slope.2,z_slope.3,z_slope.4,z_slope.5,z_slope.6,z_slope.7,z_slope.8,z_slope.9,z_slope.10,z_slope.11,z_slope.12,z_slope.13,z_slope.14,z_slope.15,z_slope.16,z_slope.17,z_slope.18,z_slope.19,z_slope.20,z_slope.21,z_slope.22,z_slope.23,z_slope.24,z_slope.25,z_slope.26,z_slope.27,z_slope.28,z_slope.29,z_slope.30,z_slope.31,z_slope.32,z_slope.33,z_slope.34,z_slope.35,z_slope.36,z_slope.37,z_slope.38,z_slope.39,z_slope.40,z_slope.41,z_slope.42,z_slope.43,z_slope.44,z_slope.45,z_slope.46,z_slope.47,z_slope.48,z_slope.49,z_slope.50
# Adaptation terminated
# Step size = 0.274711
# Elements of inverse mass matrix:
# 0.000489219, -6.6409e-05, 0.000109717, -3.98042e-05, 2.26648e-05, 6.07547e-06, 3.6879e-05, -4.87864e-05, 1.15428e-05, -1.4861e-05, 1.86636e-05, -7.35137e-05, 0.000407917, 0.00041322, -0.000775633, 9.94811e-05, -0.000341242, -0.000256829, 0.000353543, -0.00040946, -0.000178045, 0.000445075, 0.000440461, -0.000291863, 0.000313576, 9.39418e-05, -0.000607323, -5.50781e-05, -0.000238695, -0.000521117, 7.56047e-06, -0.000556511, 3.52277e-05, -7.06312e-05, -0.0001849, 2.44531e-05, 0.000537111, -0.000223835, -0.000231191, -3.93613e-05, -0.000487706, 0.000271798, -0.000600783, -0.000299853, -0.000236241, -0.000639853, -0.000143683, -0.000515377, -0.000471577, 2.06721e-05, -2.94935e-05, 2.51164e-05, 0.000119669, -0.000166194, 0.000300443, 0.000676093, -0.000474549, 0.000130612, -0.000459737, -0.000616283, -0.00016261, -6.70175e-05, -4.3448e-05, -0.000250756, 0.00142363, -0.000592634, 0.00078247, -0.000454017, -0.000842725, 0.000226201, 0.000390338, -0.00110317, -0.000322027, 0.00122526, -0.000306103, 0.000113197, 0.000988055, -0.000494258, -0.00112058, 0.000743214, 0.000191297, 0.00105841, -0.000497745, 9.5493e-05, 0.000730445, 0.000401519, -0.000928385, -0.00173977, -0.000571259, -0.000379172, -0.000899174, -0.000611439, 0.000825718, 0.000902344, -0.000327705, -0.000914789, -0.000668298, 0.00178539, 0.000716434, -0.00142908, -8.2541e-05, -0.00105196, -0.000577896, -0.000481201, -0.000538829, -0.002038, -0.00063258, -0.000540934, -0.000211533, 0.000443476, 0.00037279, 0.000118995, -0.000387791, 0.000112353
# -6.6409e-05, 0.00939417, -0.000829602, -0.000131264, -0.000146302, 0.000223368, 2.11632e-05, 0.000111388, -6.5363e-05, 0.000129609, -0.000234254, 0.00175433, -0.000617116, -0.00312717, -0.0126136, -0.0123358, -0.00852655, -0.012797, -0.0138538, -0.0122265, -0.0111037, -0.0102848, -0.00894921, -0.0151815, -0.011408, -0.0104606, -0.0127655, -0.00991181, -0.013048, -0.0121894, -0.0116489, -0.0101279, -0.00858464, -0.0150106, -0.00854918, -0.0121852, -0.01174, -0.0114248, -0.0101957, -0.0125543, -0.0132371, -0.0136198, -0.0142622, -0.0132551, -0.0134318, -0.0125756, -0.0125929, -0.0125488, -0.0100225, -0.0135676, -0.0152622, -0.014283, -0.00968353, -0.0100411, -0.0117359, -0.0111602, -0.0140798, -0.0156197, -0.0125233, -0.00973301, -0.0111731, -0.0118388, -0.0117959, -0.0120316, 0.00272165, 0.00167114, -0.00230085, 0.0032573, 0.00340272, -0.0021491, -0.000564264, -0.0027403, -0.00192651, 0.00317976, 0.000769138, -0.00255658, 0.00436956, -0.00184245, -0.00367624, 0.00259571, -0.0018277, -0.00176941, -0.00592698, 0.00592596, -0.000765123, 0.00254437, -0.00580162, -0.00211651, -0.00687865, -0.00484409, 0.000877094, 0.00692312, 0.000180436, 0.00466464, 0.000107952, -0.00366674, 0.00204468, -0.00040965, -0.00271116, 0.00198354, 0.00442206, 0.00215302, -0.00166021, -0.00213291, 0.00221443, 0.000864178, 1.99346e-05, 0.00478404, -0.00473218, -0.00419638, -0.00126504, -0.000781128, 0.00019786, 0.00164614
# 0.000109717, -0.000829602, 0.00412974, -0.000132853, 1.09384e-05, -3.18933e-05, -4.70609e-05, -1.09647e-05, 1.25707e-05, -0.000138831, 7.15103e-05, -0.00108894, 0.000507027, 0.00504972, -0.000399574, -0.00156467, -0.00156875, -0.000519241, -0.000285872, -0.000400726, -0.00243524, -0.00181368, -0.00151334, -0.000238884, -0.00213919, -0.00146248, -0.000972643, -0.00143674, -0.000342624, -0.000508804, -0.0013676, -0.0014421, -6.74092e-05, -0.000400085, -0.00137008, 0.000339164, 0.000157534, -0.000940317, -0.000713643, -0.000560732, -0.00101245, -0.000582575, 0.000941349, 4.74985e-05, -0.000881676, -0.000480579, -0.00139201, -0.000905269, -0.0010284, -0.00177118, 0.00061126, -0.00080035, -0.0015278, -0.00034159, 0.000310969, -0.000299713, -0.00211178, -0.00039998, -0.000696012, -0.000579827, -0.000797955, -0.00161011, -0.00132271, -0.000856142, -0.00786364, -0.0041419, -0.00706444, -0.00592137, -0.00608727, -0.00570769, -0.0039049, -0.00238835, -0.00354314, -0.00764278, -0.00187195, -0.00506768, -0.00466761, -0.0100198, -0.00507875, -0.00578638, -0.00387385, -0.00430486, -0.00027137, -0.00530969, -0.00575735, -0.0075095, -0.00858276, 1.30652e-05, -0.00547459, -0.00469956, -0.00438143, -0.00706006, -0.00761287, -0.00685384, -0.00659282, -0.00764282, -0.00407472, -0.00306447, -0.00702996, -0.00644976, -0.00994507, -0.00820299, -0.00638797, -0.00462242, -0.00842752, -0.005447, -0.00278033, -0.00465212, -0.00443411, -0.006877, -0.00487507, -0.00320795, -0.00719333, -0.0060305
# -3.98042e-05, -0.000131264, -0.000132853, 0.000430828, -5.30023e-05, -5.16726e-06, 5.8345e-05, -2.01828e-05, 3.82095e-06, 2.06084e-05, -1.38282e-05, -6.33315e-06, 0.000180318, 0.000255809, -4.90252e-05, 0.000276671, 0.000186905, 0.000417923, 0.000131404, 0.00015747, 0.000105212, 0.000356885, 0.000184569, 0.000220036, 9.73242e-05, 0.000446929, 0.000522743, 0.000559113, 0.00031222, 0.000500966, -0.000266368, 0.00061592, 0.000523975, 0.000299451, 0.000605304, 0.000393325, 0.000375642, 0.000640953, 0.000727972, 0.000167348, 0.000968608, 0.00023891, 2.22869e-05, 8.69427e-05, 0.000399768, 0.00077661, 5.88766e-05, 0.000351361, 0.00053155, 6.07341e-05, 0.000602163, 0.000585243, 0.00047768, 0.000441951, 7.52795e-05, 0.0006328, 0.000570008, 0.000364386, 0.000615852, 0.000227777, 0.000139014, 0.00113236, -2.1451e-05, -0.000193382, -0.000261878, -0.000869046, 0.000988491, 0.000190863, 0.000201711, -0.000329086, -0.000515258, -0.000126888, 0.000680703, 0.00115742, 0.000644491, 0.000109862, -0.000636418, 0.000341629, 0.000709786, -0.000392876, 9.24916e-05, -0.000138442, -0.000988269, -0.000222304, 0.000614499, 4.20257e-05, 0.000355959, -0.0010439, -8.59245e-05, 0.00102779, -0.000282953, -0.000437559, 0.000414889, -8.71842e-05, 3.16569e-05, -8.90302e-05, 0.00143934, 0.00088925, -0.000396366, 0.0010226, 0.000353088, 0.00025332, 0.000146376, -0.000336386, 0.000731166, 0.000211651, -0.00035455, 0.000607867, 0.000254271, -0.000322963, 0.000328983, -0.00191966, 0.00100921, 0.000388583
# 2.26648e-05, -0.000146302, 1.09384e-05, -5.30023e-05, 0.000418115, -2.87893e-06, -4.9869e-05, -3.01874e-05, 6.05328e-05, -6.06507e-06, -4.68991e-06, -0.000230325, -1.64144e-05, -0.000115766, -0.00058584, 0.000244528, -0.000293587, -0.000296521, -0.000332422, -0.000115513, 0.000745655, 0.000554664, -0.000278871, 0.000102632, 9.59288e-05, 2.77159e-05, 0.00038348, -0.000800297, 0.000320665, -0.00103415, -8.08226e-06, -0.000928343, 5.42438e-05, 0.00048809, -0.00030287, -0.000610189, -0.000279589, 0.00028692, 0.000494574, 0.000159881, 0.000608096, 0.000108588, 0.000298336, 0.000162829, 0.000143155, 0.000458136, 0.000615878, -4.67109e-05, -0.000495747, 1.97765e-05, -0.000114725, 0.000536794, -6.89082e-05, 1.87763e-05, 0.000240207, -0.000351546, 0.000408711, 3.49611e-05, -0.000298166, -3.3413e-06, 3.48482e-06, -3.25746e-05, 0.000327815, -0.000154129, 0.00115764, -2.80747e-05, -0.000753539, -0.000426128, 0.00122275, -3.64893e-05, -0.000680554, -0.00118346, -0.000369666, -0.000810704, 5.69932e-05, 0.000426141, 0.000113354, 0.000367812, 0.000207029, 0.00107533, 0.000578946, 0.00160644, 0.00152761, -0.000777071, 0.000533621, 0.0018844, 0.00083116, 5.40694e-05, -0.000522707, 0.00050348, -0.00185989, -0.000257852, -0.00086215, 7.67543e-05, -0.000978627, -0.000150447, -0.000743775, 0.000316886, 0.00146807, 0.000155077, 0.00124924, -0.00077786, 0.000424437, 0.000646418, 0.00100453, 0.000180255, -0.000698353, 0.000206718, 0.000335925, 0.000218916, -0.000183768, 0.000143028, -0.00024262, 0.000599848
# 6.07547e-06, 0.000223368, -3.18933e-05, -5.16726e-06, -2.87893e-06, 0.000402671, -2.81919e-05, 1.01135e-05, -5.46839e-05, 1.72719e-05, 4.80028e-06, 0.000178065, -0.000192572, -0.000495185, -0.000380543, -3.04206e-05, 0.000174175, -0.00034146, -0.000123676, -0.000860413, -0.000178096, 0.000115936, -0.000122628, -0.000152548, -0.000330162, 6.71104e-05, -0.000423112, -0.000182806, 7.16748e-05, 0.000119846, -0.000651114, -1.92073e-05, 0.00106431, -2.97393e-05, -0.000282319, -4.28271e-06, 0.000167561, -5.92079e-06, -5.32179e-06, 0.000223607, 2.90809e-05, -0.000165788, 1.0507e-05, -7.58467e-05, -0.000513497, 0.000592896, -0.000906854, -0.000865261, 0.000243559, -0.000287786, 0.000213818, -0.000448045, 4.62473e-05, -0.000378621, -8.90196e-05, -2.52772e-05, -0.00023824, -0.000667494, -0.00043795, -7.95933e-05, -0.00040559, -0.000741291, -0.000330018, -6.71182e-05, 0.000615089, 0.0011365, -1.98506e-05, 0.000260007, -0.000158681, 0.00111736, 3.27942e-05, 0.000114994, -4.26236e-05, -0.00112586, 0.000251253, -0.000559665, 0.000518968, 8.29397e-05, -0.000600608, -0.000378888, 0.00127078, -0.000415238, -0.00162092, 0.000519311, 0.00040667, 0.000613291, 0.000727075, 0.000402348, -0.000816703, -0.000132956, -0.000222433, 0.000551188, -0.00104751, -0.00151625, 0.000501053, -0.000865317, 0.000652231, 0.0019609, -0.00162019, 0.000221825, 0.000278066, 0.000155851, -0.000600636, 0.000178794, -0.000496647, 0.000856676, 0.000361239, 0.000267019, -0.000916211, -0.000169494, -0.00019694, 0.000484239, -0.000220517, -0.000826181
# 3.6879e-05, 2.11632e-05, -4.70609e-05, 5.8345e-05, -4.9869e-05, -2.81919e-05, 0.000441424, -4.30564e-05, -4.2762e-06, 1.81383e-05, 3.05711e-05, 0.000246826, -3.46153e-05, -6.51066e-05, -5.76435e-05, 0.000142292, 0.000156943, -0.000575269, 0.000140656, -4.32657e-05, 0.000583463, 0.000418984, 0.000507557, 0.000234077, 0.000560949, 0.000179305, -0.00041052, 0.000288438, -1.95951e-05, 0.000106916, -9.59177e-05, -9.3702e-05, -0.000862451, -0.000507143, 0.000363379, 0.000318689, -0.00104272, -0.000147531, -0.000454448, -0.000553743, 0.000142773, 0.000472547, -0.000283072, -3.61469e-05, 7.01086e-05, -0.000341084, -0.000755005, -0.00030238, 0.000247725, 0.000168837, -5.46886e-05, 3.23282e-05, 5.36493e-06, 0.000278971, -0.000234889, 0.00027474, 1.85621e-05, -0.000373685, 0.000268829, 0.000147858, 0.000378961, 9.1549e-06, 0.000319562, -3.48197e-05, -0.000573034, -0.000392358, 7.96801e-05, 0.000416796, -0.000651956, 0.000960056, -0.000160428, -7.66522e-05, -0.000348416, 0.00166252, -0.000788198, -6.07992e-05, -0.000218513, -0.000682999, -2.67849e-05, -0.000837404, 0.000446445, 0.000822307, -5.87795e-05, 0.00173084, -0.000844406, -0.000602332, 2.96799e-06, 0.000385369, 0.000311012, -0.000661606, -9.79728e-05, -0.000780014, -0.000251039, 0.000705937, -0.000430457, -0.000630306, 0.000594979, 0.000635412, -0.000549872, -0.00109953, 0.000439516, 0.00101274, 0.00119321, -0.000534135, -0.000127344, 0.000269838, -0.00161253, 0.000803627, 8.90351e-05, -0.000758342, -0.000778617, -0.000215142, -0.00045581, -1.30438e-05
# -4.87864e-05, 0.000111388, -1.09647e-05, -2.01828e-05, -3.01874e-05, 1.01135e-05, -4.30564e-05, 0.000409947, -9.76665e-06, -1.19143e-05, -1.99614e-05, 6.15323e-05, 0.00011109, 0.000632966, 0.000111516, -4.27763e-05, -0.000375771, -0.000425654, 6.82522e-05, 0.000167605, -0.000370236, 1.86527e-05, 0.000372809, -7.32591e-05, -0.000115408, 0.000312452, -0.000193483, 0.000304587, 0.000338115, -0.000195797, -0.000534882, -0.000106235, 0.000108905, -0.000129863, -0.000586038, -8.62211e-05, -0.000213873, 1.57632e-05, -0.000303153, -0.000753699, 0.000352422, -0.000199453, 8.66894e-05, -1.86219e-05, -0.000315335, -4.48188e-05, -0.000562972, -0.000575327, 0.0001001, -0.000398297, -0.000186734, -0.00044535, -0.000169756, -4.54282e-05, 0.000434702, -0.00018233, -0.000386764, 0.000188979, 9.80983e-05, 0.000655452, -0.000399814, 0.000330328, -0.000419507, -0.00053666, -3.41199e-05, -0.000344149, 0.000105962, -2.95855e-05, -0.000218252, -0.000329777, 0.00206239, 0.000656798, 0.000142883, -0.000825422, 0.00185647, -0.000668518, -0.000225616, -0.000173939, -0.00039185, -0.000302424, 0.00105227, 0.000548299, -0.00086686, 0.00082324, 0.00126895, 0.00124186, -0.00146812, -0.00108926, 3.36037e-06, 0.001145, -0.00041973, -9.96082e-05, -0.000137604, -0.000825794, 0.000740497, 0.000104152, 0.00107326, 0.00122544, -0.000386975, -6.83114e-05, 0.000314362, -0.000381662, 0.00020953, -0.00065523, -0.00114521, 0.00056017, 9.507e-05, -0.000683216, -0.000335821, -0.000952196, 0.000670164, 0.000154902, 0.000178492, 0.00120478
# 1.15428e-05, -6.5363e-05, 1.25707e-05, 3.82095e-06, 6.05328e-05, -5.46839e-05, -4.2762e-06, -9.76665e-06, 0.000473959, -1.13328e-05, 9.93225e-06, -0.000228264, 1.72165e-05, 0.00131761, 0.000321183, -6.22742e-05, 0.000231096, 7.03934e-05, 0.000403384, 0.000511252, 0.00064927, 0.000352691, -0.000594645, -0.000171039, -0.000207856, 0.000365498, -0.000140006, -0.000420464, -0.000349185, -0.000241686, 0.000292829, -0.000336226, 0.000592399, 0.000374231, 0.000300074, -0.000621481, -0.000295872, -4.29151e-05, -0.000566386, -2.27539e-05, -0.000185724, -0.000288514, 0.000616808, -0.000267071, -0.000220132, -0.000146455, 0.000577208, 0.00026535, -0.00029694, -0.00048847, -7.67626e-05, 0.000585479, 0.00034946, -0.000277494, 7.74253e-06, 7.62496e-05, 0.000651564, 0.00013308, -0.000422957, 0.000564097, -0.0001007, 3.14794e-06, 4.5156e-05, 0.00015555, -0.000877245, 9.39376e-05, -0.000851258, 0.000632964, -0.000557007, -0.00142218, -0.000196585, -0.00104136, 0.0016201, 0.000429029, 0.00139334, -0.00116227, 0.000746302, 0.000769901, 0.000107764, -0.000516086, -0.000489365, 0.000992481, -0.000544393, -0.00165933, 0.00043824, 0.00114939, -0.000588512, -0.0003319, 0.00137029, 0.000182501, -0.000950779, 0.00025805, -0.000728248, -0.000117164, -0.000303312, -0.00025115, -0.000520897, -0.0015176, 0.000735943, 0.00147628, -0.000589016, -0.00102287, 0.00017453, 0.000673879, 0.00150143, -0.00114545, -0.00132992, 0.000337174, 0.00148069, -0.00194404, -0.00014554, 0.000501073, -0.000637851, 0.000646516
# -1.4861e-05, 0.000129609, -0.000138831, 2.06084e-05, -6.06507e-06, 1.72719e-05, 1.81383e-05, -1.19143e-05, -1.13328e-05, 0.000394613, -2.90729e-06, 0.000202927, 7.69787e-05, -7.78855e-05, 0.000401707, -0.000107554, 0.00016646, 0.000434867, -0.000336742, -0.000153161, 4.9111e-05, 0.000699724, 0.000210373, -5.71543e-05, 8.29344e-05, 0.000369977, 0.000493385, -2.98523e-05, 0.000236225, -0.000331675, -1.83044e-05, 0.000121358, -0.00109759, 0.000203425, -0.000576886, -1.40007e-05, 3.56692e-05, 0.000250172, -0.000635468, -0.000610973, 0.000814026, -5.082e-05, -0.00015332, -5.32668e-05, -5.29007e-05, 0.000554714, 0.000303913, -0.000382447, 0.000222475, -0.000296921, 0.000513323, -0.000244573, 0.000126948, 0.000378508, 0.000479514, 0.000481408, -0.000110808, 6.11344e-05, 0.000216635, -0.00021832, 0.000150485, 0.000392304, 0.000468104, -0.000123435, -0.000434513, -0.000128428, -1.67623e-05, -0.000630469, 0.00043692, 0.00041799, -0.00015061, -0.00108328, 0.000578756, 0.000219427, 0.000773282, -0.000879398, -0.000773949, 0.000250204, -0.00165484, 0.000380939, -0.000467159, -0.000155126, 0.00288294, 0.00018271, 0.00159535, 0.000728092, -0.00110541, -0.000527255, 0.000970905, 0.000685108, -0.00138717, -2.57166e-05, -0.00103675, -0.000105375, 0.00179529, -0.000664431, -0.00221592, 0.000735398, -0.000283088, 0.000280011, -0.00113941, -0.000447161, 0.000259811, -0.00052031, -0.000220491, -0.00078281, 0.00013584, -0.000228137, -0.000478629, 0.0007318, -0.000335468, -0.000789381, -0.000173775, 0.000151075
# 1.86636e-05, -0.000234254, 7.15103e-05, -1.38282e-05, -4.68991e-06, 4.80028e-06, 3.05711e-05, -1.99614e-05, 9.93225e-06, -2.90729e-06, 0.00046841, -0.000168104, -0.000223861, 0.000981559, 7.20083e-06, 7.18535e-05, 0.000364024, 0.000586038, 0.000793258, 0.000979639, 0.000393679, -0.000162681, -0.000303554, 0.0006661, 9.61109e-05, 0.00033729, -0.000313662, -8.82349e-05, 0.000340418, -1.35494e-05, 0.000206299, 0.000282436, 0.000655569, 0.000728521, 3.04504e-05, 0.000242856, 0.000251164, -0.000332714, 0.000196665, 3.82675e-07, -0.000163277, 0.000170474, 0.000204216, 0.000956647, 0.00010814, 9.45279e-05, -0.000198366, 0.000355072, -1.11038e-05, 0.000505699, 0.000391493, 7.37332e-05, -6.55718e-05, -0.000266155, 0.000289766, 0.000721715, 0.000296779, 0.000679994, 0.000329512, 0.000500289, 0.000416296, 0.000388494, -0.000130759, 0.000142576, 0.0013994, 0.000894743, 0.000331741, -0.000585963, -0.00156632, -0.00096265, 0.000497487, 0.000901886, 0.0012866, -0.00119316, 0.000854163, -0.00170133, 0.00140791, -0.000113422, 0.000672211, 0.00141557, 0.00115764, 0.000184967, -0.000786451, -0.00104243, 0.000374201, 0.000149425, -5.35545e-05, -0.000137975, -0.00106327, 2.68151e-05, 0.000830099, -0.000152844, -0.000571334, -0.000800125, -0.000212363, 0.0013461, 0.000377232, -0.00139045, 0.00031504, -0.000247624, 0.000165976, 0.00021985, 0.000744974, 0.000378981, 0.000259431, -0.000391169, 0.000138793, -0.000663557, 2.00225e-06, -0.000563818, -0.000354154, 0.000296927, 0.00041253, 0.000646712
# -7.35137e-05, 0.00175433, -0.00108894, -6.33315e-06, -0.000230325, 0.000178065, 0.000246826, 6.15323e-05, -0.000228264, 0.000202927, -0.000168104, 0.0172119, 0.00172823, -0.0132787, 0.00565499, -0.00504787, 0.00796598, 0.00401459, -0.00810982, -0.00948061, 0.0170513, 0.0186417, 0.0358656, -0.00489529, 0.0155274, -0.00866645, -0.00560663, 0.0138972, -0.0125228, -0.00220357, -0.00150084, 0.0124019, -0.0174719, -0.00169836, 0.0170169, 0.0175259, -0.0194883, -0.0234247, -0.0193767, -0.00706254, -0.00629716, -0.00408956, -0.0150553, -0.00205111, 0.00261059, -0.0178852, -0.0248945, -0.00421566, 0.00145919, 0.00691111, -0.00482031, -0.00260177, 0.00947969, 0.0111432, 0.00253306, 0.00134647, -0.0104677, 3.71905e-05, 0.00346666, 0.00969568, 0.00385954, 0.00284066, 0.00423197, 0.000297173, 0.00584234, 0.00292725, 0.000526088, -0.00316211, -0.00257694, 0.00509638, -0.00665019, -0.00449497, -0.0112726, 0.00425563, -0.00385083, 0.0013589, 0.00732079, -0.00224446, 0.00992461, -0.00234744, -0.0028811, -0.00119093, 0.000532068, 0.00813011, -0.00159587, -0.000446283, 0.00149897, 0.00445701, -2.37667e-05, -0.00619735, -0.00499425, 0.00252609, -0.000732029, -0.00500676, 0.00345732, -0.00147829, -0.00041703, 0.00445022, 0.00567243, -0.000853006, -0.00346327, 0.00579406, -0.0018117, -0.0042559, -0.000576937, 0.000419409, -0.00655674, -0.00250318, -0.00490774, -0.00597412, 0.00651477, -0.00211895, 0.00727436, 0.00322387
# 0.000407917, -0.000617116, 0.000507027, 0.000180318, -1.64144e-05, -0.000192572, -3.46153e-05, 0.00011109, 1.72165e-05, 7.69787e-05, -0.000223861, 0.00172823, 0.0292954, -0.00989756, -0.00213706, 0.00271568, 0.00410915, -0.00344419, 0.000313051, -0.0048893, -0.00655865, 0.0138984, 0.0140765, -0.00513858, 0.0102078, 0.000297678, -0.000959905, 0.00995975, -0.00571634, 0.00482717, -0.00452936, -0.00199541, -0.00558951, -0.00112582, 0.00177795, 0.00712718, -0.00794075, -0.00748663, -0.00236633, -0.00156924, -0.0108032, 0.0085664, -0.00237397, 0.000268151, 0.00179866, 0.0012041, 0.00782065, 0.00432176, 0.00136605, 0.00608748, -0.00151139, -0.0064079, -0.00345461, 0.00273389, 0.0104899, 0.0045464, -0.000734722, 0.00546945, -0.00507906, 0.0014782, -0.00365632, 0.0047716, 0.00424507, -0.012601, 0.00301808, -0.00279392, -0.00206439, 0.000759399, -0.00283134, -0.0103204, -0.00580797, 0.00612282, 0.0212136, 0.00945408, 0.000631791, 0.000102591, 0.00507279, 0.0059521, 0.00388807, -0.00295587, 0.00261966, -0.00674531, 0.0113471, -0.00414211, -0.00410033, 0.0109328, 0.00206701, 0.00689601, -0.00258715, -0.0142678, 0.00715671, 0.0017858, 0.000235756, -0.00996256, 0.00441116, -0.0039409, -0.00834589, -0.00218302, -0.00289681, -0.00621939, -0.00653936, -0.00178014, 0.0016336, -0.00359183, -0.0062808, -0.00253242, -0.00377954, 0.00360218, -0.00758244, 0.0035058, 0.0125605, -0.00653215, 0.00635459, 0.00336404
# 0.00041322, -0.00312717, 0.00504972, 0.000255809, -0.000115766, -0.000495185, -6.51066e-05, 0.000632966, 0.00131761, -7.78855e-05, 0.000981559, -0.0132787, -0.00989756, 0.194466, 0.011032, -0.00586652, -0.00691949, 0.00353272, 0.00419522, 0.0163972, 0.0222761, -0.0180547, -0.0206351, 0.00637009, -0.00732606, -0.00125103, 0.00275887, -0.0197238, 0.0111801, -0.0152036, 0.00781731, 0.0108169, 0.0067178, 0.0118253, 0.00883961, -0.00598688, 0.00156758, -0.00141629, -0.0172701, 0.0114695, 0.0158208, -0.00583243, -0.00633265, -0.00354609, -0.00511318, -0.00838966, -0.0282525, 0.00634277, -0.00299353, -0.000652581, 0.00456886, 0.0135411, 0.0156618, -0.00179636, -0.00574389, 0.00256835, -0.0129933, 0.000481149, 0.013198, 0.00406712, 0.00713694, -0.00248898, -0.0158619, 0.0171927, 0.0149494, -0.0211492, 0.0372631, 0.0250509, -0.0384, -0.0494267, 0.055883, 0.0819081, 0.127289, -0.0285446, 0.0617707, -0.0255293, -0.031002, 0.0383373, -0.0495209, 0.00541355, -0.0110614, 0.0682842, -0.097568, 0.00441148, 0.0542186, 0.0535038, -0.0505723, 0.00578691, -0.0231013, -0.028915, -0.0244675, -0.0137428, -0.0442249, -0.00782313, 0.00604015, -0.0297763, -0.0721717, -0.0197396, 0.00134827, 0.0120023, -0.0400901, -0.0280145, 0.0224407, 0.0420392, -0.0249369, -0.00455631, -0.0141399, -0.00135669, -0.00348904, 0.0162623, 0.0230993, 0.0161379, 0.00517224, 0.00947215
# -0.000775633, -0.0126136, -0.000399574, -4.90252e-05, -0.00058584, -0.000380543, -5.76435e-05, 0.000111516, 0.000321183, 0.000401707, 7.20083e-06, 0.00565499, -0.00213706, 0.011032, 0.0851566, 0.0112073, 0.0180905, 0.0258958, 0.0171361, 0.01467, 0.0321272, 0.0240242, 0.029185, 0.0175304, 0.0228815, 0.0101407, 0.0175382, 0.017888, 0.0125376, 0.0224922, 0.0211055, 0.0257436, -0.00230246, 0.018204, 0.0286373, 0.0253145, 0.00935691, 0.00994158, 0.00795121, 0.0181479, 0.01846, 0.0191669, 0.011606, 0.0222221, 0.0159432, 0.0138243, -0.00492755, 0.013835, 0.0209654, 0.0274959, 0.0244692, 0.0219151, 0.0202376, 0.0191779, 0.0166071, 0.0144045, 0.0145728, 0.0252346, 0.029099, 0.025385, 0.0229343, 0.016913, 0.0171581, 0.0232618, -0.0941973, 0.0024001, 0.0144134, -0.0140783, -0.0126768, 0.0100827, -0.00976926, 0.017872, 0.00500882, 0.00190246, 0.000853895, -0.000687526, -0.0135398, 0.0208131, 0.016452, -0.0194955, -0.00394341, 0.000981158, 0.0109198, -0.00645236, -0.0119308, -0.00362545, -0.00623016, 0.019987, 0.018995, -0.0102217, -0.000772464, -0.00252969, 0.00147007, -0.00171402, 0.00794541, -0.00605288, -0.00804873, 0.00777878, 0.0142406, 0.00352308, -0.00562475, 0.00864418, 0.00351996, 0.00670178, -0.00799055, 0.0131917, 0.00328367, -0.00545533, -0.01501, -0.00615561, 0.00398579, 0.00165324, 0.0145341, 0.00448603
# 9.94811e-05, -0.0123358, -0.00156467, 0.000276671, 0.000244528, -3.04206e-05, 0.000142292, -4.27763e-05, -6.22742e-05, -0.000107554, 7.18535e-05, -0.00504787, 0.00271568, -0.00586652, 0.0112073, 0.107576, 0.0143351, 0.0151973, 0.0289508, 0.0127181, 0.0065947, 0.0180256, 0.00534341, 0.0228667, 0.0209414, 0.0235273, 0.0170094, 0.00923405, 0.0216173, 0.0146801, 0.0170673, 0.00905765, 0.00881684, 0.016088, 0.00249678, 0.013844, 0.0177337, 0.011957, 0.0213281, 0.0270851, 0.0189969, 0.0220009, 0.0258337, 0.0188852, 0.0198973, 0.0341598, 0.019267, 0.0080554, 0.0193089, 0.0200033, 0.0228427, 0.0194667, 0.00954853, 0.0041048, 0.0121232, 0.0206248, 0.0291097, 0.024009, 0.0129929, 0.00956999, 0.0102034, 0.0225237, 0.01503, 0.0137021, 0.00362012, -0.133134, -0.000458133, 0.00306547, -0.0087556, 0.00964133, 0.00960495, 0.00084499, 0.0145353, 0.00739328, -0.00759443, -0.0049755, -0.00243164, 0.023298, 0.0150589, 0.0114335, -0.00232044, -0.000869085, -0.00192714, 0.00818868, 0.00907207, 0.000535594, 0.0321243, 0.00902482, 0.00726348, -0.00419482, 0.00712208, -0.0198602, 0.00508719, 0.00856771, 0.00171613, 0.00248653, 0.0128242, 0.0177173, -0.00162795, 0.00149388, 0.0018668, -0.0124951, 0.000313627, 0.0124758, 0.00651492, 0.014598, -0.0201745, -0.0124296, -0.000360899, 0.0101995, 0.0154061, -0.0160453, -0.00342224, -0.000793105
# -0.000341242, -0.00852655, -0.00156875, 0.000186905, -0.000293587, 0.000174175, 0.000156943, -0.000375771, 0.000231096, 0.00016646, 0.000364024, 0.00796598, 0.00410915, -0.00691949, 0.0180905, 0.0143351, 0.0764562, 0.0185977, 0.0130007, 0.0030607, 0.0178922, 0.0264783, 0.0313101, 0.0120507, 0.0182558, 0.00829542, 0.0122655, 0.0263244, 0.0037743, 0.0151481, 0.0119076, 0.0209119, 0.0158933, 0.0169195, 0.0246954, 0.0233904, 0.00646841, -0.00993377, -0.00134752, 0.0148499, 0.0114708, 0.013381, 0.00536657, 0.0167336, 0.0195467, 0.0134299, 0.0015226, 0.00853897, 0.0128596, 0.0227592, 0.0198394, 0.00965474, 0.00974954, 0.0172415, 0.0166589, 0.0138859, 0.0141396, 0.0156171, 0.0168585, 0.0151014, 0.0177315, 0.0187105, 0.00925201, 0.00927703, -0.0035956, 0.00887942, -0.0917598, -0.00222797, -0.010862, 0.0115469, 0.00912461, -0.00750827, 0.0101408, -0.00595963, 0.000158855, -0.0026508, 0.00313664, 0.00134076, 0.00692144, -0.00329401, -0.00212716, -0.00620916, -0.00177908, -0.00856288, -0.00803888, -0.00296575, -0.0059784, 0.00881628, 0.00315499, 0.000110857, -0.00623194, -0.00548059, 0.0141328, -0.012903, -0.000260738, 0.00629075, -0.00425167, -0.00271187, 0.017066, 0.00458022, -0.0157026, 0.0128897, 0.00776201, -0.00737288, -0.00466777, 0.000941681, 0.00390307, 0.00757832, 0.00736028, -0.00275759, -0.00179994, -0.00672721, 0.0211462, 0.00345287
# -0.000256829, -0.012797, -0.000519241, 0.000417923, -0.000296521, -0.00034146, -0.000575269, -0.000425654, 7.03934e-05, 0.000434867, 0.000586038, 0.00401459, -0.00344419, 0.00353272, 0.0258958, 0.0151973, 0.0185977, 0.105975, 0.0182663, 0.0224842, 0.0262437, 0.0148224, 0.024965, 0.0258735, 0.018387, 0.00769386, 0.0215025, 0.0221306, 0.0173784, 0.0176449, 0.0240831, 0.0240873, -0.00558748, 0.0239884, 0.0216936, 0.0258173, 0.0132595, 0.0103018, 0.00215829, 0.0211064, 0.0221282, 0.0173303, 0.0237852, 0.0224154, 0.0229585, 0.020871, 0.0131839, 0.0111114, 0.0142011, 0.0242476, 0.0151049, 0.0240487, 0.0141932, 0.0135615, 0.00870889, 0.0206912, 0.0204571, 0.0242154, 0.0198344, 0.0195297, 0.0258361, 0.0253392, 0.0211939, 0.0177493, -0.0116936, 0.0102224, 0.0042038, -0.12885, -0.00212862, -0.00890754, -0.00103362, 0.00175639, -0.0076413, -0.0142025, -0.00302801, 0.0149573, -0.0118559, -0.00109675, 0.00334726, -0.00734898, 0.0006844, -0.00782236, 0.00928975, -0.0122552, 0.00815751, -0.0148287, -0.0010449, 0.00100534, 0.0159911, -0.00683851, -0.00062609, -0.015061, -0.0052148, -0.00608909, 0.0170976, 0.00955468, -0.0162057, 0.00136418, 0.0128616, -0.0035577, -0.00230217, -0.0137641, 0.00694875, -0.00745903, 0.0124903, 0.00868355, -0.0122159, -0.0110703, 0.0175257, -0.00922879, -5.31203e-06, -0.00821671, 0.00180878, -0.00387794
# 0.000353543, -0.0138538, -0.000285872, 0.000131404, -0.000332422, -0.000123676, 0.000140656, 6.82522e-05, 0.000403384, -0.000336742, 0.000793258, -0.00810982, 0.000313051, 0.00419522, 0.0171361, 0.0289508, 0.0130007, 0.0182663, 0.0997277, 0.0178647, 0.00711633, 0.0162832, 0.00543427, 0.0202863, 0.0160059, 0.0264932, 0.0205774, 0.0118467, 0.0206427, 0.0182795, 0.0154772, 0.00518674, 0.0164397, 0.0199056, 0.00548166, 0.00842687, 0.0329799, 0.0176818, 0.018157, 0.0264788, 0.0192875, 0.0243458, 0.0179532, 0.0161089, 0.0186565, 0.0281062, 0.0243583, 0.011976, 0.0193675, 0.0197628, 0.0221812, 0.0214181, 0.0150358, 0.000869373, 0.0168777, 0.0177198, 0.0265741, 0.0237473, 0.0160851, 0.00968208, 0.0171454, 0.0191623, 0.0225782, 0.0204306, -0.00361146, -0.00656302, 0.00440322, -0.0120562, -0.121895, 0.0111331, 0.00895547, -0.0118301, -0.00485488, 0.00647358, 0.00563843, -0.013762, -4.35464e-05, 0.00822855, 0.015352, 0.00892262, 0.0142069, 0.0073497, -0.000439203, -0.00418979, -0.000388981, -0.00392701, -0.00994701, 0.0127891, 0.0100287, -0.000901267, 0.0164653, -0.00717676, 0.0102514, 0.00212947, 4.67353e-05, 0.00173336, -0.0134775, 0.0128418, -0.00450774, -0.00903474, -0.00602408, -0.0178135, 0.00766584, 0.0166829, -0.00571075, 0.00469799, 0.00601942, -0.00569496, 0.015147, 0.00937255, -0.00287643, 0.00346896, -0.0134247, -0.00900961
# -0.00040946, -0.0122265, -0.000400726, 0.00015747, -0.000115513, -0.000860413, -4.32657e-05, 0.000167605, 0.000511252, -0.000153161, 0.000979639, -0.00948061, -0.0048893, 0.0163972, 0.01467, 0.0127181, 0.0030607, 0.0224842, 0.0178647, 0.12025, 0.0130012, -0.000634977, -0.00884152, 0.0238288, 0.00567861, 0.0130174, 0.0171253, -0.00191691, 0.0193525, 0.00826798, 0.0147134, 0.00804785, 0.00114961, 0.0132734, 0.00558476, 0.00684313, 0.0216282, 0.0241058, 0.0188626, 0.016415, 0.0220808, 0.0216393, 0.0303116, 0.0182225, 0.0184755, 0.0110363, 0.0299028, 0.0216554, 0.00926759, 0.0205672, 0.0194285, 0.0191532, 0.00693025, 0.0113859, 0.0116896, 0.0100547, 0.0248413, 0.0225197, 0.0177891, 0.0148194, 0.0142563, 0.0135237, 0.0148717, 0.0310486, -0.00523307, 0.0158652, 0.0183029, -0.0100044, -0.00105656, -0.15961, 0.00141896, 0.0182825, 0.0187674, -0.00626453, -0.000212461, 0.0138481, 0.00187368, 0.0175101, 0.0177948, 0.00789365, 0.00719122, -0.00234955, 0.0164328, 0.0094387, 0.0214738, 0.00309354, 0.0123862, 0.00519668, 0.025182, 0.00926747, 0.00222815, -0.00209772, 0.0138034, 0.0106128, -0.00149163, 0.0240338, 0.0120055, -0.0108189, 0.0104211, 0.0052477, -0.00304587, -0.00322805, 0.00882522, 0.000357416, -0.00317642, -0.0082611, -0.00972358, -0.00297176, -0.00451477, 0.00702632, -0.00901786, 0.00974921, 0.0155981, -0.0117104
# -0.000178045, -0.0111037, -0.00243524, 0.000105212, 0.000745655, -0.000178096, 0.000583463, -0.000370236, 0.00064927, 4.9111e-05, 0.000393679, 0.0170513, -0.00655865, 0.0222761, 0.0321272, 0.0065947, 0.0178922, 0.0262437, 0.00711633, 0.0130012, 0.111557, 0.0364277, 0.0516558, 0.018777, 0.0393295, 0.00735654, 0.00948676, 0.0184259, 0.00855573, 0.00729857, 0.0220243, 0.0279421, -0.00259604, 0.0206117, 0.0390131, 0.0389757, -0.0122863, -0.0136761, -0.0026756, 0.0137476, 0.0156439, 0.011707, 0.00120187, 0.0195795, 0.0197009, -0.00726839, -0.024402, 0.0167581, 0.015793, 0.0293485, 0.0153182, 0.0216587, 0.0291503, 0.0244349, 0.0157842, 0.0163948, 0.00675663, 0.0163654, 0.0340712, 0.0280166, 0.0253619, 0.0138234, 0.0225645, 0.0215973, 0.00425649, 0.0104142, 0.0293963, -0.00490714, -0.00126563, 0.00548816, -0.103189, 0.00958404, 0.0144765, 0.00108606, -0.00754304, -0.00700717, 0.00462768, 0.0266732, -0.00332007, -0.00113652, -0.00598263, 0.0188965, -0.015491, 0.00137922, 0.0135283, -0.00301925, 0.0120609, 0.0167059, -0.00104718, 0.00330555, -0.014054, -0.00973939, -0.0137547, -0.00587037, 0.00281133, -0.00534938, 0.00154519, -0.00146644, 0.0196043, -0.00196347, 0.00359529, 0.01464, 0.0227476, 0.0214359, -0.0034011, -0.00908418, -0.0162399, 0.0038368, 0.000442324, 0.007817, 0.0104737, 0.0126598, 0.00297297, 0.0177508
# 0.000445075, -0.0102848, -0.00181368, 0.000356885, 0.000554664, 0.000115936, 0.000418984, 1.86527e-05, 0.000352691, 0.000699724, -0.000162681, 0.0186417, 0.0138984, -0.0180547, 0.0240242, 0.0180256, 0.0264783, 0.0148224, 0.0162832, -0.000634977, 0.0364277, 0.104647, 0.0608582, 0.00533473, 0.0386173, 0.0110748, 0.0154536, 0.0346165, -0.0020128, 0.0108168, 0.0160542, 0.0222763, -0.0246795, 0.0162502, 0.0352955, 0.0403595, -0.0135337, -0.0162246, -0.016334, 0.0099882, 0.00999788, 0.015374, 0.00567296, 0.0126635, 0.0232613, 0.000431057, -0.00971916, 0.0128609, 0.0163101, 0.0273808, 0.019066, 0.00525178, 0.0194915, 0.0283467, 0.0241627, 0.0226821, 0.0104135, 0.0217682, 0.0217231, 0.0213235, 0.0224562, 0.0212458, 0.0253161, 0.00957841, 0.00660468, -0.012276, 0.00335047, -0.0112724, -0.00523494, 0.0156513, -0.00878991, -0.104963, -0.00810129, 0.0219867, -0.000461093, -0.00345305, 0.00739515, 0.00940784, 0.0261083, 0.0064543, -0.00919587, 0.0118979, 0.0219852, 0.00110862, -0.00849983, -0.0102433, 0.0164147, 0.0125753, 0.0215167, -0.0104188, -0.0217678, 0.00157023, -0.0110811, -0.0140205, 0.00427199, -0.00325074, -0.0234414, 0.0158012, 0.0133618, -0.00231045, -0.0169457, 0.0159031, 0.0107567, 0.00219118, -0.00666177, -0.00172337, -0.0312929, -0.0054114, -0.00134969, 0.000973309, 0.00437253, -0.00113923, 0.010486, 0.0120759
# 0.000440461, -0.00894921, -0.00151334, 0.000184569, -0.000278871, -0.000122628, 0.000507557, 0.000372809, -0.000594645, 0.000210373, -0.000303554, 0.0358656, 0.0140765, -0.0206351, 0.029185, 0.00534341, 0.0313101, 0.024965, 0.00543427, -0.00884152, 0.0516558, 0.0608582, 0.144273, 0.00216083, 0.0567382, -0.0076513, 0.00372888, 0.0506894, -0.0162531, 0.0103979, 0.0114061, 0.0467656, -0.0293521, 0.0172879, 0.0441686, 0.0557363, -0.0286365, -0.0354717, -0.0356943, 0.000111309, -0.00238076, 0.0121371, -0.0208359, 0.0160552, 0.0213966, -0.0196678, -0.0393788, 0.00752628, 0.0195218, 0.039247, 0.004715, 0.014892, 0.0317596, 0.0388683, 0.022639, 0.0188155, -0.00227565, 0.0254185, 0.0223862, 0.0394231, 0.0187423, 0.0202369, 0.0273674, 0.00831893, 0.00742049, 0.00920598, 0.00785285, -0.00861433, -0.0133037, 0.0148909, -0.00926925, -0.00283256, -0.0940967, 0.0246133, -0.0155141, 0.00632337, 0.00504815, -0.00168274, 0.0291579, 0.00250888, -0.00197715, -0.00296724, 0.0124497, 0.00132508, 0.0102476, 0.00291676, 0.0122537, 3.49095e-05, 0.00616698, -0.0111258, -0.0117942, 0.0028777, -0.00372529, -0.0268782, 0.012615, 0.00230215, -0.00118772, 0.0155299, 0.0196875, -0.00181981, -0.0110877, 0.00907474, -0.000773727, 0.00043232, -0.00107015, 0.000673884, -0.0199946, -0.00702589, 0.00159495, -0.0134081, 0.029937, 0.00566779, 0.0229888, 0.0209484
# -0.000291863, -0.0151815, -0.000238884, 0.000220036, 0.000102632, -0.000152548, 0.000234077, -7.32591e-05, -0.000171039, -5.71543e-05, 0.0006661, -0.00489529, -0.00513858, 0.00637009, 0.0175304, 0.0228667, 0.0120507, 0.0258735, 0.0202863, 0.0238288, 0.018777, 0.00533473, 0.00216083, 0.124907, 0.0123279, 0.0217307, 0.0120805, 0.0189156, 0.0273515, 0.0158505, 0.0244332, 0.0195947, 0.00775211, 0.0292444, 0.0107264, 0.0211992, 0.0161399, 0.0239781, 0.013609, 0.0249284, 0.0214432, 0.025288, 0.0340888, 0.0224203, 0.019868, 0.0336257, 0.00992072, 0.0241968, 0.0214508, 0.0251432, 0.019747, 0.0253262, 0.0221002, 0.0153393, 0.0156239, 0.0162943, 0.0274282, 0.0240928, 0.0131915, 0.0115491, 0.0165502, 0.0216936, 0.0129595, 0.0319275, -0.00574706, -0.00304771, 0.0101006, -0.00791307, 0.00455802, 0.00443261, 0.00188006, 0.0117839, 0.0241814, -0.164579, -0.0045365, 0.00559797, -0.00590189, -0.012449, 0.0204204, 0.000449098, -0.00839708, 0.0137286, 0.0206213, -0.000907819, 0.00786285, -0.0131194, 0.0247369, -0.0150034, 0.0276321, 0.00356111, 0.00841918, -0.0199871, 0.00716504, -0.00106075, 0.00562866, -0.00849331, 0.027452, -0.00549338, -0.0142532, -0.0162481, 0.0129081, -0.00756253, -0.0183136, 0.00718507, 0.00794151, 0.00513604, -0.00640264, 0.00757817, 0.0376173, 0.0205337, 0.0118101, -0.0153735, 0.0106093, -0.0214612
# 0.000313576, -0.011408, -0.00213919, 9.73242e-05, 9.59288e-05, -0.000330162, 0.000560949, -0.000115408, -0.000207856, 8.29344e-05, 9.61109e-05, 0.0155274, 0.0102078, -0.00732606, 0.0228815, 0.0209414, 0.0182558, 0.018387, 0.0160059, 0.00567861, 0.0393295, 0.0386173, 0.0567382, 0.0123279, 0.0979803, 0.00472966, 0.0171551, 0.0285642, 0.00910239, 0.0166727, 0.0130975, 0.0247937, -0.0047069, 0.0185793, 0.0348959, 0.0313633, 0.000592911, -0.00660607, -0.0097725, 0.00984634, 0.00933148, 0.0189457, -0.00184737, 0.02226, 0.0269729, 0.00617584, -0.00308866, 0.0150419, 0.00980344, 0.0306079, 0.0162333, 0.0193382, 0.0262826, 0.0251039, 0.0260828, 0.0169454, 0.011438, 0.0262032, 0.0194133, 0.0216094, 0.0195229, 0.022744, 0.0275069, 0.0130355, 0.00945227, -0.0170785, 0.0169304, 0.00297396, -0.0155219, 0.0108003, -0.0212396, 0.0057155, 0.00222369, 0.0150431, -0.106196, 0.00206291, -0.00350284, 0.0175067, 0.00808301, -0.00476082, -0.0027986, 0.0125702, 0.0235917, 0.00589208, -0.00245936, 0.0101409, 0.00352908, 0.0041216, 0.0158573, -0.00426496, 0.000156901, -0.00373096, -0.00151355, -0.00712468, 0.00285476, -0.0224338, -0.01189, 0.00501591, 0.0290265, -0.0106385, -0.00601233, 0.0156088, 0.008613, 0.00454725, -0.00752008, 0.00230131, -0.0228607, -0.00562249, 0.00731071, 0.0157065, 0.0152554, -0.00530601, 0.000303554, 0.019747
# 9.39418e-05, -0.0104606, -0.00146248, 0.000446929, 2.77159e-05, 6.71104e-05, 0.000179305, 0.000312452, 0.000365498, 0.000369977, 0.00033729, -0.00866645, 0.000297678, -0.00125103, 0.0101407, 0.0235273, 0.00829542, 0.00769386, 0.0264932, 0.0130174, 0.00735654, 0.0110748, -0.0076513, 0.0217307, 0.00472966, 0.112592, 0.0165826, 0.00650137, 0.0216212, 0.0157098, 0.00901123, 0.0100956, 0.0166528, 0.0198286, -0.00599119, 0.00624101, 0.0188986, 0.0241301, 0.0157862, 0.0119526, 0.023106, 0.018621, 0.00963919, 0.0200361, 0.00819035, 0.0276419, 0.031662, 0.0188013, 0.0158365, 0.0188482, 0.0135546, 0.00851463, 0.0173187, 0.00737092, 0.0110757, 0.0207641, 0.0257499, 0.0178899, 0.00715557, 0.012903, 0.0111448, 0.0174145, 0.0106983, 0.0139476, 0.0095026, -0.0142944, -0.000664117, 0.0189207, 0.00500277, 0.00291692, -0.0110677, -0.00638629, 0.0229318, 0.00441257, 0.0236148, -0.156068, 0.0035882, 0.0233133, 0.00197201, -0.00397389, 0.0254257, -0.00797156, 0.0180988, -0.0190838, 0.011488, -0.00762187, 0.0206534, 0.0036789, 0.0143469, 0.0329468, 0.00922949, 0.0109106, 0.0164371, 0.00142999, 0.0116679, 0.0130237, -0.00236839, 0.0037719, 0.00721887, -0.0138003, 0.0135689, 0.00635479, -0.0108766, -0.0121833, 0.00485724, -0.012527, 0.0136754, -0.00424421, 0.0190376, 0.00616136, 0.0088539, 0.00712629, -0.00153601, -0.00708885
