# stan_version_major = 2
# stan_version_minor = 37
# stan_version_patch = 0
# model = survival_model
# start_datetime = 2026-03-12 12:14:59 UTC
# method = sample (Default)
#   sample
#     num_samples = 2000
#     num_warmup = 1000 (Default)
#     save_warmup = false (Default)
#     thin = 1 (Default)
#     adapt
#       engaged = true (Default)
#       gamma = 0.05 (Default)
#       delta = 0.8 (Default)
#       kappa = 0.75 (Default)
#       t0 = 10 (Default)
#       init_buffer = 75 (Default)
#       term_buffer = 50 (Default)
#       window = 25 (Default)
#       save_metric = false (Default)
#     algorithm = hmc (Default)
#       hmc
#         engine = nuts (Default)
#           nuts
#             max_depth = 10 (Default)
#         metric = dense_e
#         metric_file =  (Default)
#         stepsize = 1 (Default)
#         stepsize_jitter = 0 (Default)
#     num_chains = 1 (Default)
# id = 3
# data
#   file = /Users/dansprague/Documents/PhaseSkate/benchmarks/scaling/data/data_H10.json
# init = 2 (Default)
# random
#   seed = 42
# output
#   file = /Users/dansprague/Documents/PhaseSkate/benchmarks/scaling/stan_output/survival-20260312081459_3.csv
#   diagnostic_file =  (Default)
#   refresh = 100 (Default)
#   sig_figs = 8 (Default)
#   profile_file = profile.csv (Default)
#   save_cmdstan_config = false (Default)
# num_threads = 1 (Default)
# stanc_version = stanc3 v2.37.0
# stancflags = --filename-in-msg=survival.stan
lp__,accept_stat__,stepsize__,treedepth__,n_leapfrog__,divergent__,energy__,log_alpha,beta_0,beta.1,beta.2,beta.3,beta.4,beta.5,beta.6,beta.7,beta.8,log_sigma_int,log_sigma_slope,rho,z_int.1,z_int.2,z_int.3,z_int.4,z_int.5,z_int.6,z_int.7,z_int.8,z_int.9,z_int.10,z_slope.1,z_slope.2,z_slope.3,z_slope.4,z_slope.5,z_slope.6,z_slope.7,z_slope.8,z_slope.9,z_slope.10
# Adaptation terminated
# Step size = 0.302669
# Elements of inverse mass matrix:
# 0.00197552, -3.69127e-05, -0.000267258, 0.000266941, -1.55753e-06, 0.000129948, -0.000182377, -0.000211434, -0.000193264, 6.7888e-05, -0.00173837, 0.00151402, -0.000409438, -0.00271184, 0.000199019, -0.00044837, -0.00155563, 0.00207233, 0.00232123, -0.00120514, -0.00143515, -0.000922833, -7.42341e-05, -0.000555333, 0.00203445, 0.0043774, 0.00100518, 0.000258184, -0.000661247, -0.00223113, 0.000532064, 0.00175299, -0.00233806
# -3.69127e-05, 0.034495, 0.000743205, -0.000705997, 8.39945e-05, -0.000120356, -0.000242789, -5.52805e-05, 0.000226936, 0.000113672, -0.00582546, 0.00368467, 0.00451543, -0.0516706, -0.0458466, -0.0524043, -0.0569796, -0.0499195, -0.0493459, -0.0560342, -0.0603811, -0.0510108, -0.0471651, -0.00551303, 0.00846903, 0.0147893, 0.00917671, 0.00519567, 0.00197889, 0.00619303, 0.00848028, -0.000637241, -0.00641835
# -0.000267258, 0.000743205, 0.00195177, -0.000120836, 0.000196478, -0.000248953, 0.000254797, 0.000349957, 0.000117593, -0.000162561, 0.000425558, 0.00120765, 0.000998134, -0.00122825, -0.000125731, -0.00150522, -0.000963294, -0.00220061, -0.00183084, -0.0010286, 0.000407196, 0.000418219, -0.00142661, 0.00150806, 0.00055272, 0.00170375, -0.00066723, 0.000445743, 0.000873249, 4.65821e-05, -0.00138683, -0.00318544, 0.000297419
# 0.000266941, -0.000705997, -0.000120836, 0.00224755, 3.45467e-05, -1.09442e-05, 8.85308e-06, 0.000290105, 0.000172366, 0.000166384, -0.00111817, -0.00224868, 0.000992286, -0.000392158, 0.00180947, 0.00229296, -0.00215742, 4.83941e-05, 0.00217413, -0.00232146, -0.000643096, -0.000962641, -0.000286663, -0.000972419, -0.00101693, 0.00318886, 0.00276899, 0.00290921, -0.00363507, -0.00114087, 0.00322943, -0.000658544, 0.00121755
# -1.55753e-06, 8.39945e-05, 0.000196478, 3.45467e-05, 0.00172086, -0.000197046, 0.000209932, -3.7225e-05, -5.04613e-05, -9.07229e-05, 0.000344584, 0.00119683, -0.000880543, 0.00207031, 0.00107285, 0.00111321, 0.000546603, 0.000473159, 0.000462013, -8.85888e-05, 0.0010733, -0.000624729, 0.000792161, 0.000231435, -0.00112475, -0.00205674, -0.00115528, -0.000494014, 0.00213521, 0.00473669, 0.000240634, -0.00379363, -0.00236624
# 0.000129948, -0.000120356, -0.000248953, -1.09442e-05, -0.000197046, 0.00176205, -0.000156159, -2.92053e-05, -0.000141486, 0.000134223, 0.000245309, -0.000701856, 0.000854291, -0.00175426, -0.000151386, 0.00145723, 0.000862854, -0.000235778, 0.00108294, 0.00276377, 0.000527872, 0.000820241, 0.000427443, -0.00147974, 0.000516762, -0.00274647, -0.00228841, -0.000489284, -0.00173682, -0.00675997, -0.0017475, -0.00138743, -0.000793602
# -0.000182377, -0.000242789, 0.000254797, 8.85308e-06, 0.000209932, -0.000156159, 0.00215161, 4.13561e-05, 0.000211162, -0.000108759, 0.000459054, 0.000276988, 0.00241527, 0.00172273, -0.000759622, 0.0025274, 0.00115688, 4.0727e-05, 9.88538e-05, 0.00145535, 0.000849696, 0.00271481, 0.00201429, -0.000527155, 0.00436128, 0.00115533, 0.000170119, -0.00407345, 0.00100756, 0.000528606, 0.00223678, 0.000635547, -0.00195763
# -0.000211434, -5.52805e-05, 0.000349957, 0.000290105, -3.7225e-05, -2.92053e-05, 4.13561e-05, 0.0019969, -4.616e-05, 0.000174083, 0.000619365, 0.00162753, 0.000980386, 0.000441096, -0.000707355, -8.44365e-05, -0.000728957, -0.000712243, -0.00260858, 0.000142817, 0.00331741, -0.000244312, -0.000966013, 0.0032636, 0.000397316, -0.000490218, 0.00141138, -0.00174058, 0.00155582, -0.00112729, -0.000691166, 0.00176707, -1.18838e-05
# -0.000193264, 0.000226936, 0.000117593, 0.000172366, -5.04613e-05, -0.000141486, 0.000211162, -4.616e-05, 0.00156579, -4.74667e-05, 0.000661761, -0.0026539, -0.00110708, 0.000919857, 0.000520066, 0.000355877, 0.000724164, -0.00255371, 0.000425414, -0.000743982, 0.000209305, 0.00118411, -0.000134348, -0.00166492, 0.000197448, -0.00103077, 0.00242831, 0.00367163, -0.00237316, 0.0025947, 0.00272949, -0.00199788, 0.00190474
# 6.7888e-05, 0.000113672, -0.000162561, 0.000166384, -9.07229e-05, 0.000134223, -0.000108759, 0.000174083, -4.74667e-05, 0.00234452, -0.00145908, 0.00192426, -0.001429, -0.000919077, 0.00137195, -0.00124775, -0.00101996, 0.000201517, 0.00186085, -0.00272182, -0.00205986, 0.00154244, -0.00126586, -0.00249597, -0.00413317, 0.00300445, 0.00175953, -0.00282751, -0.000564219, -0.00253287, -0.000294248, -0.000493318, -0.00118146
# -0.00173837, -0.00582546, 0.000425558, -0.00111817, 0.000344584, 0.000245309, 0.000459054, 0.000619365, 0.000661761, -0.00145908, 0.0905456, -0.00229159, -0.0669503, 0.0586759, -0.0308604, -0.0148589, 0.0378762, -0.0486202, -0.0847938, 0.0686318, 0.102459, 0.022946, -0.00493895, 0.00834446, 0.00916212, -0.00103794, -0.00304969, -0.00589054, -0.00188867, 0.0161493, -0.0165191, -0.00145721, 0.0195009
# 0.00151402, 0.00368467, 0.00120765, -0.00224868, 0.00119683, -0.000701856, 0.000276988, 0.00162753, -0.0026539, 0.00192426, -0.00229159, 0.289351, -0.0151969, -0.00152474, 0.0269794, -0.0864451, -0.00799043, -0.00481944, -0.0303792, 0.0219604, 0.0501709, 0.0100544, -0.0112445, 0.00491122, -0.0422122, 0.124376, 0.0188962, -0.037395, 0.0249997, -0.0377574, -0.0129874, -0.0216703, -0.0407563
# -0.000409438, 0.00451543, 0.000998134, 0.000992286, -0.000880543, 0.000854291, 0.00241527, 0.000980386, -0.00110708, -0.001429, -0.0669503, -0.0151969, 0.812124, -0.0209787, -0.0430727, 0.0595211, -0.0133442, -0.0460381, 0.0661165, -0.0344281, -0.0681167, 0.00770602, -0.016581, 0.13436, -0.0815074, -0.109455, 0.0796724, -0.0978267, -0.151404, 0.0824843, 0.295884, -0.0707354, -0.0340568
# -0.00271184, -0.0516706, -0.00122825, -0.000392158, 0.00207031, -0.00175426, 0.00172273, 0.000441096, 0.000919857, -0.000919077, 0.0586759, -0.00152474, -0.0209787, 0.229246, 0.0589088, 0.0709278, 0.100395, 0.0429481, 0.0234993, 0.117534, 0.139636, 0.0966374, 0.0573813, -0.112264, -0.0334038, -0.0253799, -0.000864734, -0.0347846, -0.00412737, 0.0414166, 0.00480562, -0.00622527, 0.0415871
# 0.000199019, -0.0458466, -0.000125731, 0.00180947, 0.00107285, -0.000151386, -0.000759622, -0.000707355, 0.000520066, 0.00137195, -0.0308604, 0.0269794, -0.0430727, 0.0589088, 0.220279, 0.0725635, 0.0797269, 0.0994842, 0.101965, 0.0547901, 0.0549309, 0.0787894, 0.0671814, -0.00918565, -0.185146, 0.000987195, -0.0260463, -0.0037093, 0.0302306, -0.00768635, -0.0247632, -0.0237765, 0.0206051
# -0.00044837, -0.0524043, -0.00150522, 0.00229296, 0.00111321, 0.00145723, 0.0025274, -8.44365e-05, 0.000355877, -0.00124775, -0.0148589, -0.0864451, 0.0595211, 0.0709278, 0.0725635, 0.215131, 0.0835997, 0.0889393, 0.120999, 0.0664301, 0.0362031, 0.0844197, 0.0795719, 0.0102231, -0.0170188, -0.15451, -0.00262194, -0.0121226, -0.0167995, 0.0271158, 0.0152818, -0.0167293, 0.0124607
# -0.00155563, -0.0569796, -0.000963294, -0.00215742, 0.000546603, 0.000862854, 0.00115688, -0.000728957, 0.000724164, -0.00101996, 0.0378762, -0.00799043, -0.0133442, 0.100395, 0.0797269, 0.0835997, 0.194979, 0.0680803, 0.0605057, 0.130175, 0.14128, 0.112138, 0.0816805, 0.0316407, -0.0235592, -0.040213, -0.10523, -0.00342263, 0.0169129, -0.00261037, -0.0110667, -0.0132083, 0.0250801
# 0.00207233, -0.0499195, -0.00220061, 4.83941e-05, 0.000473159, -0.000235778, 4.0727e-05, -0.000712243, -0.00255371, 0.000201517, -0.0486202, -0.00481944, -0.0460381, 0.0429481, 0.0994842, 0.0889393, 0.0680803, 0.209512, 0.135535, 0.0466993, 0.0266946, 0.0724335, 0.083436, -0.0101715, 0.00449083, -0.00731299, -0.0132682, -0.0955979, 0.0364142, -0.00896119, -0.0307122, 0.00220889, -0.00281225
# 0.00232123, -0.0493459, -0.00183084, 0.00217413, 0.000462013, 0.00108294, 9.88538e-05, -0.00260858, 0.000425414, 0.00186085, -0.0847938, -0.0303792, 0.0661165, 0.0234993, 0.101965, 0.120999, 0.0605057, 0.135535, 0.26614, 0.0226002, -0.011813, 0.0583194, 0.0848591, 0.00553801, -0.0143022, -0.0454431, -0.0112137, -0.0101226, -0.092226, -0.0315762, 0.0175421, 0.00356007, -0.0208198
# -0.00120514, -0.0560342, -0.0010286, -0.00232146, -8.85888e-05, 0.00276377, 0.00145535, 0.000142817, -0.000743982, -0.00272182, 0.0686318, 0.0219604, -0.0344281, 0.117534, 0.0547901, 0.0664301, 0.130175, 0.0466993, 0.0226002, 0.225805, 0.17683, 0.101608, 0.0806452, 0.0163661, -0.010916, -0.0354073, -0.0103372, -0.024721, 0.00263731, -0.0889363, -0.00965627, 0.00713933, 0.0218592
# -0.00143515, -0.0603811, 0.000407196, -0.000643096, 0.0010733, 0.000527872, 0.000849696, 0.00331741, 0.000209305, -0.00205986, 0.102459, 0.0501709, -0.0681167, 0.139636, 0.0549309, 0.0362031, 0.14128, 0.0266946, -0.011813, 0.17683, 0.313023, 0.110318, 0.065061, 0.0419533, -0.0205878, 0.00869727, -0.0100966, -0.0313045, -0.000275513, 0.00503072, -0.138621, -0.0104735, 0.0457086
# -0.000922833, -0.0510108, 0.000418219, -0.000962641, -0.000624729, 0.000820241, 0.00271481, -0.000244312, 0.00118411, 0.00154244, 0.022946, 0.0100544, 0.00770602, 0.0966374, 0.0787894, 0.0844197, 0.112138, 0.0724335, 0.0583194, 0.101608, 0.110318, 0.178276, 0.0640345, 0.0133981, -0.0175333, -0.0275174, -0.0119729, -0.00939409, -0.00263956, -0.00262458, 7.60579e-05, -0.11035, 0.0219189
# -7.42341e-05, -0.0471651, -0.00142661, -0.000286663, 0.000792161, 0.000427443, 0.00201429, -0.000966013, -0.000134348, -0.00126586, -0.00493895, -0.0112445, -0.016581, 0.0573813, 0.0671814, 0.0795719, 0.0816805, 0.083436, 0.0848591, 0.0806452, 0.065061, 0.0640345, 0.189904, 0.0169518, 0.012415, -0.019392, -0.00845296, 0.014499, 0.0244172, 0.00485643, 0.0204016, 0.021204, -0.138154
# -0.000555333, -0.00551303, 0.00150806, -0.000972419, 0.000231435, -0.00147974, -0.000527155, 0.0032636, -0.00166492, -0.00249597, 0.00834446, 0.00491122, 0.13436, -0.112264, -0.00918565, 0.0102231, 0.0316407, -0.0101715, 0.00553801, 0.0163661, 0.0419533, 0.0133981, 0.0169518, 0.643595, 0.0147123, -0.00740167, -0.013919, -0.0169603, -0.0165142, 0.0306254, 0.0343956, 0.00488037, -0.0355047
# 0.00203445, 0.00846903, 0.00055272, -0.00101693, -0.00112475, 0.000516762, 0.00436128, 0.000397316, 0.000197448, -0.00413317, 0.00916212, -0.0422122, -0.0815074, -0.0334038, -0.185146, -0.0170188, -0.0235592, 0.00449083, -0.0143022, -0.010916, -0.0205878, -0.0175333, 0.012415, 0.0147123, 0.643044, -0.00547448, 0.0127615, -0.00101057, 0.000663716, 0.00459176, -0.0238115, 0.0315718, -0.024258
# 0.0043774, 0.0147893, 0.00170375, 0.00318886, -0.00205674, -0.00274647, 0.00115533, -0.000490218, -0.00103077, 0.00300445, -0.00103794, 0.124376, -0.109455, -0.0253799, 0.000987195, -0.15451, -0.040213, -0.00731299, -0.0454431, -0.0354073, 0.00869727, -0.0275174, -0.019392, -0.00740167, -0.00547448, 0.666311, 0.0370288, -0.0686893, 0.0485867, -0.030434, -0.05081, 0.00325136, -0.0456375
# 0.00100518, 0.00917671, -0.00066723, 0.00276899, -0.00115528, -0.00228841, 0.000170119, 0.00141138, 0.00242831, 0.00175953, -0.00304969, 0.0188962, 0.0796724, -0.000864734, -0.0260463, -0.00262194, -0.10523, -0.0132682, -0.0112137, -0.0103372, -0.0100966, -0.0119729, -0.00845296, -0.013919, 0.0127615, 0.0370288, 0.451628, -0.0450688, -0.00328235, 0.0629525, 0.0733764, -0.0241672, -0.0145869
# 0.000258184, 0.00519567, 0.000445743, 0.00290921, -0.000494014, -0.000489284, -0.00407345, -0.00174058, 0.00367163, -0.00282751, -0.00589054, -0.037395, -0.0978267, -0.0347846, -0.0037093, -0.0121226, -0.00342263, -0.0955979, -0.0101226, -0.024721, -0.0313045, -0.00939409, 0.014499, -0.0169603, -0.00101057, -0.0686893, -0.0450688, 0.62831, 0.0126169, -0.0307699, 0.0150728, -0.0120594, 0.0263763
# -0.000661247, 0.00197889, 0.000873249, -0.00363507, 0.00213521, -0.00173682, 0.00100756, 0.00155582, -0.00237316, -0.000564219, -0.00188867, 0.0249997, -0.151404, -0.00412737, 0.0302306, -0.0167995, 0.0169129, 0.0364142, -0.092226, 0.00263731, -0.000275513, -0.00263956, 0.0244172, -0.0165142, 0.000663716, 0.0485867, -0.00328235, 0.0126169, 0.657051, -0.0263959, -0.0667667, -0.0136565, -0.0607187
# -0.00223113, 0.00619303, 4.65821e-05, -0.00114087, 0.00473669, -0.00675997, 0.000528606, -0.00112729, 0.0025947, -0.00253287, 0.0161493, -0.0377574, 0.0824843, 0.0414166, -0.00768635, 0.0271158, -0.00261037, -0.00896119, -0.0315762, -0.0889363, 0.00503072, -0.00262458, 0.00485643, 0.0306254, 0.00459176, -0.030434, 0.0629525, -0.0307699, -0.0263959, 0.627384, 0.0544865, -0.0358598, 0.0131571
# 0.000532064, 0.00848028, -0.00138683, 0.00322943, 0.000240634, -0.0017475, 0.00223678, -0.000691166, 0.00272949, -0.000294248, -0.0165191, -0.0129874, 0.295884, 0.00480562, -0.0247632, 0.0152818, -0.0110667, -0.0307122, 0.0175421, -0.00965627, -0.138621, 7.60579e-05, 0.0204016, 0.0343956, -0.0238115, -0.05081, 0.0733764, 0.0150728, -0.0667667, 0.0544865, 0.635459, -0.0113887, -0.0666732
# 0.00175299, -0.000637241, -0.00318544, -0.000658544, -0.00379363, -0.00138743, 0.000635547, 0.00176707, -0.00199788, -0.000493318, -0.00145721, -0.0216703, -0.0707354, -0.00622527, -0.0237765, -0.0167293, -0.0132083, 0.00220889, 0.00356007, 0.00713933, -0.0104735, -0.11035, 0.021204, 0.00488037, 0.0315718, 0.00325136, -0.0241672, -0.0120594, -0.0136565, -0.0358598, -0.0113887, 0.525447, -0.0588272
# -0.00233806, -0.00641835, 0.000297419, 0.00121755, -0.00236624, -0.000793602, -0.00195763, -1.18838e-05, 0.00190474, -0.00118146, 0.0195009, -0.0407563, -0.0340568, 0.0415871, 0.0206051, 0.0124607, 0.0250801, -0.00281225, -0.0208198, 0.0218592, 0.0457086, 0.0219189, -0.138154, -0.0355047, -0.024258, -0.0456375, -0.0145869, 0.0263763, -0.0607187, 0.0131571, -0.0666732, -0.0588272, 0.603936
-801.70025,0.8987998,0.30266932,4,15,0,825.35727,0.37337104,2.5060547,0.25230033,-0.42072444,0.27914082,-0.13734534,0.37772462,-0.07411606,0.35129524,-0.28010773,-1.174898,-1.488222,0.46658326,-1.9505892,0.42288098,-0.76027597,-1.3239635,0.88418524,1.8982113,-0.81341803,-2.2551624,-0.94001747,0.026816333,1.131501,0.47318683,4.0364594,1.1145273,-0.70391399,2.3519872,-0.95047393,-0.25529544,0.8885429,-0.15743842
-802.90211,0.60881127,0.30266932,4,15,0,823.60855,0.4046116,2.3811548,0.31929083,-0.42440009,0.21997393,-0.12214843,0.37126678,-0.13484194,0.36270052,-0.26940186,-1.0843344,-2.4806205,0.14669541,-0.66108998,1.0882357,1.4211485,-0.27336014,1.6807947,1.9921973,-1.5128738,-1.9014688,0.38140374,0.54727788,-0.96674599,-0.72027311,-1.4069931,-2.2256922,0.71703617,-1.6432027,0.08337087,-1.5101268,-0.48390302,0.8537381
-798.80478,0.99361186,0.30266932,4,15,0,819.59284,0.37111156,2.1013786,0.26662824,-0.38325161,0.24479866,-0.20210877,0.39741382,-0.0592443,0.34684739,-0.33797607,-0.79447586,-1.9645329,0.57570921,-0.34240843,1.2965923,0.61700376,-0.055994516,1.7755365,2.2567219,-0.20291716,-0.91486485,-0.10598237,0.7060823,-0.22467277,1.4855946,2.8404021,1.5527239,-0.83013783,0.93836884,-1.5033866,-0.19046172,0.37966749,0.39479615
-795.8279,0.99702755,0.30266932,4,15,0,810.62923,0.35688502,2.2891129,0.34668297,-0.45820462,0.29680332,-0.13195905,0.3870719,-0.15393793,0.37275084,-0.28112954,-0.46119218,-1.5124295,-0.53740768,-0.34113363,0.60512598,0.76316073,-0.13516651,0.70465019,1.2518174,-0.83037649,-1.0610983,0.29993314,0.3761426,-1.0137608,-0.23450106,0.42619958,-0.77658536,1.7364619,0.45012485,-1.5534969,-0.59006465,-0.06533684,-0.54769338
-791.93593,0.99407331,0.30266932,4,15,0,805.00504,0.44002589,2.3346153,0.24182052,-0.32227139,0.23024848,-0.14863119,0.37331683,-0.067507252,0.39774973,-0.27824126,-0.82369982,-1.5532089,0.34028215,-0.84900857,0.43149293,0.55304833,-0.26588321,1.4636457,1.3599223,-1.2965633,-1.3182984,0.14592969,0.22251958,0.9327755,-0.54604364,1.7031723,-0.55796118,-1.5915535,0.77869914,-0.099410732,-2.3183166,0.63336182,0.64885438
-790.65114,0.87592655,0.30266932,4,15,0,808.96013,0.32928005,2.4045682,0.3284936,-0.4718162,0.194628,-0.14253026,0.31367776,-0.13982509,0.35720369,-0.29166142,-0.2026931,-2.1643451,0.11153628,-0.49317814,0.24410581,0.13245668,-0.089964166,0.92915666,1.0069375,-0.55028012,-1.1579099,-0.03010541,0.16202384,-1.2035104,0.44683604,1.1324066,-0.27807811,0.32175939,-0.11629738,-0.91447276,0.22958786,-0.81561876,-0.55195432
-794.02614,0.86062445,0.30266932,4,15,0,807.0126,0.40633838,2.6576633,0.28302528,-0.3634155,0.32681433,-0.15813095,0.41303471,-0.10521773,0.36364804,-0.30895999,-0.44794859,-1.8987811,0.65055416,-0.83813299,0.25819294,0.34846064,-0.7365749,0.044562641,0.76213557,-1.1475479,-1.4074792,-0.71589666,0.033254551,-0.26644616,-1.7035279,0.93903804,-2.2029483,-0.14731569,-0.47424349,0.49536274,-1.2462068,0.67384152,-0.80613058
-800.50673,0.9216833,0.30266932,4,15,0,817.56428,0.37316762,2.4957011,0.32840724,-0.42055012,0.16857042,-0.12832511,0.33941211,-0.065536849,0.41142774,-0.24901978,-0.86637636,-1.4571676,0.53128097,-0.65663807,0.3292331,0.30015175,-0.62832193,0.99959681,1.3201839,-1.2541244,-1.639626,-0.43364892,-0.060479027,-0.090534778,1.0946184,1.3730562,1.9734125,-2.433816,0.75828699,-0.81351932,0.78904754,-0.86062426,0.25787901
-797.30392,0.99525993,0.30266932,4,15,0,820.84683,0.37173902,2.5769487,0.28257962,-0.34628398,0.35005905,-0.082303408,0.34785482,-0.21600339,0.36961314,-0.26920003,-0.77854146,-1.0802795,0.78012191,-1.1481408,0.60676227,0.20130001,-0.46960969,0.74839005,0.73961439,-1.2384147,-1.7151044,-0.48664995,0.24081315,0.50236692,-1.6408738,-0.54266711,-1.1415248,0.088678847,0.44861269,-0.4664556,0.071973402,-0.16686744,-1.5746285
-789.03335,0.84071419,0.30266932,4,15,0,812.36684,0.38991218,2.3489848,0.29431792,-0.44000272,0.29008616,-0.12937043,0.34913943,-0.098048625,0.34571451,-0.28107613,-0.7889493,-1.1664025,0.79696782,-0.59349285,0.54910364,0.60831375,-0.091201039,1.0839956,1.2446993,-0.97192624,-1.182016,-0.069353463,0.10483165,0.85329764,-1.6293682,0.85623648,0.19274189,-1.3641752,1.0347755,-0.066162602,-1.5431339,-0.73478126,0.4986444
-791.25602,0.82463115,0.30266932,4,15,0,807.44549,0.39570934,2.3449621,0.28393163,-0.46148907,0.27864728,-0.19059449,0.31374123,-0.19033044,0.34704566,-0.37297305,-0.86294667,-1.3907166,0.44108142,-0.82390147,1.3395813,-0.018791955,-0.2762609,1.409246,1.1620368,-0.97467207,-1.4442643,-0.12917237,0.22152933,0.13576935,-1.117778,1.9082616,-0.0073603724,-1.014987,1.7641443,-0.21350431,-1.207019,-0.078130303,0.93542866
-797.4336,0.61008067,0.30266932,4,15,0,815.6022,0.45765077,2.744215,0.29322208,-0.38974726,0.25431194,-0.2068799,0.27490912,-0.089887175,0.43057445,-0.28559291,-0.47946929,-1.5252282,-0.23001457,-1.4010916,-0.41289153,-0.34791342,-0.38054146,0.35155117,0.76213274,-1.3691427,-1.7550477,-1.0966969,-0.019219664,-0.68019796,0.13966098,0.18745079,-0.22234101,-0.075107166,-0.043202267,-0.47676139,-0.3724027,0.30922153,-0.26027487
-794.79614,0.15166443,0.30266932,4,15,0,818.35705,0.4826561,2.7771246,0.28281085,-0.38331425,0.19547773,-0.21351983,0.27760223,-0.10393232,0.43145735,-0.20822902,-0.63802932,-0.82838568,-0.14546809,-1.7723591,-0.035205941,-0.93350023,-0.64094277,0.6317529,0.7584619,-1.5374464,-2.0607869,-0.91036424,-0.10151769,-0.50282768,0.18400971,1.4942099,-0.25913191,-0.63659148,-0.23352879,-0.51447534,-0.85896233,0.16464683,-0.83157636
-794.63012,0.52100388,0.30266932,4,15,0,809.3343,0.28271844,2.306296,0.30662923,-0.38522108,0.22200265,-0.069145608,0.39640288,-0.058236674,0.29696013,-0.33725061,-0.91605351,-1.0326231,0.43922506,-0.51535442,1.2354477,0.4620387,-0.51871668,1.1857846,1.3079508,-0.93499823,-1.2253116,0.39482772,0.025036347,-0.19063609,-0.44578322,2.4990428,0.52972788,-0.78667049,1.0821532,-0.61662829,-0.9771769,0.0090836092,0.5476059
-806.38759,0.3724088,0.30266932,4,15,0,822.23625,0.35183787,2.3415583,0.26592591,-0.45276247,0.14078268,-0.14550413,0.37952836,-0.15265896,0.35324801,-0.42877201,-0.96298945,-2.5341751,0.80943287,-1.0284679,0.94717667,0.91791059,-0.21983903,0.93933402,2.2184687,-0.62920388,-1.439506,-0.2733821,0.49932385,-0.79557378,-1.7337774,1.6326468,0.71647616,0.58397261,0.98102846,-0.45666239,1.1259232,-0.51465291,-0.15197773
-803.93969,0.96913242,0.30266932,4,15,0,820.98741,0.35947789,2.2616477,0.25592104,-0.39364855,0.17150374,-0.12539103,0.36838328,-0.18821834,0.35332483,-0.33376149,-1.0343363,-1.6989602,0.78788198,-0.98065297,1.3428248,0.7321351,-0.47064799,1.0779084,2.3151082,-1.0954616,-1.6726432,-0.19213437,0.84109184,-0.89554959,-1.3354489,2.2874609,0.89729874,0.15738239,1.0673837,0.54238273,2.5618316,-0.57196527,-0.73286476
-793.95005,0.94927292,0.30266932,4,15,0,814.77088,0.35086416,2.466325,0.27856277,-0.45234619,0.22940728,-0.17195734,0.37672643,-0.059651256,0.32259339,-0.23875128,-0.43465273,-2.072371,0.61820423,-0.45288266,0.082962018,0.60344612,-0.50497857,0.84772445,1.1682531,-0.81626112,-1.3376246,-0.08019988,-0.29965439,-0.28828208,0.029339958,0.84278551,-0.28366499,0.15628778,-0.19393634,-1.5599467,0.97555201,0.2697767,0.17571126
-795.94358,0.97995726,0.30266932,4,15,0,808.64475,0.50672759,2.2230451,0.27058741,-0.40601468,0.23871439,-0.10194089,0.34728165,-0.11336021,0.385415,-0.24235516,-0.96827511,-1.8624363,0.6716867,-0.6289958,0.88571625,0.73199508,-0.14773627,1.7700071,1.9031245,-0.91311824,-1.3015618,0.10114395,0.32069126,-0.2166829,-0.94554244,-0.46135719,-0.12246338,-2.7872144,0.32994855,0.23154785,-1.1703877,1.1836007,-0.28686996
-803.60615,0.92793989,0.30266932,4,15,0,815.11427,0.31957527,2.6068085,0.28172286,-0.35625554,0.233694,-0.18811259,0.34105725,-0.14507188,0.39290148,-0.34836786,-0.074752233,-2.4217559,0.50681082,-0.77504536,0.087090757,-0.02823207,-0.60006726,0.56745574,1.133584,-0.77123951,-1.2182902,-0.26656007,-0.28630326,-0.12488597,-0.079562094,2.4236238,-1.4974535,1.2391879,0.5179029,-1.1088717,1.3707551,-2.0852462,1.6200002
-799.10077,0.97122298,0.30266932,4,15,0,817.20589,0.3486309,2.8083254,0.36191971,-0.4195116,0.28370867,-0.21384905,0.33603126,-0.099760221,0.34781611,-0.35123485,0.18298586,-2.0048675,0.88879927,-0.60665107,-0.056704526,-0.053799423,-0.41908234,-0.038546354,0.16017425,-0.84489211,-1.0510463,-0.51988674,-0.072212164,0.20094875,-0.321409,2.4185783,-1.313486,0.072333172,0.55667224,0.67197577,2.1466277,-0.82916068,0.69855234
-799.10077,0.024055257,0.30266932,4,15,0,821.75342,0.3486309,2.8083254,0.36191971,-0.4195116,0.28370867,-0.21384905,0.33603126,-0.099760221,0.34781611,-0.35123485,0.18298586,-2.0048675,0.88879927,-0.60665107,-0.056704526,-0.053799423,-0.41908234,-0.038546354,0.16017425,-0.84489211,-1.0510463,-0.51988674,-0.072212164,0.20094875,-0.321409,2.4185783,-1.313486,0.072333172,0.55667224,0.67197577,2.1466277,-0.82916068,0.69855234
-787.28595,0.21006052,0.30266932,4,15,0,808.86168,0.40666754,2.1220197,0.24468378,-0.39389979,0.27499363,-0.12594385,0.45345312,-0.093283781,0.39177776,-0.26346651,-0.31582805,-1.2461216,0.078226066,-0.067908811,0.9524306,0.55063988,0.21764579,1.0098213,1.0786385,-0.29857971,-0.33995557,0.098292001,0.85110372,0.50376609,-0.57691463,0.71173155,0.015721493,-0.74253493,0.74640951,-0.46214446,-2.0491388,0.29046349,-1.3090373
-800.02802,0.16407225,0.30266932,4,15,0,817.22407,0.33562775,2.4647476,0.34537793,-0.42332278,0.22035476,-0.1726898,0.285151,-0.15732426,0.34000586,-0.34017103,-0.79924164,-1.0998312,0.35866041,-0.84440705,0.70304222,1.0253629,-0.9386201,1.2969704,1.8333524,-1.4210891,-1.9593907,0.14435807,-0.30086881,-1.2670191,-0.34737085,1.7438963,0.81283344,-0.4993304,0.00078612997,-0.41307722,-0.032235659,-0.94180339,0.56314511
-795.8607,0.78012353,0.30266932,4,15,0,820.97214,0.45406308,2.3982043,0.22902399,-0.35127576,0.25183541,-0.14430187,0.42982059,-0.10543686,0.37799413,-0.26283516,-0.88409881,-0.85529955,0.18020811,-0.30706224,0.88542612,-0.5521794,-0.54771426,1.0396485,0.82312375,-0.6439424,-1.9112338,-0.38547298,0.39971322,-0.68268683,-0.10636531,1.6829695,-0.63987937,-0.76041015,0.71943147,-0.80758133,-1.2119005,-0.11710999,-0.0027054129
-793.3039,1,0.30266932,4,15,0,809.73642,0.31136223,2.4416354,0.36985625,-0.48078033,0.26939646,-0.1356875,0.24225131,-0.094710514,0.37194432,-0.28911782,-0.61358865,-1.0758464,-0.19221012,-0.79850352,1.0112333,0.62595992,-0.72416381,1.3324371,1.3344789,-1.0857115,-1.1290159,-0.20261677,0.14598433,-0.69429627,-0.79192712,0.57393339,0.37819165,-1.2464864,0.82321337,-0.34608138,-1.2364854,0.1409982,-0.49302566
-794.11627,0.93304035,0.30266932,4,15,0,809.65973,0.44715794,2.3580391,0.21720071,-0.3542052,0.25559152,-0.21137913,0.45575419,-0.14355909,0.38576375,-0.27237762,-0.79347998,-1.1060737,0.82701872,-0.62145951,0.36586154,0.2652743,-0.17473151,0.61593142,1.4055818,-0.60342022,-1.2229214,-0.22094948,0.35849305,-0.036422168,0.098688556,1.4819985,-0.11880907,0.56305578,-0.64028958,-1.0502748,-1.0417716,-0.20906237,0.60536157
-802.96084,0.90082292,0.30266932,4,15,0,815.10431,0.35038051,2.5574419,0.33032395,-0.41568362,0.28494759,-0.028599963,0.29178786,-0.078648749,0.35696236,-0.28006784,-0.71616535,-1.2503337,-0.48018447,-1.5880933,0.29202077,-0.51499256,-0.26456078,1.5367081,0.66062634,-1.4328989,-2.0217196,-0.69705429,-0.76628154,-0.35070352,-0.42174225,1.4207403,-1.0357961,-2.2204282,1.838679,-0.087195129,-1.3607372,-0.41001593,-0.26152782
-803.87152,0.90525578,0.30266932,4,15,0,821.34542,0.33934419,2.6440543,0.33593369,-0.44553445,0.32802176,-0.015748542,0.32411702,-0.10196039,0.35270956,-0.29256035,-0.97990432,-1.2133118,-0.10116935,-1.9097692,0.066224534,-0.399557,-0.052831882,1.5196287,0.94084794,-1.6440388,-2.4732482,-0.58310528,-1.0352157,-0.0013493878,-0.37894176,1.3893161,-0.96977225,-2.3422865,1.5000539,-0.018881722,-1.2422129,-0.26847688,0.72427264
-792.78606,0.86729375,0.30266932,4,15,0,815.81288,0.40331574,2.5973126,0.27856375,-0.4223623,0.18387296,-0.21290021,0.37093138,-0.022567632,0.37788057,-0.26020249,-0.88109894,-0.49806399,-0.034533563,-0.67382218,1.0103002,-0.83549082,-1.3864603,0.86570395,1.3726527,-1.5134601,-1.6498336,-0.29046862,1.0136854,-0.4335299,-1.0040634,0.78968028,-0.02765057,-0.25272513,0.53117134,-0.16394402,-0.95736034,-0.13467515,-0.45163611
-802.37284,0.23443549,0.30266932,4,15,0,816.29168,0.44932224,2.5143529,0.21661996,-0.41256686,0.15213943,-0.17201089,0.47840276,-0.035693001,0.3736151,-0.20472977,-0.93911483,-0.77726386,0.0071625082,-0.25213858,0.79482069,-0.16483003,-1.2388155,1.1311505,1.7936663,-1.3873287,-1.5092036,0.34151316,0.97068334,-1.1123751,0.40877453,1.4397,-0.1248233,-0.0067811842,0.16573671,-1.1201932,-1.0764421,-0.60320541,-0.94359353
-793.01044,0.78811562,0.30266932,4,15,0,822.71607,0.47082958,2.2934961,0.21877665,-0.45426668,0.21312452,-0.13292856,0.34188343,-0.1617911,0.34908318,-0.30399941,-0.76676113,-1.8287184,-0.21318202,-0.409957,1.1137644,0.39254018,-0.2018877,1.7469903,1.5049165,-0.95340592,-1.534748,0.29413669,0.22335641,0.18308371,-1.3033716,1.4895741,-0.98531374,0.091633381,0.83418966,0.78621582,-1.2102639,-0.1353375,0.820497
-793.3712,0.9483755,0.30266932,4,15,0,808.67232,0.28757969,2.6837063,0.27250613,-0.36111571,0.25329466,-0.10186537,0.42283823,-0.10630953,0.38878723,-0.26760402,-0.33710187,-1.480184,0.73978787,-1.1381039,-0.21000889,-0.047151462,-0.46762634,0.12354417,0.50205497,-0.89788047,-1.398122,-0.48130072,-0.011377122,0.00017551565,0.69072971,0.61143079,0.020499398,-1.5559188,0.21364412,-1.548744,0.26902932,-0.77289373,-0.5998483
-797.31461,0.92290001,0.30266932,4,15,0,810.55172,0.31237348,2.5723928,0.21683017,-0.36690865,0.28950777,-0.14093697,0.39288478,-0.031022556,0.38490605,-0.25547207,-0.43655698,-1.7248663,-0.29599153,-0.51555678,0.67909012,-0.025184351,-0.54511981,0.71780824,1.1030661,-1.2100983,-1.4319153,-0.31635771,-0.1548386,-1.8057297,0.68058817,1.605999,0.05716327,-0.8399953,1.061655,-0.53507649,-0.82874627,-0.34833156,-1.5934452
-789.11618,0.99055028,0.30266932,4,15,0,808.12786,0.42722185,2.3419304,0.2426131,-0.43259463,0.20163487,-0.21535147,0.39700213,-0.09156581,0.35192725,-0.36627336,-0.55479747,-1.2538563,0.44835147,-0.83468891,0.39577917,0.39656609,-0.18622842,1.0466229,0.9730535,-0.52393662,-0.94186759,-0.091547335,0.63949216,-0.32750839,-0.52613196,1.7940228,-0.4295574,-1.212997,0.46467288,-0.85547037,-1.0113638,-0.62135425,-0.4233942
-787.9314,0.96321774,0.30266932,4,15,0,798.93668,0.38747836,2.3780929,0.33697436,-0.39585525,0.27248793,-0.07654121,0.31353167,-0.14452989,0.38042563,-0.21022293,-0.69147865,-0.42433036,-0.029405297,-0.47033641,1.2424665,-0.40360471,-0.65540328,1.5366223,1.4103304,-0.71996917,-1.2835755,-0.45299857,0.12223083,-0.27611472,-0.37199619,1.3313334,0.0019107825,-0.61915634,1.5220723,-0.62464976,-0.13388198,0.15462204,0.049754921
-790.5857,0.26997529,0.30266932,4,15,0,803.29999,0.4218253,2.614517,0.24451155,-0.43044844,0.20617916,-0.19517901,0.38367547,-0.059438186,0.34652292,-0.33979566,-0.69627989,-1.7649021,0.26870291,-1.3285524,0.16672993,0.01022235,-0.53283522,0.50013064,0.73558281,-1.2325641,-1.9354892,-0.38557707,0.075382833,-0.76307161,-0.76162846,2.04844,-0.53505181,-0.41439817,0.81589572,-1.9880871,-0.77411208,-0.30285553,0.050249077
-793.43218,0.94477321,0.30266932,4,15,0,810.61869,0.43135422,2.8246565,0.30929239,-0.41569097,0.29271777,-0.064628066,0.33659596,-0.18838499,0.41112371,-0.28026383,-0.31139406,-0.85404151,0.47237478,-0.70348088,0.014121115,-0.41225329,-0.71947433,0.53268082,0.67730047,-1.2630589,-1.6722675,-0.49940245,-0.88685075,-0.9684036,-0.21167187,1.5214521,-0.59881273,-1.2988421,0.13047087,0.20339242,-0.1993336,0.20367699,0.54838998
-791.03143,0.64894334,0.30266932,4,15,0,812.26335,0.31518168,2.3650647,0.28061943,-0.43539939,0.18362394,-0.22440578,0.31801372,-0.030865179,0.361303,-0.23651097,-0.47355185,-1.0186953,-0.50463156,-0.70907547,0.75907283,0.18816456,-0.15490938,0.85999057,0.81630574,-0.86692573,-0.99352337,0.13471742,0.29547131,0.59110187,-0.49132713,2.1006882,0.054907403,0.12695757,0.93802214,-1.2728416,-1.7970374,-0.094423585,-0.17903141
-793.14037,0.8979919,0.30266932,4,15,0,808.21955,0.42533618,2.4208616,0.26995599,-0.40950653,0.33830606,-0.090303279,0.36954152,-0.16409527,0.34787725,-0.31942073,-1.2572921,-0.77951435,0.39317132,-0.82131888,1.3908764,-0.053187751,-0.54294844,1.4431855,2.5670183,-0.86044097,-1.6644821,-0.24370842,0.55653715,-0.67653652,-0.18756596,2.0470652,-0.017850591,-0.40431873,-0.10042222,-0.66084142,-0.42674137,0.012803699,0.26601719
-796.88508,0.91016984,0.30266932,4,15,0,810.58299,0.3870737,2.6901427,0.22766883,-0.40474996,0.10980396,-0.17364204,0.31883863,-0.10039035,0.44332771,-0.23703458,-0.58794759,-0.54828668,0.47666507,-0.76168181,0.62762337,0.2371345,-0.94766912,0.34042026,0.45206373,-0.7947452,-1.8793811,-0.56711919,-0.29637506,-0.47507315,-1.2148886,-0.012073692,0.38247536,-0.4842229,0.44449598,-1.1194086,0.93517703,0.32452814,0.59789674
-801.19926,0.87321219,0.30266932,4,15,0,814.11219,0.32951095,2.3008304,0.36688445,-0.4048954,0.37139354,-0.11466547,0.39996685,-0.23119852,0.33992882,-0.32124339,-0.79956707,-1.5532463,-0.068808367,-0.37682839,0.92351561,-0.1152884,-0.089653984,2.1042503,1.6681631,-0.83452255,-1.2306348,-0.39066807,0.49745129,-0.41726067,-0.068326741,2.0464441,-0.64545576,-0.55560277,0.45904988,-0.25331406,-2.4190565,-0.1878578,-0.037947736
-789.72362,0.99378977,0.30266932,3,15,0,813.85131,0.40066607,2.3859277,0.25463075,-0.37141988,0.30620438,-0.12852179,0.35350819,-0.10937968,0.34640934,-0.29674953,-0.85668583,-1.0002855,0.22892817,-0.81298432,0.81633265,0.73113605,-0.13495867,1.5888953,0.95667684,-0.88410949,-1.1454543,-0.25819893,0.21393516,0.45812613,-0.19501287,1.9069429,-0.55390351,-0.20475187,1.5506372,0.050914536,-1.1768818,-0.35323987,0.50901585
-794.24289,0.90615696,0.30266932,4,15,0,806.67068,0.362911,2.4996058,0.32317437,-0.40634679,0.20192878,-0.22697817,0.35225526,-0.12010813,0.42437463,-0.28897889,-1.0183209,-0.64737335,0.45243892,-0.47538026,1.0057564,-0.12964324,-0.97271729,0.60622613,1.7542866,-1.5360055,-2.1806393,-0.10566873,0.13473787,-1.0129831,-1.2906765,1.4679796,0.57835276,-0.3425232,-0.58837143,0.95614864,-0.17955248,-0.74293169,-0.19411297
-796.1773,0.58648618,0.30266932,4,15,0,817.04611,0.36127889,2.5056838,0.28785593,-0.36983687,0.20964724,-0.21881316,0.27837031,-0.13968447,0.38430942,-0.30587192,-0.90509006,-1.3993051,0.65920914,-0.68421487,0.59662035,-0.065254183,-0.5937952,0.40457272,2.1710544,-1.3867067,-2.048172,-0.49273675,-0.19851639,-0.68717977,-0.78110928,0.88080068,0.073762857,-0.054816257,-1.6801329,0.33080488,-0.32999521,-0.66676584,0.2925135
-800.49996,0.96516301,0.30266932,4,15,0,815.19371,0.39101453,2.3731785,0.3177032,-0.39845841,0.27297501,-0.10244642,0.46782536,-0.025457483,0.31335688,-0.23955997,-0.79168215,-1.1849554,0.065609166,-0.85489336,0.5342666,0.072451714,-0.4139417,1.3008718,1.1995224,-0.10962916,-1.1699565,0.13112681,0.11900916,0.85785427,0.92047931,2.5369909,0.05975278,-0.2913978,2.7389245,-2.205293,-1.0208247,0.77400154,-0.20253442
-806.89092,0.86741718,0.30266932,4,15,0,823.67126,0.43283157,2.4470828,0.26042527,-0.37653899,0.22976215,-0.17664129,0.29193303,-0.173761,0.45352425,-0.29047307,-1.1675141,-2.003534,0.87461116,-0.8565056,0.63620111,0.92565128,-0.44950876,1.0491139,2.1438379,-2.0739411,-1.9332871,-0.51751493,0.31193873,-1.5411957,-1.332693,0.0047236533,-1.4232089,-0.67525354,-2.0123856,1.9857157,-1.2152286,-2.0756134,0.26616758
-799.02144,0.84488844,0.30266932,4,15,0,825.04482,0.31681598,2.2238136,0.3734674,-0.42857124,0.21019686,-0.23138447,0.42086652,-0.073726873,0.31067,-0.29554896,-0.51712767,-1.3259743,0.7344324,-0.37367716,0.56022948,0.68191182,-0.23602166,1.1077959,0.91848814,-0.047527083,-0.84626371,0.34892952,0.64826448,1.5642851,0.060095054,1.3240029,-0.26165153,1.1106287,1.3469703,-1.8277187,-0.05771468,-0.41038897,-0.97199107
-799.65477,0.91630033,0.30266932,4,15,0,812.58797,0.43049556,2.4146708,0.30438826,-0.39729074,0.2360776,-0.13475282,0.30998863,-0.20671201,0.45377418,-0.29073566,-1.0153162,-1.2990694,-0.33867467,-1.2046427,1.9151299,0.78641377,-0.37934802,1.5143324,2.2452426,-1.4822195,-1.4866384,-0.77169106,0.017682565,-0.050362169,-1.6035232,0.541564,0.023643712,-0.71821179,0.10304211,0.11620155,-1.8072033,-0.17219786,0.16662848
-799.21667,0.94601728,0.30266932,4,15,0,826.66423,0.48202178,2.450794,0.23605071,-0.43685429,0.29511235,-0.11509166,0.46605455,-0.15594849,0.41254277,-0.2492276,-0.73608557,-1.0376007,0.76921123,-0.71218702,1.2135216,-0.044698461,-0.28080356,0.70675065,1.1128518,-0.92249354,-1.4994009,-0.49802654,0.36067694,0.45945226,-2.3697033,2.9310937,-0.098882154,-0.16076903,1.5915369,0.050387425,-0.31293513,1.6971772,-0.68442508
-803.5116,0.87267153,0.30266932,4,15,0,822.00729,0.33930641,2.8381114,0.18741372,-0.43273968,0.23753429,-0.16410264,0.24219356,-0.013716115,0.39190798,-0.28425251,-0.73846123,-1.1320841,-0.17713412,-1.6592916,-0.2948444,-0.57882736,-1.0925935,0.30567789,0.57402926,-1.9202855,-2.1765314,-1.5044436,-1.4045338,-0.7680438,-0.35205499,0.76544085,-0.53408456,0.55912207,-0.18499464,-0.45997827,-0.95818839,0.60371438,1.5628715
-804.79852,0.97062227,0.30266932,4,15,0,825.03298,0.39832023,2.1622461,0.34983022,-0.428427,0.24115302,-0.12511618,0.46615581,-0.22075542,0.37421908,-0.31095659,-0.75329477,-1.894206,-0.28856098,-0.0041338119,1.7244764,0.40715791,0.091090435,2.0701337,2.2057374,0.12108844,-0.98168412,1.1375328,1.3608697,-0.33313815,0.22963269,1.2850206,-0.039089454,-1.315298,1.2468707,-0.81986167,-0.61851056,0.099697704,-0.14212095
-795.21425,0.58201446,0.30266932,4,15,0,819.68642,0.32819794,2.2709029,0.34546708,-0.32710732,0.24379382,-0.2032639,0.44166165,-0.12016754,0.39795194,-0.28805074,-1.1519217,-0.92804132,0.067855605,-0.63818695,1.6487429,0.47101885,-0.40482717,1.7410433,2.1022642,-0.64400794,-1.6387545,1.0361419,0.87140491,-0.29677755,-0.92862619,0.77458095,0.20725592,-0.64235141,1.4426259,-1.1385709,-0.61290644,-1.0521221,0.27736736
-800.98905,0.71768421,0.30266932,4,15,0,820.67553,0.3527459,2.36489,0.23488184,-0.4947386,0.22003245,-0.026078035,0.33622879,-0.17898718,0.47715554,-0.21259442,-0.80424333,-1.1429296,-0.2266627,-0.0483665,0.76530881,-0.14534846,-0.24738197,1.9621746,1.5696993,-0.95107717,-1.349221,-0.034487734,0.11238441,-0.63108999,-0.2813642,2.3155032,-0.81413469,-0.35137874,-0.27674482,-0.98846638,-1.5310634,0.15397973,0.18626595
-793.55752,0.99491099,0.30266932,4,15,0,812.76787,0.35893477,2.3487492,0.32787635,-0.41669202,0.22809126,-0.18842451,0.38777989,-0.12064514,0.34685322,-0.34686286,-0.95954654,-1.4517887,0.32320297,-0.47273901,1.1001074,0.87516951,-0.40359427,1.8065734,1.168011,-1.0141699,-1.9935638,0.2921755,0.40523599,0.52231054,-0.35994716,0.26776377,0.39593684,-1.3182582,2.1716071,-1.0369913,0.25581852,-1.022934,-0.31665409
-796.15269,0.97712091,0.30266932,4,15,0,807.46477,0.43475766,2.4083575,0.24655462,-0.38993599,0.26990857,-0.093897303,0.31890929,-0.099649515,0.40442798,-0.26007617,-0.76259327,-2.2755993,0.32710338,-0.90821523,0.51854231,0.28862182,-0.23129935,0.64055978,1.5556435,-1.3195619,-1.2681758,-0.85640309,0.49506761,-0.68009372,-0.68136401,1.4887905,0.60943302,0.38614865,-2.0634244,-0.5089628,-1.8379403,0.87072997,-0.064285077
-793.1223,0.99785174,0.30266932,4,15,0,803.65977,0.46102172,2.3499825,0.2479949,-0.353567,0.26304676,-0.12357607,0.31918801,-0.063160873,0.37827782,-0.24907416,-0.96681395,-1.6124588,0.36320777,-0.87398568,0.61978119,0.53819336,-0.32108184,1.2025304,1.6183747,-1.2504554,-1.4226576,-0.67209155,0.60880025,-0.18524102,-0.9006052,1.7368729,0.44277205,0.015145501,-1.7610205,-1.7465604,-1.3085097,0.42183367,-0.40104346
-797.6528,0.94720806,0.30266932,4,15,0,812.51891,0.43603478,2.4099714,0.27496632,-0.34527037,0.25023478,-0.15926889,0.41692038,-0.076296534,0.39299146,-0.22216361,-1.1187431,-1.3966096,0.66569448,-1.0283402,0.98690873,0.41543596,-0.42369184,0.91347823,1.3904768,-1.4633676,-1.1221074,-0.87710426,0.46902325,1.1509512,-1.3107586,0.38853911,0.14765895,0.55147166,-1.1403415,-0.73134905,-1.4267631,1.1878528,0.27401026
-792.16526,0.98489803,0.30266932,4,15,0,810.3741,0.34974461,2.4249658,0.30111509,-0.39401483,0.20588117,-0.10758068,0.34694902,-0.1233306,0.38606314,-0.32943873,-0.86171564,-1.2338397,0.19910484,-0.93036123,0.34698893,0.46934576,-0.95645277,1.5581727,1.26712,-1.0393468,-1.1156281,-0.013114005,0.0071740681,-1.031322,0.30701777,1.2467248,-0.12238761,-1.670672,2.1461654,0.10604922,-1.2494104,-0.95136646,-0.33638176
