# stan_version_major = 2
# stan_version_minor = 37
# stan_version_patch = 0
# model = survival_model
# start_datetime = 2026-03-12 18:17:25 UTC
# method = sample (Default)
#   sample
#     num_samples = 2000
#     num_warmup = 1000 (Default)
#     save_warmup = false (Default)
#     thin = 1 (Default)
#     adapt
#       engaged = true (Default)
#       gamma = 0.05 (Default)
#       delta = 0.8 (Default)
#       kappa = 0.75 (Default)
#       t0 = 10 (Default)
#       init_buffer = 75 (Default)
#       term_buffer = 50 (Default)
#       window = 25 (Default)
#       save_metric = false (Default)
#     algorithm = hmc (Default)
#       hmc
#         engine = nuts (Default)
#           nuts
#             max_depth = 10 (Default)
#         metric = dense_e
#         metric_file =  (Default)
#         stepsize = 1 (Default)
#         stepsize_jitter = 0 (Default)
#     num_chains = 1 (Default)
# id = 1 (Default)
# data
#   file = /Users/dansprague/Documents/PhaseSkate/benchmarks/scaling/data/data_H50.json
# init = 2 (Default)
# random
#   seed = 42
# output
#   file = /Users/dansprague/Documents/PhaseSkate/benchmarks/scaling/stan_output/survival-20260312141725_1.csv
#   diagnostic_file =  (Default)
#   refresh = 100 (Default)
#   sig_figs = 8 (Default)
#   profile_file = profile.csv (Default)
#   save_cmdstan_config = false (Default)
# num_threads = 1 (Default)
# stanc_version = stanc3 v2.37.0
# stancflags = --filename-in-msg=survival.stan
lp__,accept_stat__,stepsize__,treedepth__,n_leapfrog__,divergent__,energy__,log_alpha,beta_0,trt_effect,beta.1,beta.2,beta.3,beta.4,beta.5,beta.6,beta.7,beta.8,log_sigma_int,log_sigma_slope,rho,z_int.1,z_int.2,z_int.3,z_int.4,z_int.5,z_int.6,z_int.7,z_int.8,z_int.9,z_int.10,z_int.11,z_int.12,z_int.13,z_int.14,z_int.15,z_int.16,z_int.17,z_int.18,z_int.19,z_int.20,z_int.21,z_int.22,z_int.23,z_int.24,z_int.25,z_int.26,z_int.27,z_int.28,z_int.29,z_int.30,z_int.31,z_int.32,z_int.33,z_int.34,z_int.35,z_int.36,z_int.37,z_int.38,z_int.39,z_int.40,z_int.41,z_int.42,z_int.43,z_int.44,z_int.45,z_int.46,z_int.47,z_int.48,z_int.49,z_int.50,z_slope.1,z_slope.2,z_slope.3,z_slope.4,z_slope.5,z_slope.6,z_slope.7,z_slope.8,z_slope.9,z_slope.10,z_slope.11,z_slope.12,z_slope.13,z_slope.14,z_slope.15,z_slope.16,z_slope.17,z_slope.18,z_slope.19,z_slope.20,z_slope.21,z_slope.22,z_slope.23,z_slope.24,z_slope.25,z_slope.26,z_slope.27,z_slope.28,z_slope.29,z_slope.30,z_slope.31,z_slope.32,z_slope.33,z_slope.34,z_slope.35,z_slope.36,z_slope.37,z_slope.38,z_slope.39,z_slope.40,z_slope.41,z_slope.42,z_slope.43,z_slope.44,z_slope.45,z_slope.46,z_slope.47,z_slope.48,z_slope.49,z_slope.50
# Adaptation terminated
# Step size = 0.297392
# Elements of inverse mass matrix:
# 0.000523107, -0.000312026, 2.65557e-05, 3.45734e-06, 3.9882e-05, -3.56103e-05, 3.58613e-05, -3.85202e-05, -1.28447e-05, -5.44621e-05, 6.35207e-05, -7.51293e-05, 0.000106093, 0.00100699, -0.000281887, -0.000329981, -0.000237006, 0.000944776, 0.000751952, 8.15878e-05, 4.5469e-05, 0.000121975, 0.000713879, -0.000458229, 0.00023374, 0.000402438, 0.000599128, 0.000421024, 4.01516e-05, 0.000148337, 2.51724e-05, 0.000521329, -0.000534506, -0.000202114, 0.000194203, 0.0003958, 0.000299256, 0.000351908, 0.000120311, -0.000121326, 0.000385917, 0.00062923, -0.00034956, 0.000102425, 0.000360718, 0.000246488, 0.00038474, -0.000145338, 0.000374092, 0.00085211, 1.92921e-05, 0.000186399, 0.000741268, 0.00028685, -0.000177282, -0.000247755, -0.000163689, 0.000435563, -0.000478458, 0.000885446, -0.000198403, 0.000225375, 0.000167187, 6.10122e-05, 0.00160582, 0.00136163, 0.00173735, -0.000468747, -0.000877549, 0.000912385, 0.00103578, 0.00121224, 0.000357709, 0.00171168, 0.000193146, -0.00053993, 0.000245595, -0.000360363, -0.00146789, 0.000240487, 0.000821212, 3.29207e-06, -0.00122327, 0.00116141, 0.000390224, 0.00059791, -4.81249e-05, -0.00222627, 0.000267123, 0.000580035, 0.000955942, 0.000282354, -0.000116058, -0.000268884, 0.000999001, -0.00204818, -0.00200401, -0.000527247, 0.000217075, -0.000960869, 0.000101963, 0.000420186, -0.000715362, 0.000486747, 0.00049866, -7.05113e-06, 0.000952017, -0.000826619, 0.000605178, -0.00068693, 0.00204135, 0.000957338, -1.01857e-05, 0.000926372
# -0.000312026, 0.0101565, -0.000613988, 4.43344e-05, -0.00019483, 9.21297e-05, -6.27309e-05, 4.39071e-05, -0.000223097, 0.000235161, -0.00024442, 0.00177988, 0.00109558, -0.006014, -0.0149244, -0.0132963, -0.0118742, -0.0124877, -0.0171492, -0.0146246, -0.013063, -0.0112731, -0.00996926, -0.0137883, -0.0125833, -0.0126756, -0.0154057, -0.0106037, -0.014462, -0.0143243, -0.0143307, -0.0123137, -0.00777713, -0.0105181, -0.0130444, -0.0137831, -0.0131388, -0.0157634, -0.0130117, -0.0149946, -0.0124933, -0.0131588, -0.0134106, -0.0145903, -0.0162755, -0.0130511, -0.0149813, -0.0140008, -0.0131989, -0.0124689, -0.012064, -0.0146775, -0.0143665, -0.0120448, -0.0120936, -0.0116644, -0.0149899, -0.0133129, -0.0133008, -0.0175254, -0.0119105, -0.0129667, -0.0124841, -0.0141445, 0.00110615, -0.0023266, -0.000438237, -0.00440779, 0.00292364, -0.000993347, -0.00233944, 0.000565448, -0.00281696, -0.00195155, -0.000370215, -0.00635725, -0.00254877, -0.00415482, -0.00168552, 0.00674536, 0.000728941, -0.00398367, -0.00150378, -0.00508273, 0.00121325, 0.00644992, -0.000531903, 0.00313128, 0.000293908, 0.00295891, -0.00676016, 0.000328473, -0.000683804, 0.0017172, 0.0023861, 0.0016639, 0.000148424, 0.00468277, -0.00135253, 0.00318874, -0.000185174, -0.000487323, 0.00231751, -0.0026085, -0.00451619, -0.00441658, 0.00431035, 0.00326243, -0.00127565, 0.00844848, 0.00111311, -0.000816342, 0.00163579, 0.00131391
# 2.65557e-05, -0.000613988, 0.00443541, -0.000144071, 0.000193056, 1.44743e-05, 7.15484e-05, -0.000190773, 6.70706e-05, -0.000164355, 4.85416e-05, 1.43564e-06, -0.00042316, 0.00513653, -0.00199288, -0.000628403, 0.000132934, -0.00206943, -0.0013553, -0.000433632, -0.000423606, -0.000444627, 0.000239847, -0.000593954, 0.000152411, -0.00317147, -0.000232125, -0.000325086, -0.00098382, -0.00304167, -0.000308405, -0.00261473, -0.0041895, -0.00102972, 0.00145829, -0.000731765, -0.00227469, -0.00144072, -0.00338205, 0.00202719, -0.00153277, -0.00301009, -0.00177433, -0.00289084, -6.81915e-06, -0.00290718, -0.0015131, -0.000686129, -0.00298239, -9.1344e-05, -0.00152657, 0.000141727, -0.00131175, 0.000734053, -0.00158043, -0.00181243, -0.00269726, -0.00116728, 9.94738e-05, 0.000624959, 0.000124183, -0.00182099, -0.00233989, -0.000702848, -0.00362582, -0.00793865, -0.00951853, -0.00419244, -0.00904346, -0.0083892, -0.00378579, -0.0055821, -0.00992303, -0.00721178, -0.00810374, -0.00581113, -0.00675163, -0.0072837, -0.00522372, -0.00576328, -0.0050531, -0.000726847, -0.00413245, -0.00503741, -0.00751305, -0.00775832, -0.00561348, -0.00601873, -0.00460942, -0.0124062, -0.00651205, -0.00597674, -0.00852719, -0.00492778, -0.00472784, -0.00638232, -0.00925728, -0.00924969, -0.0022423, -0.00736152, -0.00924703, -0.00539413, -0.00576855, -0.00932974, -0.00559845, 3.19646e-05, -0.00636872, -0.00337293, -0.00828239, -0.0132372, -0.00582199, -0.00703695, -0.00479731, -0.00373163
# 3.45734e-06, 4.43344e-05, -0.000144071, 0.000396048, -3.51202e-05, -3.5041e-06, 4.12076e-05, 2.93037e-05, 1.98087e-05, 2.84998e-05, -5.98682e-07, 8.13862e-05, 5.24902e-05, -2.83973e-05, 0.000368837, 0.000288955, 0.000223324, 0.000468638, -0.000649271, 5.82404e-05, 0.000672129, -2.58562e-05, 3.88856e-05, 0.00028637, -0.000120394, 0.000459015, 0.000228172, 0.000509377, 7.68099e-05, 0.000185248, 0.000191542, 0.000526647, 0.000148508, -0.000239665, 0.000749871, -6.85701e-05, 0.000279273, 5.32175e-05, 0.000280616, -0.000586646, 0.000151345, 0.000230219, -0.000143305, 0.000313772, -0.000396132, 0.000337048, 0.000455471, 0.000489947, 0.000355667, 0.000263666, -6.92259e-05, 8.0338e-05, 0.000517396, 4.10423e-05, 0.000162708, 0.00028049, 0.000384993, -3.42654e-05, 9.09622e-05, -0.000202112, -7.83341e-05, 0.000730554, 0.000340559, 4.84922e-05, -0.000207515, -0.000701839, 0.000159002, 1.56469e-05, 0.00112738, -0.000160494, -0.000941314, 0.000713633, 0.00196979, -0.000345143, 0.000698001, -0.00177745, 0.000338093, -4.16464e-05, -0.000646885, -0.000256951, -0.000448847, -0.000449304, -0.000485315, 0.000746064, 0.000157931, 0.00130958, -0.000354691, -0.000396483, 0.000500753, 0.00151289, 0.000940447, -8.4376e-05, -0.000501175, -0.000285244, 0.000214308, -0.000511972, -0.00167808, -0.000718306, -7.91614e-05, -0.00107982, 0.000731226, -4.19183e-05, 0.000642952, 0.000238253, -1.47031e-05, 0.000111309, -0.000159566, 0.000676484, -3.64255e-06, 0.000313245, 0.000444553, -0.00112777, 0.000341082, -0.000604882
# 3.9882e-05, -0.00019483, 0.000193056, -3.51202e-05, 0.000471692, -2.71429e-05, 2.51571e-06, -8.86203e-06, 5.43083e-06, -5.28716e-05, 3.64426e-05, -8.0135e-05, 8.08823e-05, 0.00129058, -0.00042526, 0.000260997, -0.000156293, 5.23763e-05, 0.000197493, -6.33025e-05, 0.000246172, 6.53e-07, 0.000466955, -0.000507029, 0.000373382, -0.000564997, -0.00010809, 1.17043e-05, -0.000297566, -0.000752139, 0.000394784, -3.27062e-06, 0.000317252, -0.000219022, 0.000572633, -0.000114887, 3.30552e-05, -8.31471e-05, -0.000339295, -0.000179374, 0.000194144, -0.000679517, -0.000291519, 0.000234235, 0.000141581, -0.000239746, 0.000143745, 0.000103523, -0.000305791, 0.000226637, 0.000679475, 0.00100709, 0.000176673, 0.000404972, 0.000573851, -4.86291e-05, -0.00026635, 0.000342927, -0.000456831, 6.61624e-05, -0.000207004, -0.000169166, -0.00017575, 0.000374969, 0.0014172, -0.000413588, -0.000374043, -0.000395581, 0.000777035, -0.000676503, 0.000660658, 0.000829123, -0.000664833, 0.000290935, -0.00121871, 0.0014502, -0.000204914, -0.000553485, 1.63376e-05, -0.000407218, 0.000312953, 0.00163483, -0.00167271, 0.000283316, -5.58944e-05, 0.000836602, 0.000203938, -0.000471842, 0.000575771, 9.73167e-05, -0.000649181, 0.000921684, -0.000228506, -0.00145587, 0.000633036, 0.000487665, -0.00147194, 0.000740572, 0.000422152, 0.000154316, -0.00134121, -0.0012912, 0.000428208, 0.000102627, -0.000179065, -0.000104623, -6.50792e-05, -0.0015475, 0.00148129, -0.000629615, 0.0016698, 5.90195e-05, 0.000541769, 0.000734019
# -3.56103e-05, 9.21297e-05, 1.44743e-05, -3.5041e-06, -2.71429e-05, 0.000435541, -2.60412e-05, 2.37638e-05, -1.52645e-05, 5.04527e-05, -3.37115e-05, -5.05842e-05, -0.000242366, -0.000140024, -0.000429508, -8.30014e-05, 0.000422543, -0.000568881, 0.000126017, 7.50419e-05, -8.99257e-05, -0.000194482, -0.000123456, -0.000614014, -0.000888009, 0.000247366, -0.000345871, -0.000106018, 0.000128054, -0.000142955, -2.83813e-05, -0.000650304, 3.45639e-05, 0.000335085, -0.000172155, 0.000206813, 0.000259244, 0.000211831, 0.000795591, -0.000120546, 0.000692588, 8.13942e-05, -0.000250761, 0.000213894, -0.000148302, -0.00013802, -0.000400094, -0.000560298, 0.000222692, -0.00056263, -5.97326e-05, 0.000200941, -0.00031526, -0.000506674, -1.38247e-05, -6.85622e-06, -0.000204027, 0.000348518, 0.000200129, -0.000303376, -0.000151582, -0.000320262, -0.000601992, -0.000221893, -5.90286e-05, 0.000203747, -0.0015475, 0.000353626, -0.000443148, -0.000347631, -0.000354915, -0.000294496, 0.00106591, -0.000493822, 0.00186248, -0.000208404, 0.000398219, 0.00044603, 0.000158165, 0.000746035, -0.000321617, 0.000607048, 0.000300025, 0.00038891, -3.81097e-05, -0.000826354, -0.00123869, 0.000159023, -0.000243436, 0.000730035, -0.000110935, -0.000860857, 0.000367087, -0.000160491, -0.000938442, -0.000181323, -0.000608325, 0.000269132, 0.000235533, 0.00081045, 0.000696249, -0.00114575, 0.000799936, 0.00149743, -0.000600907, 0.000100083, 0.000698344, -0.000403952, -0.000690551, 4.37498e-05, -0.000429328, 0.000687319, 0.000328718, -0.00118853
# 3.58613e-05, -6.27309e-05, 7.15484e-05, 4.12076e-05, 2.51571e-06, -2.60412e-05, 0.000427592, -6.96161e-05, 5.28219e-06, -2.41786e-05, -1.34885e-05, -5.15646e-06, 0.000297477, -0.000903734, -0.000415607, 0.000261755, 3.94868e-05, 0.000235633, 0.000251995, 5.20736e-06, 0.000461918, 0.000245935, -0.000305011, 0.000642007, -0.00037493, -0.000522997, 0.000277569, 0.000334025, 0.000173055, -8.47654e-05, -0.000696048, -8.12346e-05, -0.000571447, -0.000118847, -0.000315235, -7.1128e-08, 0.000275912, -0.000220844, -0.000242537, 5.20591e-05, -0.000296937, 0.000267951, -0.000363501, 0.000618336, 5.8722e-05, -0.000281328, -0.000243699, 0.000169853, -1.90351e-05, 0.000191511, -1.60491e-05, -0.000147701, -0.000225245, -0.000446263, 0.000347471, 6.37708e-06, 1.49855e-05, -1.74696e-05, 0.000157441, 0.000129223, -0.00100204, 7.49375e-05, 0.000467716, -0.000356358, 0.000716073, -0.000797248, -0.000329803, -0.00119592, 0.000550972, -0.00055209, -0.00129731, -3.29252e-05, 0.000348887, 5.51539e-05, 0.000805829, -6.99969e-06, 0.000289474, -0.000434523, -0.000214343, 2.27238e-05, 0.00124634, -0.000524716, 0.000961715, 0.000458499, -0.000618923, -1.44149e-05, -0.00101836, 0.00119253, 0.000216907, -0.000405157, 0.0003125, 0.000138256, -0.000890142, 0.00098361, -0.000950142, -0.000791593, 0.000852146, -0.000820807, -0.000303798, -0.00107335, 0.000864032, 0.000868135, -0.000695255, 1.48209e-05, -0.001021, -0.000404073, 0.000864376, -0.000185179, -0.00117807, -0.000847687, 0.00100125, -0.000830529, -0.000462186, 0.00151997
# -3.85202e-05, 4.39071e-05, -0.000190773, 2.93037e-05, -8.86203e-06, 2.37638e-05, -6.96161e-05, 0.000418943, -3.34044e-06, 6.45083e-06, -2.34886e-05, 7.14176e-05, 0.000194829, 0.000841413, 9.62381e-05, -0.000201504, -3.53206e-05, 0.000513805, 3.13891e-05, 0.000878941, 6.5696e-05, -0.000136719, 0.000185174, -0.000309038, 0.000306941, 0.000702726, 9.72309e-05, 0.000106977, -7.68397e-05, 0.000415407, 0.000162936, 0.000112909, 0.000257418, 0.000107761, -0.000231909, 0.000335001, -0.000558714, -0.000354589, -0.000741321, -0.00038159, 0.00113569, 0.000639442, 0.00054365, 0.000381483, -0.000110842, 0.000676163, 1.27249e-05, -0.000312814, 0.000599466, 3.40332e-05, 0.000429283, -0.000223388, 0.000322224, 0.000625506, -0.000103037, 0.000118154, 6.72849e-05, 0.000251784, 0.000643915, 0.000503613, -3.57557e-05, -0.000174492, -0.000286713, 0.000735805, 0.000675196, 0.00108579, 0.000811888, 0.0009126, -0.000618904, -0.000366502, 0.00078563, 0.00152548, 0.00103414, -0.00044552, 0.000696543, 5.72375e-05, -0.000797492, 0.00124115, 8.27867e-05, -0.000423668, 0.000352977, 0.000210445, -0.000643268, 0.00108974, 0.00119967, 0.000411569, 0.000274765, -0.00010289, 0.00133848, 0.000278672, -0.00143787, -0.00260285, 5.71116e-05, -0.000298873, -0.00033781, -0.00075175, 0.000678778, 0.000949284, -0.000628303, 0.00119892, -0.000280705, -3.54744e-06, -0.000342656, -0.000628018, 0.000807847, 0.000236658, 9.90976e-05, 0.000283472, -0.000698405, 0.00107311, 0.000418665, 0.00224938, 0.00148423, -0.000206988
# -1.28447e-05, -0.000223097, 6.70706e-05, 1.98087e-05, 5.43083e-06, -1.52645e-05, 5.28219e-06, -3.34044e-06, 0.000535387, -1.32091e-05, 1.96311e-05, 7.06261e-05, 5.52591e-05, -0.000489838, 0.00120497, 0.000426709, 0.000264028, 0.00018361, -0.00015754, 0.00100669, -9.89113e-05, 0.000770744, 0.000292874, -0.00028284, 0.000579409, 0.000381694, 0.00051618, 0.000995758, 0.000194152, 0.000579386, 0.000545409, 5.34232e-05, 0.000638863, -0.000176203, 0.000215342, 0.000241652, 7.53059e-05, 0.000869991, -0.000252682, 0.000626309, -3.77579e-05, 0.000107929, 0.000529746, 0.000257625, -5.87573e-05, 0.000848486, 0.00115261, 0.00014071, 0.000114015, -8.28983e-05, -0.000505837, 0.000354759, 0.000258332, 0.000100082, 0.000397787, 7.00983e-05, 0.000131376, 0.000375644, -0.000292212, 0.000223583, 0.000452441, 0.000495564, 0.000256755, 0.000218002, -0.00235044, -0.000508002, -0.000705968, 0.000599866, 0.000705104, -0.0018521, -0.000718512, -0.000606159, 0.000620692, 0.0010028, -1.06147e-05, 0.000904158, -0.000980639, -0.000271089, -0.000278315, -0.0010645, -0.000591072, -0.000746734, -0.000143311, 0.00102105, -0.000259322, -0.00135211, -0.000374811, -0.000506974, -0.000919075, -9.36788e-05, -0.000767803, 0.000587962, -0.000578204, -0.00138483, 0.00029195, -0.00181652, -0.00058242, -0.000876305, 0.000583693, -0.00013076, 0.00124802, 0.00042992, 0.000270434, -0.0004562, 0.000578817, 0.00070079, -0.000706541, -0.00119047, 0.000785056, 0.000340872, -0.00052717, -0.000238196, 0.0002188, 6.96061e-05
# -5.44621e-05, 0.000235161, -0.000164355, 2.84998e-05, -5.28716e-05, 5.04527e-05, -2.41786e-05, 6.45083e-06, -1.32091e-05, 0.000441607, -6.73949e-05, -4.76296e-06, 0.000228008, -0.00106358, -0.000444669, -9.64689e-05, 0.000289453, -8.31211e-05, -0.000107612, -0.000433656, -0.000308109, -5.08867e-06, -0.000329639, 0.000168516, 0.000115033, 0.000768943, 9.85773e-05, 0.00034743, -0.000244926, -5.12705e-05, -0.000266591, -0.000352069, -7.10218e-05, 0.000367897, -0.000125559, 0.000722971, 0.000729773, -1.81619e-06, -0.00037367, 5.4895e-06, -0.000139378, 0.000354199, 0.000228375, -0.000239614, -0.000242544, 0.000421304, 0.000614553, -0.000492669, -3.06096e-05, -0.000570042, 0.000197982, -0.000351098, -0.000472141, -0.000712962, 9.79975e-05, -0.000415279, -0.000140209, -6.84593e-05, 9.85455e-05, -0.000545218, -8.08388e-06, -5.3359e-05, 5.39032e-05, -0.000384108, 0.000710974, -0.000809387, -0.000904863, 0.000415294, -0.000175828, 0.000567007, -0.00055291, -0.00103084, 0.000557513, -0.00035294, -0.000709745, -0.00253554, -0.000707692, -0.000985789, 0.00174112, -0.000484844, 0.000841585, -0.000294234, 0.000812282, -0.000270745, -0.000262331, -0.000619681, -0.00109909, -0.000515324, 0.00128253, -5.95846e-05, 0.000138195, 0.000713668, 0.000480628, -0.000583373, 0.000781698, -0.000228556, 0.000353365, 0.00110114, -0.000392949, 0.000779873, -0.00061949, 0.000214382, 0.0010284, 0.00152171, -0.000789968, 0.000174401, 0.00126778, -0.000372368, -0.000881844, 0.000596573, -0.0007578, -0.000366606, 0.00138766, -0.000315687
# 6.35207e-05, -0.00024442, 4.85416e-05, -5.98682e-07, 3.64426e-05, -3.37115e-05, -1.34885e-05, -2.34886e-05, 1.96311e-05, -6.73949e-05, 0.0004592, -0.000119788, -0.000405813, 0.000819683, -6.53014e-05, 0.000436255, -0.000128745, 0.000332768, 2.18099e-06, 0.000848023, 8.7238e-05, -0.000132045, -0.000111183, -0.000793462, 0.00022711, -0.000153935, 0.000943096, -0.000128233, 0.000272506, -6.276e-05, 0.000379379, 0.000650534, 0.000741863, -5.51524e-05, -0.000155067, -6.54132e-05, 0.000725552, 0.000142628, 0.000339644, -6.62919e-05, 0.000585329, 0.000185153, -0.000140299, 0.000270917, 2.05936e-05, -0.000298941, 0.000558435, 0.00010375, 0.000678933, 0.000205579, 1.06911e-05, -1.32825e-05, 9.18515e-05, 0.000291082, -0.000142684, 0.000337457, -4.98714e-05, 0.000313506, -0.000173366, 0.000318561, 0.000529394, 0.00045676, -0.000369596, 3.59004e-05, 0.000505215, 0.000290706, 0.000137452, 0.000278421, -0.000444284, -0.000712574, 0.000318815, 0.00127898, 0.000239396, 0.00182223, -0.000362758, 0.000767714, -0.000116545, -1.05754e-06, -5.35857e-05, 0.000267236, -0.0010108, 0.000717122, -0.000561177, 5.5671e-05, -9.5462e-05, -0.000104052, -0.000827095, -0.00130749, 0.000824067, 0.000229591, -0.000410489, 0.000768519, -0.000153585, -0.00158643, 0.000207596, -0.00122341, -0.00104518, 7.86652e-05, -0.0013073, -0.000104481, 0.00110846, -0.00036495, 0.000193341, -0.000395975, 0.00101426, -0.00100169, 0.000422172, -0.000647961, 0.000602744, 8.70805e-05, 0.000250212, -5.47496e-05, 0.000360387, 0.000274923
# -7.51293e-05, 0.00177988, 1.43564e-06, 8.13862e-05, -8.0135e-05, -5.05842e-05, -5.15646e-06, 7.14176e-05, 7.06261e-05, -4.76296e-06, -0.000119788, 0.0144842, 6.80357e-05, -0.0126551, 0.0058411, -0.00177003, 0.00645043, 0.00126882, -0.010409, -0.00518141, 0.014347, 0.0154292, 0.0293226, -0.00268787, 0.00901933, -0.00580695, -0.00516753, 0.00918485, -0.0092952, -0.0030448, -0.0021057, 0.0115467, -0.00942749, 0.00110861, 0.00973504, 0.0130734, -0.013934, -0.0170789, -0.0148092, -0.00677995, -0.00833363, -0.00250306, -0.0147476, -0.00589924, 3.8367e-05, -0.0161184, -0.0193847, 0.00037587, 0.000487517, 0.00575877, -0.00859503, -0.00453537, 0.00782185, 0.00701056, 0.00055097, 0.000201876, -0.0118443, -0.0048362, 0.00180631, 0.00184383, 0.000487339, 0.00325109, 0.00483407, 0.00208582, -0.00681703, -0.00202181, -0.00533889, -0.000209108, 0.00239006, -0.00187096, 0.000503013, -0.00806492, -0.0138352, -0.00329744, -0.000374259, -0.00514137, -0.00157808, 0.00153321, -0.00100476, -0.00250052, 0.000459858, -0.00281607, -0.0090649, -0.000146389, 0.00256812, -0.0015358, 0.00139462, -0.00542694, -0.00403071, 0.00159737, 0.00300243, -0.000520012, 0.00349799, -0.00408676, 0.00282651, 0.0019789, -0.00941229, -0.00595029, -0.000772203, -0.00859972, 0.000862008, 0.000807944, -0.00082064, -0.00383962, -0.00801728, -0.00338722, 0.000921803, 0.012067, -0.00314405, 0.0018015, 0.00549908, -0.0055616, -0.00485172, 0.00167486
# 0.000106093, 0.00109558, -0.00042316, 5.24902e-05, 8.08823e-05, -0.000242366, 0.000297477, 0.000194829, 5.52591e-05, 0.000228008, -0.000405813, 6.80357e-05, 0.0373439, -0.0205717, -0.00786938, 0.00254911, -0.00263014, -0.0050365, -5.18649e-06, -0.00989755, -0.0125181, 0.00868123, 0.00880856, -0.00375881, 0.00526921, -0.0032439, -0.00691661, 0.00967636, -0.00845794, 0.00376805, -0.00323653, -0.0115369, -0.0111588, -0.00332428, -0.00294609, 0.0109482, -0.00271155, -0.0103756, -0.00745976, -0.000376353, -0.012826, 0.00707533, -0.00125664, -0.00376481, 0.00153842, -0.000455204, 0.020219, 0.00348132, 0.0011631, 0.00694972, -0.00656785, -0.0114586, -0.00599185, -0.000333308, 0.00661766, 0.00385341, -0.00122813, 0.00511018, -0.00672836, -0.0010501, -0.00592263, 0.00113916, 0.0115376, -0.012236, 0.00454577, 0.00577373, 0.00200753, -0.000625637, 0.000445102, -0.0109806, -0.00175072, -0.00667531, 0.0190002, 0.010438, 0.00673812, -0.00718046, 0.0130125, 0.0102821, -0.00144084, -0.0110959, -0.00340692, -0.0102932, 0.0223713, -0.00824566, -0.00402035, -0.000518767, 0.00432716, 0.0176515, 0.00900274, -0.00404301, -0.00140254, 0.00295098, 0.00782203, -0.00307464, 0.0107344, 0.00804276, -0.0143499, -0.000410351, -0.00203028, -0.00747383, 0.00192141, 0.00343389, -0.00243759, -0.00216459, 0.00413239, 0.00476845, -0.00912827, -0.00703161, 0.000939915, 0.00699495, 0.0041753, -0.00144434, 0.00952263, 0.00348368
# 0.00100699, -0.006014, 0.00513653, -2.83973e-05, 0.00129058, -0.000140024, -0.000903734, 0.000841413, -0.000489838, -0.00106358, 0.000819683, -0.0126551, -0.0205717, 0.190866, 0.00984449, -0.00386279, 0.00124825, 0.00691082, 0.0103781, 0.0288948, 0.0249421, -0.0153904, -0.0170278, 0.017269, -0.00748025, 0.00585764, 0.00737371, -0.0208831, 0.0142156, -0.00845784, 0.00765926, 0.0218844, -0.00879629, 0.00539452, 0.00700007, -0.0132389, 0.00800501, 0.007758, 0.00853596, 0.00923049, 0.0156532, -0.00831612, -0.0143187, 0.00888353, 0.00216792, 0.0197707, -0.0267245, 0.00934822, 0.00328144, -0.00161319, 0.00364473, 0.0213781, 0.0170322, 0.00574832, -0.0129925, -0.00439986, 0.00716051, -0.0143149, 0.0188101, 0.0119714, 0.0206621, -0.00538503, -0.0144686, 0.0340726, 0.0279804, 0.00121941, 0.0359132, 0.00603326, -0.0486972, -0.0441742, 0.0657975, 0.0807165, 0.10442, -0.0579004, 0.0456799, -0.00587648, -0.0300255, 0.0733981, -0.0393458, -0.0175835, 0.00232797, 0.0496393, -0.0494308, 0.00489065, 0.0498613, 0.0406742, -0.0687122, -0.0512009, -0.0456743, -0.0272986, -0.00120183, -0.0171588, -0.0263284, -0.0342397, 0.00241364, -0.0847165, -0.036621, -0.0228625, 0.00329118, 0.0287134, -0.0266093, -0.0169612, 0.0212672, 0.0341852, 0.0199982, 0.0155941, -0.0533263, 0.0296189, -0.0203115, 0.00408976, 0.0162192, 0.0324903, 0.0334865, -0.0147458
# -0.000281887, -0.0149244, -0.00199288, 0.000368837, -0.00042526, -0.000429508, -0.000415607, 9.62381e-05, 0.00120497, -0.000444669, -6.53014e-05, 0.0058411, -0.00786938, 0.00984449, 0.100349, 0.0277905, 0.0253477, 0.0289785, 0.0250892, 0.0280978, 0.0343187, 0.0265726, 0.031517, 0.0263681, 0.028439, 0.0264835, 0.021673, 0.0270137, 0.023605, 0.021814, 0.0210823, 0.0323981, 0.0183423, 0.0224686, 0.0282731, 0.0345995, 0.0149975, 0.0164685, 0.00748451, 0.016545, 0.0132109, 0.0167753, 0.0240515, 0.0235755, 0.0225674, 0.0119141, 0.0034428, 0.0281764, 0.02813, 0.0227792, 0.0128601, 0.0279997, 0.0302896, 0.0195752, 0.021049, 0.0119105, 0.0199764, 0.0181332, 0.0297764, 0.0281187, 0.0194542, 0.0260735, 0.0316714, 0.0333054, -0.139432, 0.00156196, 0.00450275, -0.00260296, -0.0041743, 0.00447189, 0.00946439, -0.00288563, 0.00510789, -0.000291611, 0.00300419, 0.00812987, 0.00947535, 0.00387967, -0.00596962, -0.00199595, 0.00585374, 0.00841233, 0.00688575, 0.0089197, 0.00519681, -0.0024504, -0.00314925, 0.000401613, 0.00258734, 0.010831, 0.0249844, 0.00689036, 0.00992722, -0.0089317, 0.0183001, 0.00407265, 0.0233748, -0.00432826, -0.0036132, -0.00940547, 0.0117116, 0.00876678, 0.00012235, 0.0116144, 0.0133938, 0.00816821, -0.000873415, 0.014136, -0.00637947, 0.00264142, 0.00694907, -0.00371286, -0.0138314, -0.0159274
# -0.000329981, -0.0132963, -0.000628403, 0.000288955, 0.000260997, -8.30014e-05, 0.000261755, -0.000201504, 0.000426709, -9.64689e-05, 0.000436255, -0.00177003, 0.00254911, -0.00386279, 0.0277905, 0.103373, 0.0138024, 0.0263011, 0.0203734, 0.0163787, 0.0205288, 0.0116498, 0.01788, 0.0151206, 0.0183704, 0.0222966, 0.0156338, 0.0187908, 0.0193646, 0.0216441, 0.0224947, 0.0149062, 0.0198858, 0.0148836, 0.0224461, 0.0103233, 0.0187608, 0.0193503, 0.019591, 0.023943, 0.0213028, 0.0205308, 0.0253311, 0.0261312, 0.0207978, 0.0205984, 0.0264274, 0.0263966, 0.0231062, 0.0119548, 0.0202457, 0.0225979, 0.0168837, 0.0118429, 0.0298229, 0.01494, 0.0274751, 0.0263317, 0.0195798, 0.0150743, 0.0161392, 0.0216345, 0.0191806, 0.0195872, -0.0147828, -0.127698, 0.00735219, -0.0204262, 0.00608361, 0.00787092, 0.00309396, 0.00246045, -0.0102898, 0.0254755, 0.00932594, 0.0147508, 0.024438, 0.00117049, 0.01428, -0.0130968, -0.00351816, -0.00109952, -0.00428998, 0.00781056, -0.0106813, -0.00465549, 0.00938983, 0.00195697, -0.0126253, 0.00759509, -0.00584827, 0.00368687, -0.0108189, -0.0272442, 0.0052862, 0.00142418, -0.00794582, -0.0118603, 0.00369783, -0.0038003, -0.0106319, 0.0147133, -0.00387613, 0.00993338, 0.00456233, 0.0140473, -0.00100208, -0.0230251, 0.00631078, 0.006585, -0.00838616, -0.00677593, 0.00370898, -0.00293899
# -0.000237006, -0.0118742, 0.000132934, 0.000223324, -0.000156293, 0.000422543, 3.94868e-05, -3.53206e-05, 0.000264028, 0.000289453, -0.000128745, 0.00645043, -0.00263014, 0.00124825, 0.0253477, 0.0138024, 0.093518, 0.0190217, 0.017616, 0.0227676, 0.0291656, 0.026938, 0.0286276, 0.0244674, 0.0236521, 0.0102767, 0.0255768, 0.0215577, 0.0120137, 0.0148872, 0.0208192, 0.0265893, 0.0110243, 0.0165389, 0.0310447, 0.0262863, 0.00691445, 0.016363, 0.000365026, 0.0236705, 0.0180839, 0.0208758, 0.00956586, 0.00955574, 0.0278397, 0.00877182, -0.00354742, 0.0252913, 0.0119206, 0.017318, 0.0158193, 0.0162601, 0.022414, 0.0193589, 0.0125216, 0.0182911, 0.0105638, 0.0123785, 0.0250635, 0.0253623, 0.0127772, 0.0230062, 0.016283, 0.0236268, -0.00776647, 0.0119557, -0.130106, 0.0111894, 0.000181944, -0.0142675, 0.000116414, -0.0204362, 0.0059888, -0.0161851, -0.000267227, 0.0136649, -0.0180266, 0.00496829, 0.00240065, -0.00543062, 0.000659351, -0.00329106, 0.00865968, 0.013031, -0.00751784, -0.0088722, 0.0065483, -0.00172699, 0.0198174, -0.0125086, -0.00164481, -0.00548774, -0.00610731, 0.00206755, -0.0114818, -0.0134589, 0.00344264, -0.0284274, 0.0142895, 0.000155591, -0.0135521, 0.00532011, 0.0105809, 0.0030601, 0.00404835, -0.0123506, 0.00623172, 0.00967923, -0.00779158, -0.00904115, 0.0107185, -0.0181034, 0.00952333, -0.0146
# 0.000944776, -0.0124877, -0.00206943, 0.000468638, 5.23763e-05, -0.000568881, 0.000235633, 0.000513805, 0.00018361, -8.31211e-05, 0.000332768, 0.00126882, -0.0050365, 0.00691082, 0.0289785, 0.0263011, 0.0190217, 0.103376, 0.021648, 0.0236163, 0.0260537, 0.0176123, 0.0202826, 0.00975273, 0.018231, 0.0145001, 0.0165725, 0.014191, 0.0221948, 0.0188517, 0.0214773, 0.0241494, 0.00498687, 0.0178937, 0.0172866, 0.0207056, 0.0275925, 0.00782974, 0.00765161, 0.0133372, 0.01218, 0.013794, 0.00712645, 0.0128665, 0.0230242, 0.0243191, 0.00869765, 0.0210523, 0.0255439, 0.0101666, 0.0187105, 0.0165871, 0.0203309, 0.0196282, 0.0189252, 0.0146628, 0.0222033, 0.0226436, 0.0219192, 0.0169926, 0.0125201, 0.0199648, 0.0197583, 0.0183401, 0.00922091, 0.00830335, -0.0033355, -0.127007, 0.0026271, 0.00338368, 0.00636196, 0.00164987, 0.00368776, 0.0283327, 0.00400575, -0.00234726, 0.0107657, 0.0143792, 0.0010717, 0.00413183, -0.00985133, -0.0044389, 0.0271118, 0.0089355, 0.0068852, -0.0058022, -0.0234049, 0.0103753, 0.0156735, -0.00535831, 0.0181403, -0.00164136, 0.0171004, 0.0126601, -0.00392778, -0.00780257, 0.00501286, -0.0122006, 0.0029856, 0.0117727, 0.0057333, -0.00814675, 0.00685314, 0.0134389, 0.00234005, 0.0134325, -0.00359369, -0.017623, 0.0203765, 0.0081808, 0.0120633, 0.00931114, -0.00629447, 0.00972092
# 0.000751952, -0.0171492, -0.0013553, -0.000649271, 0.000197493, 0.000126017, 0.000251995, 3.13891e-05, -0.00015754, -0.000107612, 2.18099e-06, -0.010409, -5.18649e-06, 0.0103781, 0.0250892, 0.0203734, 0.017616, 0.021648, 0.108836, 0.0286074, 0.0144519, 0.0170409, 0.00251243, 0.0306185, 0.0171212, 0.029114, 0.0328365, 0.012348, 0.0292245, 0.0266364, 0.0306177, 0.0170468, 0.0284492, 0.0124603, 0.0133543, 0.0152487, 0.0211386, 0.0378577, 0.0334479, 0.0321187, 0.0231162, 0.0277358, 0.0311235, 0.0267376, 0.0281151, 0.036853, 0.04195, 0.0236984, 0.0141513, 0.0180543, 0.0219742, 0.0255774, 0.0276293, 0.0218595, 0.0168242, 0.0168982, 0.0272228, 0.0266023, 0.0298915, 0.0274273, 0.0187289, 0.0223678, 0.015544, 0.0280267, -0.00608514, 0.0183953, 0.000257372, -0.00427957, -0.109302, 0.0179358, 0.00552577, -0.00250684, 0.00422583, 0.00369932, 0.00564219, 0.0112519, -0.00942253, -0.00117347, 0.00132684, -0.00394102, 0.01011, -0.00423, 0.0180947, 0.0177882, 0.0140249, 0.00396624, 0.000820037, 0.0141224, 0.0105012, -0.0120279, 0.0126093, 0.00743088, 0.00354586, 0.0107388, -0.000558131, 0.000369012, 0.0110797, 0.000821389, 0.0157049, 0.00860453, 0.0206096, 0.00323086, -0.0254546, -0.0128951, 0.0253516, -0.000701095, -0.00293993, -0.0180792, -0.0193838, -0.0027485, 0.0108166, 0.00300007, 0.0214633, -0.0220355
# 8.15878e-05, -0.0146246, -0.000433632, 5.82404e-05, -6.33025e-05, 7.50419e-05, 5.20736e-06, 0.000878941, 0.00100669, -0.000433656, 0.000848023, -0.00518141, -0.00989755, 0.0288948, 0.0280978, 0.0163787, 0.0227676, 0.0236163, 0.0286074, 0.123258, 0.0168398, 0.00950203, 0.00266883, 0.0222929, 0.0243553, 0.0164296, 0.0289371, 0.0113005, 0.0230673, 0.0262365, 0.0158037, 0.0212094, 0.015789, 0.0121145, 0.0179673, 0.0149731, 0.0259223, 0.0346051, 0.022899, 0.0264883, 0.0287559, 0.0195642, 0.0199486, 0.0259105, 0.0289375, 0.0319773, 0.023271, 0.0236228, 0.0178934, 0.0150913, 0.0256726, 0.0282744, 0.0280393, 0.0193049, 0.0196141, 0.0198686, 0.028927, 0.0139931, 0.0220394, 0.0225358, 0.0120409, 0.0185685, 0.0106006, 0.0221936, 0.00789769, 0.0148954, 0.00267952, 0.00565933, -0.0069585, -0.158636, 0.00906436, 0.0183145, 0.0283258, -0.00408525, -0.00795475, 0.0270139, 0.0169939, 0.0135725, 0.00730567, -0.0132472, 0.00877566, 0.0210589, -0.00381833, 0.01704, 0.0014667, 0.00333663, -0.0201354, -0.0158174, -0.00372652, -0.0176239, 0.0044592, -0.00914729, -0.0115515, -0.021949, -0.0248527, -0.0402072, 0.00257426, -0.00384227, 0.000359144, 0.0140546, -0.0147042, -0.0221592, -0.00820982, -0.00433146, 0.00542102, 0.00705189, -0.0102448, 0.0161374, 0.0152099, -0.00037188, 0.0146246, 0.00846164, 0.00699532, 0.00739594
# 4.5469e-05, -0.013063, -0.000423606, 0.000672129, 0.000246172, -8.99257e-05, 0.000461918, 6.5696e-05, -9.89113e-05, -0.000308109, 8.7238e-05, 0.014347, -0.0125181, 0.0249421, 0.0343187, 0.0205288, 0.0291656, 0.0260537, 0.0144519, 0.0168398, 0.110042, 0.0314936, 0.0492381, 0.0280295, 0.0292078, 0.010164, 0.0185248, 0.0185616, 0.0167552, 0.0196994, 0.020088, 0.0459511, 0.0029917, 0.0211741, 0.0405827, 0.0280006, 0.0131196, 0.00487463, -0.00615596, 0.0138391, 0.0155681, 0.017426, -8.63193e-05, 0.0163279, 0.024138, -0.00482149, -0.00392532, 0.0233477, 0.0286419, 0.0217926, 0.0110219, 0.0204183, 0.0395, 0.0320416, 0.0134136, 0.0153714, 0.00915205, 0.00748211, 0.0308707, 0.0296175, 0.0172022, 0.0239613, 0.0264134, 0.0293067, -0.0109792, -0.00517957, -0.00439958, -0.00767285, -0.00867292, 0.00282726, -0.0875063, 0.00823493, 0.00523561, -0.0219299, 0.0144758, 0.000758027, 0.00445709, 0.038983, -0.0230128, -0.0190727, 0.00685793, 0.00633463, -0.0244227, 0.0180302, -0.00359741, -0.00415397, -0.0190589, -0.0241889, -0.0202759, -0.00167005, 0.0103355, -0.00763638, -0.0124506, -0.004352, -0.00667607, -0.00237219, -0.0139832, -0.0140258, -0.00693257, -0.0143377, 0.0125825, -0.00119006, -0.011652, 0.0059513, 0.00601531, 0.0133268, -0.0244408, 0.0328655, -0.0156174, -0.00891422, 0.0112887, -0.0113214, 0.000228526, -0.0131033
# 0.000121975, -0.0112731, -0.000444627, -2.58562e-05, 6.53e-07, -0.000194482, 0.000245935, -0.000136719, 0.000770744, -5.08867e-06, -0.000132045, 0.0154292, 0.00868123, -0.0153904, 0.0265726, 0.0116498, 0.026938, 0.0176123, 0.0170409, 0.00950203, 0.0314936, 0.0989905, 0.0516677, 0.0145527, 0.0295075, 0.0154316, 0.0143911, 0.0263248, 0.00484187, 0.00480449, 0.0151982, 0.0315152, -0.00352618, 0.0148371, 0.0277047, 0.0399086, -0.00240518, -0.00366511, -0.0025907, 0.0121347, 0.0026231, 0.0161935, -0.00685389, 0.0102842, 0.0169205, -0.00349766, 0.000781381, 0.0223688, 0.0138424, 0.0262747, -0.000212, 0.00908222, 0.0221186, 0.0237386, 0.0193, 0.0175422, 0.00580558, 0.0179967, 0.0124709, 0.0220646, 0.0171915, 0.0190038, 0.0294168, 0.0185071, -0.0030325, 0.00951598, -0.0121521, 0.0116094, -0.0185478, -0.00709756, -0.000865182, -0.125978, -0.00748136, 0.00750697, 0.00789992, -0.0031928, -0.000533791, 0.00697152, 0.00661875, 0.00326397, -0.000179174, -0.00934294, 0.0233265, -0.0035374, -0.00268009, -0.0207593, 0.0158601, -0.0172919, 0.00456398, 0.00845422, 0.0220492, 0.00951281, 0.0235677, 0.00101209, 0.0142096, 0.0157001, -0.00436093, -0.00765469, 0.00324903, -0.0207551, 0.0161493, 0.0013998, -0.00666639, 0.000686292, -0.0109401, 0.00694064, -0.00404419, -0.00695729, 0.00016878, 0.00734404, -0.0022758, -0.00209176, -0.00839997, -0.00523402
# 0.000713879, -0.00996926, 0.000239847, 3.88856e-05, 0.000466955, -0.000123456, -0.000305011, 0.000185174, 0.000292874, -0.000329639, -0.000111183, 0.0293226, 0.00880856, -0.0170278, 0.031517, 0.01788, 0.0286276, 0.0202826, 0.00251243, 0.00266883, 0.0492381, 0.0516677, 0.127337, 0.00789513, 0.0387192, 0.00213148, 0.00717352, 0.0366883, -0.00366834, 0.0104701, 0.0185663, 0.0377383, -0.0225566, 0.018344, 0.0385166, 0.0541823, -0.011629, -0.0198992, -0.00771376, 0.00690059, -0.00533372, 0.0169633, -0.0147929, 0.0123841, 0.0216472, -0.0140858, -0.0240249, 0.0176349, 0.0231647, 0.0272918, -0.00620282, 0.00972964, 0.0349163, 0.0366395, 0.0221729, 0.0150799, -0.00608315, 0.00492443, 0.0241925, 0.0240852, 0.0207417, 0.0227256, 0.0341286, 0.0252975, -0.00892352, -0.00107048, -0.00152643, 0.00685032, -0.0152457, -0.00361625, 0.00932634, -0.0190008, -0.0929532, 0.00922283, 0.00115961, -0.00183269, 0.00406173, 0.0181775, 0.00510059, -0.00949652, 0.00279849, 0.00853088, -0.00566788, 0.00626604, 0.00916821, -0.0141478, -0.00542228, -0.0221366, -0.0221049, -0.00246848, 0.00986544, -0.00820466, 0.00932697, -0.0157348, 0.0126861, -0.00724062, -0.014936, -0.00530561, -0.012841, -0.0215271, 0.0116733, 0.00697706, 0.00753757, -0.0140431, -0.0112746, 0.00498896, 0.00589932, 0.0160988, -0.0055513, 0.00610913, 0.00628446, -0.00429234, -0.0121793, 0.00303787
# -0.000458229, -0.0137883, -0.000593954, 0.00028637, -0.000507029, -0.000614014, 0.000642007, -0.000309038, -0.00028284, 0.000168516, -0.000793462, -0.00268787, -0.00375881, 0.017269, 0.0263681, 0.0151206, 0.0244674, 0.00975273, 0.0306185, 0.0222929, 0.0280295, 0.0145527, 0.00789513, 0.12845, 0.0208023, 0.0258023, 0.0221495, 0.0134996, 0.0182091, 0.0171835, 0.0147739, 0.019528, 0.0201073, 0.0136375, 0.0139638, 0.0233069, 0.0181571, 0.0247025, 0.0214379, 0.0259056, 0.0264438, 0.0197375, 0.0205054, 0.0300514, 0.0209961, 0.0201738, 0.0295591, 0.0258461, 0.0237668, 0.0101286, 0.0118056, 0.0175546, 0.0245608, 0.0127005, 0.0132263, 0.0195664, 0.0244358, 0.00189729, 0.026245, 0.0246633, 0.0185552, 0.0205815, 0.0221666, 0.032837, -0.00713697, 0.00653372, -0.00460804, 0.0108332, -0.015001, 0.00249532, 0.0119133, 0.002056, 0.0281427, -0.180344, -5.85294e-06, 0.00565403, -0.0092446, 0.0114157, -0.00683717, 0.000614974, 0.0284867, 0.0101688, -0.0106287, 0.0137305, 0.00992735, 0.000311122, 0.00692962, 0.0211075, -0.0282876, -0.0131622, -0.000862433, 0.0154016, 0.00126838, -0.00169639, 0.00404104, -0.00712184, -0.00934722, -0.0171969, 0.00264998, 0.00713546, 0.0171857, 0.0155097, -0.0109727, -0.000751947, 0.0104202, 0.00612013, -0.00447768, 0.0359982, -0.000707143, -0.0135441, 0.00765949, -0.0149645, 0.00202705, -0.0161965
# 0.00023374, -0.0125833, 0.000152411, -0.000120394, 0.000373382, -0.000888009, -0.00037493, 0.000306941, 0.000579409, 0.000115033, 0.00022711, 0.00901933, 0.00526921, -0.00748025, 0.028439, 0.0183704, 0.0236521, 0.018231, 0.0171212, 0.0243553, 0.0292078, 0.0295075, 0.0387192, 0.0208023, 0.094163, 0.0213159, 0.0175973, 0.0282939, 0.0059918, 0.026451, 0.0191754, 0.029384, -0.000309876, 0.0141366, 0.022512, 0.0330326, 0.00444949, 0.00850669, -0.00166381, 0.0173727, 0.00262672, 0.0146524, 0.0109791, 0.0213216, 0.0250457, 0.00600825, 0.015171, 0.0171343, 0.0209335, 0.0247301, 0.00647762, 0.0174847, 0.0341596, 0.0272425, 0.0230986, 0.0221337, 0.009337, 0.0152039, 0.0172749, 0.027694, 0.0163496, 0.0258617, 0.0238277, 0.0245827, -0.0110816, 0.000834643, 0.000870373, -0.00063017, -0.0127882, -0.0192651, -0.00264818, -0.00401367, 0.00702627, 0.00525676, -0.124651, -0.00234051, 0.000184424, -0.0033307, 0.0113191, -0.0230901, 0.00588511, -0.00538723, 0.0059438, 0.0233071, 0.00399142, -0.00895071, 0.00425569, 0.00381494, -0.00397965, -0.0189065, 0.0191571, 0.0191145, -0.00866718, -0.00313423, 0.0105201, -0.00109876, -0.00032902, 0.000337351, -0.00916041, -0.014487, -0.00162399, -0.00604889, -0.0184323, -0.0126283, 0.00169333, 0.0156958, -0.0123543, 0.00432357, 0.00119888, -0.00599804, 0.00726455, -0.00660377, 0.00731736, -0.0126977
# 0.000402438, -0.0126756, -0.00317147, 0.000459015, -0.000564997, 0.000247366, -0.000522997, 0.000702726, 0.000381694, 0.000768943, -0.000153935, -0.00580695, -0.0032439, 0.00585764, 0.0264835, 0.0222966, 0.0102767, 0.0145001, 0.029114, 0.0164296, 0.010164, 0.0154316, 0.00213148, 0.0258023, 0.0213159, 0.125708, 0.0193414, 0.0146682, 0.0238776, 0.0210932, 0.0216145, 0.0133132, 0.017337, 0.0220304, 0.0104987, 0.0162837, 0.0145538, 0.0224381, 0.0201388, 0.0217682, 0.0286223, 0.0216908, 0.0251069, 0.0391215, 0.0182818, 0.0332808, 0.0322412, 0.0142743, 0.013983, 0.0162885, 0.0222358, 0.0184535, 0.0257784, 0.0115815, 0.0120135, 0.0135866, 0.0184065, 0.0211269, 0.0205558, 0.0288776, 0.0182168, 0.0253522, 0.0224572, 0.0224533, -0.00539055, -0.00260555, 0.00971295, 0.00976949, -0.00138696, 0.0237758, 0.00321106, 0.00499513, 0.0257789, 0.00198127, 0.00155825, -0.172377, 0.0102983, -0.0015335, 0.0107614, -0.00617655, -0.00548188, 0.00887867, 0.0237531, 0.00527886, -0.000774458, -0.00205751, 0.0061945, 0.00768822, 0.00112793, -0.00519407, 0.0168881, 0.00841558, 0.00951544, -0.0130387, -0.000272131, -0.0194324, 0.0022895, 0.00978433, 0.0121161, 0.0100224, 0.00808063, 0.0152692, -0.00949079, 0.00550345, 0.00765723, 0.017677, 0.012094, -0.0149604, 0.0100827, -0.00806253, 0.00153073, -0.00311521, -0.00127539, -0.00994396
